361
0 139
1 0
2 1
3 144
4 324
5 0
6 358
7 312
8 358
9 179
10 179
11 1
12 179
13 0
14 144
15 48
16 229
17 144
18 0
19 0
20 73
21 1
22 1
23 358
24 229
25 291
26 206
27 1
28 179
29 0
30 2
31 0
32 0
33 0
34 1
35 179
36 358
37 144
38 279
39 291
40 179
41 358
42 327
43 179
44 0
45 0
46 144
47 3
48 4
49 327
50 0
51 5
52 0
53 144
54 327
55 327
56 144
57 1
58 144
59 179
60 144
61 0
62 327
63 358
64 179
65 0
66 136
67 1
68 358
69 229
70 0
71 0
72 179
73 358
74 327
75 160
76 229
77 179
78 336
79 179
80 0
81 0
82 327
83 179
84 179
85 6
86 7
87 144
88 0
89 179
90 0
91 8
92 144
93 179
94 179
95 9
96 10
97 11
98 358
99 12
100 0
101 0
102 0
103 179
104 144
105 0
106 179
107 358
108 0
109 13
110 358
111 229
112 179
113 144
114 1
115 327
116 358
117 229
118 358
119 144
120 0
121 0
122 0
123 179
124 0
125 1
126 179
127 179
128 14
129 179
130 179
131 179
132 179
133 179
134 327
135 0
136 338
137 179
138 179
139 179
140 309
141 334
142 358
143 179
144 0
145 179
146 327
147 179
148 0
149 270
150 15
151 242
152 1
153 1
154 16
155 179
156 17
157 18
158 296
159 265
160 0
161 144
162 0
163 19
164 0
165 0
166 0
167 358
168 0
169 179
170 179
171 229
172 327
173 144
174 358
175 144
176 19
177 144
178 179
179 179
180 327
181 358
182 1
183 179
184 20
185 358
186 179
187 179
188 327
189 144
190 179
191 179
192 7
193 0
194 179
195 0
196 179
197 60
198 21
199 179
200 327
201 179
202 0
203 0
204 327
205 0
206 179
207 0
208 0
209 257
210 87
211 1
212 1
213 1
214 144
215 144
216 179
217 0
218 22
219 144
220 0
221 0
222 327
223 358
224 128
225 144
226 327
227 1
228 0
229 179
230 229
231 327
232 144
233 23
234 327
235 358
236 358
237 179
238 24
239 25
240 229
241 179
242 179
243 179
244 179
245 0
246 179
247 1
248 0
249 0
250 0
251 26
252 307
253 185
254 27
255 358
256 358
257 358
258 144
259 0
260 0
261 0
262 0
263 144
264 268
265 122
266 179
267 0
268 327
269 179
270 0
271 144
272 28
273 74
274 355
275 358
276 179
277 0
278 229
279 0
280 0
281 179
282 179
283 0
284 0
285 1
286 29
287 327
288 0
289 229
290 0
291 179
292 1
293 0
294 144
295 1
296 323
297 0
298 148
299 30
300 202
301 307
302 1
303 327
304 0
305 140
306 0
307 0
308 1
309 1
310 0
311 0
312 229
313 358
314 179
315 31
316 179
317 32
318 358
319 355
320 0
321 1
322 27
323 33
324 230
325 144
326 0
327 179
328 358
329 179
330 34
331 0
332 327
333 327
334 179
335 358
336 179
337 358
338 144
339 179
340 179
341 0
342 0
343 179
344 35
345 179
346 1
347 3
348 0
349 0
350 179
351 0
352 144
353 1
354 144
355 154
356 358
357 179
358 179
359 179
360 358
361 179
362 179
363 144
364 179
365 0
366 0
367 0
368 36
369 1
370 179
371 179
372 0
373 12
374 0
375 179
376 0
377 37
378 179
379 0
380 1
381 179
382 144
383 0
384 38
385 179
386 156
387 332
388 39
389 0
390 216
391 358
392 80
393 179
394 1
395 179
396 0
397 0
398 40
399 179
400 1
401 0
402 52
403 179
404 144
405 179
406 30
407 179
408 179
409 0
410 179
411 358
412 358
413 179
414 179
415 358
416 229
417 327
418 179
419 41
420 42
421 120
422 143
423 43
424 21
425 358
426 144
427 179
428 336
429 179
430 229
431 0
432 179
433 229
434 179
435 179
436 327
437 179
438 336
439 0
440 0
441 358
442 44
443 358
444 0
445 179
446 310
447 310
448 45
449 179
450 327
451 204
452 46
453 144
454 179
455 0
456 47
457 179
458 0
459 179
460 48
461 327
462 8
463 229
464 179
465 144
466 327
467 0
468 148
469 348
470 233
471 49
472 50
473 179
474 1
475 345
476 179
477 1
478 0
479 0
480 358
481 144
482 146
483 179
484 0
485 358
486 327
487 144
488 327
489 179
490 51
491 327
492 179
493 179
494 1
495 179
496 144
497 327
498 52
499 327
500 0
501 144
502 0
503 247
504 53
505 179
506 179
507 0
508 179
509 0
510 179
511 144
512 54
513 1
514 327
515 1
516 0
517 327
518 179
519 1
520 0
521 1
522 327
523 358
524 55
525 1
526 0
527 179
528 56
529 0
530 0
531 358
532 229
533 105
534 144
535 144
536 57
537 0
538 0
539 12
540 0
541 179
542 229
543 27
544 179
545 27
546 58
547 0
548 179
549 358
550 341
551 179
552 358
553 59
554 1
555 358
556 0
557 358
558 179
559 358
560 60
561 1
562 179
563 181
564 179
565 61
566 327
567 358
568 179
569 0
570 179
571 249
572 62
573 0
574 327
575 179
576 0
577 0
578 327
579 179
580 144
581 358
582 0
583 1
584 0
585 327
586 0
587 175
588 179
589 0
590 144
591 1
592 0
593 179
594 358
595 277
596 179
597 358
598 179
599 1
600 179
601 63
602 179
603 234
604 144
605 327
606 0
607 0
608 0
609 144
610 229
611 1
612 0
613 229
614 179
615 144
616 0
617 0
618 179
619 144
620 64
621 179
622 179
623 280
624 0
625 0
626 328
627 1
628 144
629 229
630 267
631 300
632 291
633 1
634 0
635 327
636 179
637 179
638 179
639 327
640 0
641 179
642 65
643 327
644 327
645 0
646 66
647 22
648 179
649 289
650 67
651 327
652 124
653 179
654 247
655 327
656 358
657 68
658 179
659 358
660 69
661 179
662 27
663 327
664 327
665 144
666 179
667 110
668 179
669 144
670 144
671 327
672 1
673 358
674 70
675 70
676 179
677 355
678 179
679 179
680 296
681 306
682 179
683 144
684 144
685 358
686 179
687 358
688 0
689 358
690 327
691 358
692 0
693 358
694 229
695 179
696 229
697 179
698 229
699 1
700 229
701 0
702 51
703 0
704 358
705 0
706 327
707 229
708 179
709 0
710 179
711 229
712 179
713 71
714 0
715 179
716 0
717 0
718 144
719 0
720 144
721 0
722 26
723 327
724 0
725 179
726 144
727 1
728 62
729 0
730 0
731 1
732 144
733 1
734 358
735 358
736 179
737 179
738 179
739 0
740 72
741 261
742 228
743 327
744 358
745 358
746 0
747 0
748 0
749 327
750 327
751 27
752 0
753 306
754 0
755 27
756 358
757 27
758 179
759 144
760 179
761 179
762 327
763 73
764 0
765 0
766 179
767 1
768 74
769 179
770 144
771 179
772 358
773 358
774 0
775 144
776 179
777 179
778 0
779 0
780 179
781 179
782 327
783 179
784 179
785 144
786 229
787 358
788 0
789 1
790 179
791 358
792 358
793 179
794 144
795 0
796 179
797 358
798 0
799 260
800 0
801 0
802 358
803 0
804 1
805 0
806 179
807 75
808 358
809 76
810 92
811 0
812 144
813 0
814 327
815 77
816 179
817 144
818 78
819 32
820 179
821 79
822 0
823 0
824 179
825 0
826 0
827 179
828 179
829 1
830 80
831 81
832 179
833 82
834 179
835 179
836 83
837 0
838 358
839 358
840 1
841 144
842 84
843 179
844 144
845 179
846 179
847 85
848 358
849 144
850 86
851 179
852 144
853 241
854 120
855 144
856 0
857 179
858 1
859 87
860 358
861 1
862 358
863 342
864 172
865 179
866 1
867 219
868 0
869 88
870 0
871 67
872 358
873 45
874 28
875 358
876 55
877 0
878 0
879 338
880 272
881 0
882 179
883 51
884 51
885 179
886 0
887 179
888 179
889 179
890 144
891 144
892 0
893 1
894 144
895 1
896 327
897 307
898 13
899 327
900 1
901 1
902 327
903 0
904 144
905 179
906 179
907 179
908 0
909 327
910 327
911 63
912 144
913 1
914 89
915 358
916 179
917 179
918 0
919 0
920 179
921 1
922 229
923 144
924 179
925 0
926 1
927 90
928 327
929 179
930 358
931 333
932 179
933 144
934 179
935 179
936 179
937 0
938 1
939 0
940 179
941 179
942 179
943 144
944 0
945 179
946 144
947 91
948 229
949 179
950 117
951 0
952 0
953 179
954 327
955 0
956 0
957 179
958 299
959 179
960 358
961 0
962 346
963 0
964 358
965 0
966 296
967 144
968 358
969 1
970 179
971 179
972 229
973 0
974 179
975 179
976 144
977 1
978 179
979 179
980 358
981 327
982 0
983 179
984 358
985 0
986 327
987 240
988 0
989 179
990 0
991 358
992 0
993 1
994 358
995 0
996 92
997 35
998 27
999 27
1000 0
1001 179
1002 144
1003 0
1004 0
1005 179
1006 144
1007 229
1008 0
1009 358
1010 93
1011 93
1012 204
1013 327
1014 179
1015 0
1016 1
1017 179
1018 358
1019 0
1020 0
1021 179
1022 144
1023 144
1024 179
1025 313
1026 0
1027 179
1028 179
1029 327
1030 358
1031 0
1032 94
1033 95
1034 95
1035 327
1036 358
1037 179
1038 358
1039 96
1040 358
1041 0
1042 27
1043 179
1044 358
1045 127
1046 179
1047 223
1048 191
1049 327
1050 179
1051 0
1052 1
1053 0
1054 1
1055 1
1056 229
1057 0
1058 327
1059 179
1060 1
1061 97
1062 283
1063 144
1064 179
1065 0
1066 179
1067 98
1068 179
1069 99
1070 100
1071 179
1072 0
1073 327
1074 144
1075 179
1076 144
1077 179
1078 179
1079 0
1080 33
1081 115
1082 179
1083 358
1084 358
1085 2
1086 358
1087 0
1088 179
1089 358
1090 179
1091 0
1092 179
1093 358
1094 179
1095 0
1096 0
1097 101
1098 179
1099 179
1100 144
1101 179
1102 271
1103 144
1104 0
1105 0
1106 0
1107 35
1108 319
1109 179
1110 179
1111 102
1112 0
1113 144
1114 1
1115 0
1116 358
1117 249
1118 327
1119 103
1120 179
1121 1
1122 144
1123 0
1124 0
1125 109
1126 144
1127 0
1128 214
1129 39
1130 327
1131 0
1132 323
1133 104
1134 0
1135 0
1136 0
1137 152
1138 229
1139 157
1140 112
1141 179
1142 0
1143 179
1144 179
1145 181
1146 0
1147 144
1148 0
1149 1
1150 0
1151 0
1152 266
1153 105
1154 0
1155 106
1156 144
1157 179
1158 0
1159 107
1160 327
1161 108
1162 179
1163 179
1164 0
1165 179
1166 0
1167 179
1168 358
1169 1
1170 179
1171 358
1172 76
1173 358
1174 0
1175 109
1176 179
1177 358
1178 179
1179 358
1180 358
1181 0
1182 6
1183 179
1184 110
1185 39
1186 179
1187 0
1188 358
1189 0
1190 226
1191 358
1192 1
1193 0
1194 179
1195 0
1196 1
1197 323
1198 1
1199 179
1200 0
1201 179
1202 1
1203 179
1204 111
1205 144
1206 1
1207 1
1208 179
1209 0
1210 263
1211 179
1212 179
1213 144
1214 32
1215 179
1216 327
1217 0
1218 229
1219 129
1220 144
1221 0
1222 0
1223 0
1224 0
1225 112
1226 327
1227 0
1228 144
1229 179
1230 0
1231 144
1232 222
1233 204
1234 0
1235 358
1236 304
1237 179
1238 144
1239 336
1240 358
1241 0
1242 358
1243 1
1244 229
1245 211
1246 0
1247 179
1248 0
1249 165
1250 358
1251 227
1252 179
1253 144
1254 358
1255 295
1256 0
1257 358
1258 0
1259 0
1260 1
1261 1
1262 0
1263 113
1264 179
1265 114
1266 164
1267 0
1268 0
1269 0
1270 179
1271 179
1272 179
1273 0
1274 0
1275 0
1276 144
1277 27
1278 179
1279 119
1280 0
1281 0
1282 0
1283 327
1284 179
1285 115
1286 179
1287 24
1288 0
1289 42
1290 327
1291 0
1292 327
1293 213
1294 52
1295 1
1296 144
1297 179
1298 1
1299 333
1300 0
1301 116
1302 117
1303 118
1304 327
1305 179
1306 179
1307 0
1308 327
1309 0
1310 274
1311 358
1312 0
1313 358
1314 144
1315 119
1316 358
1317 179
1318 0
1319 229
1320 120
1321 121
1322 122
1323 358
1324 27
1325 327
1326 1
1327 179
1328 327
1329 0
1330 0
1331 1
1332 358
1333 0
1334 27
1335 144
1336 179
1337 0
1338 144
1339 229
1340 123
1341 124
1342 323
1343 0
1344 179
1345 144
1346 327
1347 1
1348 144
1349 31
1350 124
1351 0
1352 179
1353 144
1354 179
1355 144
1356 283
1357 229
1358 0
1359 358
1360 179
1361 144
1362 179
1363 144
1364 185
1365 0
1366 179
1367 177
1368 1
1369 179
1370 125
1371 179
1372 0
1373 196
1374 0
1375 327
1376 266
1377 179
1378 0
1379 327
1380 144
1381 306
1382 0
1383 0
1384 173
1385 0
1386 0
1387 179
1388 347
1389 179
1390 327
1391 179
1392 144
1393 179
1394 327
1395 179
1396 327
1397 179
1398 179
1399 144
1400 179
1401 179
1402 179
1403 0
1404 327
1405 0
1406 0
1407 179
1408 358
1409 327
1410 27
1411 126
1412 127
1413 0
1414 144
1415 144
1416 1
1417 179
1418 327
1419 0
1420 358
1421 39
1422 0
1423 358
1424 274
1425 179
1426 0
1427 1
1428 179
1429 179
1430 179
1431 179
1432 229
1433 144
1434 128
1435 144
1436 0
1437 327
1438 327
1439 179
1440 179
1441 327
1442 0
1443 1
1444 129
1445 358
1446 0
1447 0
1448 0
1449 0
1450 0
1451 0
1452 114
1453 78
1454 1
1455 0
1456 0
1457 0
1458 0
1459 0
1460 229
1461 0
1462 358
1463 327
1464 0
1465 0
1466 179
1467 144
1468 179
1469 31
1470 179
1471 1
1472 0
1473 179
1474 117
1475 1
1476 179
1477 179
1478 179
1479 0
1480 179
1481 144
1482 144
1483 181
1484 130
1485 179
1486 179
1487 130
1488 0
1489 0
1490 179
1491 179
1492 179
1493 0
1494 179
1495 0
1496 131
1497 144
1498 0
1499 179
1500 0
1501 144
1502 1
1503 0
1504 296
1505 0
1506 144
1507 229
1508 144
1509 179
1510 132
1511 0
1512 133
1513 181
1514 0
1515 246
1516 191
1517 179
1518 358
1519 0
1520 144
1521 1
1522 80
1523 0
1524 254
1525 179
1526 27
1527 179
1528 134
1529 134
1530 144
1531 117
1532 135
1533 0
1534 0
1535 136
1536 144
1537 179
1538 1
1539 179
1540 137
1541 179
1542 138
1543 138
1544 327
1545 0
1546 0
1547 139
1548 358
1549 179
1550 8
1551 140
1552 358
1553 358
1554 141
1555 1
1556 142
1557 143
1558 327
1559 358
1560 119
1561 327
1562 27
1563 0
1564 179
1565 144
1566 284
1567 0
1568 144
1569 179
1570 145
1571 144
1572 1
1573 327
1574 179
1575 144
1576 229
1577 0
1578 144
1579 0
1580 144
1581 201
1582 327
1583 179
1584 179
1585 179
1586 327
1587 175
1588 358
1589 179
1590 146
1591 1
1592 74
1593 327
1594 0
1595 0
1596 175
1597 75
1598 179
1599 144
1600 179
1601 0
1602 312
1603 358
1604 0
1605 179
1606 281
1607 147
1608 327
1609 0
1610 179
1611 358
1612 0
1613 0
1614 121
1615 0
1616 358
1617 179
1618 0
1619 179
1620 179
1621 343
1622 0
1623 148
1624 0
1625 1
1626 179
1627 1
1628 348
1629 358
1630 179
1631 217
1632 144
1633 144
1634 179
1635 0
1636 0
1637 229
1638 358
1639 149
1640 228
1641 0
1642 0
1643 327
1644 150
1645 229
1646 179
1647 43
1648 0
1649 1
1650 358
1651 327
1652 179
1653 358
1654 39
1655 144
1656 0
1657 1
1658 0
1659 144
1660 179
1661 0
1662 0
1663 0
1664 0
1665 1
1666 144
1667 0
1668 144
1669 344
1670 358
1671 359
1672 179
1673 144
1674 0
1675 179
1676 144
1677 358
1678 252
1679 144
1680 8
1681 158
1682 0
1683 1
1684 327
1685 151
1686 0
1687 323
1688 0
1689 0
1690 152
1691 0
1692 179
1693 333
1694 229
1695 358
1696 0
1697 179
1698 358
1699 0
1700 144
1701 153
1702 144
1703 154
1704 179
1705 357
1706 144
1707 46
1708 155
1709 0
1710 0
1711 0
1712 256
1713 229
1714 27
1715 0
1716 0
1717 327
1718 1
1719 0
1720 156
1721 157
1722 144
1723 229
1724 179
1725 179
1726 0
1727 179
1728 77
1729 358
1730 179
1731 358
1732 1
1733 0
1734 307
1735 161
1736 294
1737 327
1738 1
1739 358
1740 0
1741 144
1742 158
1743 159
1744 179
1745 179
1746 0
1747 327
1748 179
1749 1
1750 179
1751 144
1752 20
1753 102
1754 179
1755 160
1756 5
1757 179
1758 0
1759 0
1760 229
1761 179
1762 317
1763 2
1764 144
1765 161
1766 144
1767 0
1768 144
1769 327
1770 23
1771 222
1772 335
1773 327
1774 95
1775 0
1776 162
1777 179
1778 30
1779 179
1780 153
1781 358
1782 1
1783 0
1784 0
1785 234
1786 0
1787 163
1788 144
1789 218
1790 356
1791 0
1792 0
1793 179
1794 0
1795 1
1796 144
1797 358
1798 315
1799 179
1800 358
1801 179
1802 144
1803 0
1804 144
1805 144
1806 0
1807 358
1808 223
1809 0
1810 0
1811 0
1812 229
1813 179
1814 164
1815 165
1816 0
1817 166
1818 144
1819 0
1820 179
1821 144
1822 358
1823 144
1824 0
1825 1
1826 234
1827 0
1828 179
1829 144
1830 0
1831 0
1832 327
1833 327
1834 327
1835 0
1836 358
1837 207
1838 327
1839 0
1840 0
1841 317
1842 167
1843 210
1844 0
1845 0
1846 144
1847 179
1848 327
1849 0
1850 144
1851 168
1852 0
1853 144
1854 179
1855 358
1856 358
1857 0
1858 144
1859 179
1860 179
1861 349
1862 0
1863 179
1864 327
1865 0
1866 179
1867 169
1868 0
1869 0
1870 144
1871 41
1872 0
1873 327
1874 327
1875 0
1876 170
1877 0
1878 0
1879 171
1880 179
1881 327
1882 0
1883 0
1884 144
1885 144
1886 144
1887 1
1888 0
1889 0
1890 179
1891 179
1892 0
1893 1
1894 179
1895 0
1896 358
1897 144
1898 179
1899 172
1900 0
1901 179
1902 179
1903 179
1904 179
1905 358
1906 144
1907 144
1908 179
1909 179
1910 358
1911 179
1912 0
1913 179
1914 327
1915 27
1916 0
1917 229
1918 0
1919 358
1920 144
1921 327
1922 179
1923 0
1924 179
1925 0
1926 179
1927 358
1928 358
1929 179
1930 1
1931 0
1932 16
1933 327
1934 144
1935 123
1936 336
1937 0
1938 173
1939 179
1940 204
1941 0
1942 195
1943 0
1944 174
1945 0
1946 358
1947 358
1948 179
1949 179
1950 144
1951 1
1952 1
1953 358
1954 1
1955 179
1956 77
1957 77
1958 144
1959 327
1960 1
1961 179
1962 179
1963 179
1964 179
1965 175
1966 144
1967 30
1968 144
1969 296
1970 41
1971 0
1972 144
1973 41
1974 179
1975 179
1976 358
1977 176
1978 194
1979 144
1980 144
1981 177
1982 144
1983 1
1984 358
1985 178
1986 179
1987 0
1988 229
1989 0
1990 0
1991 0
1992 327
1993 179
1994 91
1995 179
1996 327
1997 0
1998 0
1999 0
2000 0
2001 304
2002 54
2003 1
2004 229
2005 229
2006 179
2007 179
2008 0
2009 0
2010 0
2011 144
2012 229
2013 0
2014 180
2015 179
2016 132
2017 358
2018 0
2019 229
2020 179
2021 179
2022 179
2023 179
2024 181
2025 179
2026 179
2027 0
2028 0
2029 183
2030 0
2031 296
2032 179
2033 182
2034 183
2035 184
2036 0
2037 171
2038 144
2039 144
2040 26
2041 72
2042 50
2043 327
2044 327
2045 0
2046 179
2047 179
2048 179
2049 327
2050 144
2051 174
2052 0
2053 358
2054 179
2055 47
2056 254
2057 185
2058 0
2059 1
2060 179
2061 0
2062 358
2063 30
2064 285
2065 229
2066 179
2067 0
2068 186
2069 179
2070 229
2071 0
2072 144
2073 179
2074 125
2075 0
2076 327
2077 111
2078 57
2079 179
2080 358
2081 358
2082 144
2083 179
2084 179
2085 229
2086 358
2087 327
2088 144
2089 179
2090 144
2091 358
2092 179
2093 358
2094 358
2095 358
2096 358
2097 358
2098 187
2099 229
2100 96
2101 179
2102 189
2103 144
2104 358
2105 179
2106 229
2107 0
2108 179
2109 179
2110 0
2111 0
2112 188
2113 189
2114 234
2115 179
2116 179
2117 358
2118 0
2119 1
2120 303
2121 229
2122 144
2123 144
2124 155
2125 162
2126 144
2127 0
2128 144
2129 0
2130 0
2131 91
2132 190
2133 336
2134 2
2135 54
2136 358
2137 144
2138 358
2139 179
2140 144
2141 0
2142 1
2143 1
2144 310
2145 0
2146 0
2147 179
2148 144
2149 192
2150 0
2151 179
2152 358
2153 0
2154 358
2155 144
2156 184
2157 179
2158 144
2159 59
2160 0
2161 1
2162 1
2163 144
2164 204
2165 358
2166 179
2167 106
2168 0
2169 191
2170 307
2171 0
2172 179
2173 179
2174 0
2175 1
2176 0
2177 144
2178 179
2179 0
2180 290
2181 144
2182 358
2183 358
2184 0
2185 0
2186 179
2187 1
2188 0
2189 327
2190 229
2191 0
2192 329
2193 229
2194 358
2195 179
2196 192
2197 179
2198 179
2199 97
2200 336
2201 358
2202 358
2203 191
2204 179
2205 0
2206 1
2207 179
2208 153
2209 144
2210 0
2211 179
2212 144
2213 179
2214 0
2215 327
2216 229
2217 144
2218 0
2219 358
2220 193
2221 0
2222 1
2223 179
2224 0
2225 179
2226 1
2227 179
2228 144
2229 1
2230 0
2231 0
2232 139
2233 19
2234 0
2235 0
2236 326
2237 293
2238 144
2239 0
2240 327
2241 144
2242 179
2243 0
2244 194
2245 18
2246 179
2247 195
2248 144
2249 358
2250 358
2251 358
2252 358
2253 358
2254 358
2255 1
2256 179
2257 0
2258 358
2259 171
2260 340
2261 1
2262 291
2263 0
2264 141
2265 1
2266 0
2267 144
2268 0
2269 196
2270 144
2271 258
2272 358
2273 68
2274 197
2275 179
2276 179
2277 179
2278 179
2279 144
2280 144
2281 0
2282 358
2283 144
2284 126
2285 0
2286 270
2287 327
2288 123
2289 327
2290 200
2291 229
2292 68
2293 231
2294 0
2295 0
2296 117
2297 358
2298 179
2299 0
2300 179
2301 144
2302 358
2303 179
2304 179
2305 228
2306 0
2307 1
2308 74
2309 330
2310 229
2311 0
2312 0
2313 144
2314 179
2315 179
2316 198
2317 351
2318 0
2319 222
2320 0
2321 144
2322 144
2323 0
2324 144
2325 358
2326 199
2327 0
2328 329
2329 0
2330 0
2331 179
2332 179
2333 358
2334 0
2335 0
2336 0
2337 144
2338 200
2339 0
2340 0
2341 179
2342 47
2343 179
2344 0
2345 1
2346 333
2347 179
2348 201
2349 144
2350 0
2351 358
2352 32
2353 175
2354 0
2355 144
2356 144
2357 179
2358 144
2359 0
2360 79
2361 358
2362 0
2363 166
2364 327
2365 358
2366 0
2367 358
2368 179
2369 167
2370 1
2371 179
2372 179
2373 1
2374 327
2375 327
2376 327
2377 0
2378 0
2379 179
2380 202
2381 229
2382 179
2383 38
2384 350
2385 179
2386 65
2387 327
2388 23
2389 0
2390 41
2391 179
2392 203
2393 323
2394 0
2395 0
2396 359
2397 179
2398 101
2399 0
2400 179
2401 0
2402 179
2403 179
2404 179
2405 179
2406 0
2407 229
2408 179
2409 179
2410 179
2411 1
2412 144
2413 179
2414 279
2415 144
2416 1
2417 204
2418 0
2419 247
2420 179
2421 0
2422 329
2423 144
2424 358
2425 358
2426 179
2427 205
2428 0
2429 0
2430 358
2431 129
2432 195
2433 358
2434 317
2435 144
2436 1
2437 206
2438 207
2439 94
2440 179
2441 327
2442 179
2443 0
2444 0
2445 144
2446 0
2447 259
2448 179
2449 144
2450 0
2451 179
2452 224
2453 179
2454 179
2455 179
2456 0
2457 179
2458 208
2459 208
2460 0
2461 144
2462 144
2463 36
2464 179
2465 144
2466 144
2467 0
2468 179
2469 179
2470 209
2471 144
2472 179
2473 179
2474 327
2475 300
2476 229
2477 179
2478 0
2479 0
2480 229
2481 254
2482 254
2483 0
2484 176
2485 179
2486 229
2487 179
2488 179
2489 327
2490 179
2491 210
2492 1
2493 91
2494 179
2495 229
2496 26
2497 179
2498 179
2499 142
2500 144
2501 0
2502 179
2503 0
2504 179
2505 144
2506 179
2507 90
2508 211
2509 0
2510 179
2511 358
2512 179
2513 358
2514 1
2515 0
2516 179
2517 327
2518 327
2519 144
2520 179
2521 358
2522 0
2523 179
2524 103
2525 179
2526 179
2527 0
2528 179
2529 212
2530 358
2531 144
2532 327
2533 179
2534 33
2535 146
2536 191
2537 179
2538 1
2539 358
2540 358
2541 0
2542 358
2543 229
2544 144
2545 144
2546 358
2547 358
2548 179
2549 213
2550 144
2551 179
2552 179
2553 179
2554 358
2555 144
2556 0
2557 289
2558 214
2559 27
2560 0
2561 179
2562 0
2563 0
2564 179
2565 179
2566 179
2567 0
2568 215
2569 144
2570 358
2571 179
2572 0
2573 0
2574 0
2575 0
2576 0
2577 179
2578 23
2579 179
2580 15
2581 1
2582 358
2583 179
2584 179
2585 179
2586 0
2587 216
2588 179
2589 217
2590 1
2591 358
2592 218
2593 179
2594 1
2595 358
2596 0
2597 0
2598 179
2599 0
2600 1
2601 0
2602 0
2603 0
2604 358
2605 179
2606 242
2607 144
2608 327
2609 0
2610 1
2611 0
2612 1
2613 0
2614 83
2615 1
2616 179
2617 144
2618 144
2619 179
2620 179
2621 179
2622 0
2623 1
2624 1
2625 179
2626 179
2627 144
2628 327
2629 306
2630 1
2631 179
2632 218
2633 179
2634 358
2635 1
2636 356
2637 179
2638 179
2639 179
2640 229
2641 179
2642 327
2643 144
2644 179
2645 181
2646 327
2647 179
2648 170
2649 137
2650 358
2651 229
2652 179
2653 358
2654 144
2655 27
2656 0
2657 313
2658 219
2659 0
2660 0
2661 0
2662 0
2663 144
2664 179
2665 0
2666 179
2667 27
2668 358
2669 327
2670 358
2671 317
2672 179
2673 144
2674 179
2675 144
2676 179
2677 144
2678 358
2679 218
2680 220
2681 358
2682 179
2683 0
2684 333
2685 1
2686 179
2687 179
2688 0
2689 358
2690 1
2691 144
2692 1
2693 144
2694 179
2695 86
2696 221
2697 144
2698 358
2699 358
2700 358
2701 327
2702 327
2703 336
2704 1
2705 179
2706 179
2707 144
2708 179
2709 159
2710 0
2711 30
2712 1
2713 0
2714 107
2715 0
2716 293
2717 0
2718 0
2719 358
2720 179
2721 144
2722 1
2723 144
2724 0
2725 0
2726 0
2727 227
2728 144
2729 327
2730 1
2731 229
2732 1
2733 179
2734 358
2735 179
2736 0
2737 144
2738 179
2739 1
2740 1
2741 1
2742 327
2743 144
2744 1
2745 358
2746 0
2747 229
2748 358
2749 144
2750 0
2751 222
2752 202
2753 144
2754 179
2755 0
2756 71
2757 9
2758 232
2759 359
2760 228
2761 327
2762 327
2763 27
2764 223
2765 1
2766 141
2767 0
2768 229
2769 224
2770 0
2771 0
2772 225
2773 179
2774 191
2775 0
2776 103
2777 0
2778 0
2779 179
2780 0
2781 358
2782 0
2783 0
2784 322
2785 278
2786 296
2787 179
2788 358
2789 229
2790 144
2791 52
2792 0
2793 226
2794 179
2795 296
2796 144
2797 179
2798 27
2799 327
2800 179
2801 0
2802 327
2803 229
2804 203
2805 144
2806 0
2807 1
2808 179
2809 179
2810 229
2811 300
2812 144
2813 0
2814 144
2815 0
2816 227
2817 358
2818 306
2819 179
2820 179
2821 179
2822 179
2823 144
2824 147
2825 179
2826 0
2827 179
2828 179
2829 179
2830 341
2831 358
2832 179
2833 179
2834 358
2835 229
2836 229
2837 144
2838 229
2839 0
2840 358
2841 358
2842 144
2843 327
2844 0
2845 1
2846 229
2847 1
2848 228
2849 0
2850 327
2851 0
2852 179
2853 179
2854 229
2855 179
2856 0
2857 0
2858 0
2859 0
2860 89
2861 1
2862 179
2863 110
2864 337
2865 179
2866 179
2867 0
2868 0
2869 358
2870 1
2871 185
2872 179
2873 344
2874 179
2875 254
2876 100
2877 179
2878 144
2879 1
2880 44
2881 1
2882 327
2883 327
2884 52
2885 230
2886 179
2887 0
2888 0
2889 327
2890 358
2891 179
2892 0
2893 0
2894 327
2895 0
2896 144
2897 358
2898 360
2899 0
2900 179
2901 179
2902 296
2903 0
2904 1
2905 144
2906 231
2907 144
2908 1
2909 0
2910 1
2911 0
2912 179
2913 179
2914 358
2915 327
2916 27
2917 179
2918 232
2919 0
2920 0
2921 0
2922 179
2923 0
2924 0
2925 0
2926 144
2927 0
2928 0
2929 233
2930 150
2931 179
2932 0
2933 234
2934 116
2935 0
2936 358
2937 179
2938 179
2939 144
2940 358
2941 0
2942 0
2943 327
2944 0
2945 358
2946 235
2947 0
2948 144
2949 358
2950 262
2951 329
2952 270
2953 144
2954 1
2955 1
2956 333
2957 144
2958 256
2959 244
2960 0
2961 179
2962 0
2963 0
2964 0
2965 236
2966 0
2967 1
2968 0
2969 179
2970 0
2971 179
2972 0
2973 117
2974 179
2975 179
2976 358
2977 179
2978 237
2979 0
2980 0
2981 179
2982 238
2983 0
2984 144
2985 358
2986 137
2987 239
2988 239
2989 179
2990 240
2991 144
2992 179
2993 241
2994 144
2995 0
2996 327
2997 346
2998 144
2999 179
3000 144
3001 144
3002 74
3003 269
3004 1
3005 0
3006 1
3007 327
3008 327
3009 0
3010 242
3011 144
3012 0
3013 144
3014 229
3015 179
3016 179
3017 179
3018 238
3019 0
3020 327
3021 1
3022 179
3023 131
3024 0
3025 179
3026 243
3027 179
3028 0
3029 0
3030 1
3031 1
3032 314
3033 0
3034 1
3035 0
3036 179
3037 244
3038 0
3039 144
3040 214
3041 255
3042 358
3043 179
3044 0
3045 144
3046 358
3047 0
3048 0
3049 245
3050 0
3051 0
3052 246
3053 0
3054 358
3055 0
3056 0
3057 321
3058 310
3059 11
3060 327
3061 292
3062 327
3063 358
3064 0
3065 144
3066 144
3067 144
3068 358
3069 358
3070 1
3071 0
3072 36
3073 0
3074 327
3075 179
3076 179
3077 0
3078 316
3079 229
3080 179
3081 6
3082 0
3083 0
3084 327
3085 327
3086 179
3087 306
3088 1
3089 0
3090 179
3091 358
3092 327
3093 0
3094 179
3095 179
3096 1
3097 179
3098 358
3099 1
3100 179
3101 0
3102 0
3103 0
3104 179
3105 179
3106 179
3107 352
3108 327
3109 179
3110 247
3111 179
3112 229
3113 327
3114 0
3115 0
3116 0
3117 0
3118 0
3119 333
3120 325
3121 179
3122 179
3123 179
3124 1
3125 323
3126 327
3127 0
3128 144
3129 0
3130 0
3131 144
3132 0
3133 179
3134 179
3135 0
3136 1
3137 0
3138 179
3139 144
3140 0
3141 179
3142 249
3143 358
3144 179
3145 179
3146 248
3147 0
3148 48
3149 0
3150 144
3151 358
3152 0
3153 0
3154 358
3155 179
3156 358
3157 0
3158 358
3159 179
3160 249
3161 358
3162 44
3163 179
3164 179
3165 296
3166 179
3167 179
3168 0
3169 179
3170 179
3171 1
3172 1
3173 0
3174 90
3175 179
3176 0
3177 229
3178 0
3179 250
3180 144
3181 251
3182 251
3183 358
3184 179
3185 0
3186 179
3187 327
3188 358
3189 0
3190 311
3191 193
3192 179
3193 0
3194 358
3195 358
3196 204
3197 0
3198 16
3199 0
3200 179
3201 0
3202 0
3203 0
3204 0
3205 179
3206 144
3207 264
3208 179
3209 358
3210 179
3211 179
3212 252
3213 1
3214 179
3215 0
3216 358
3217 0
3218 144
3219 144
3220 0
3221 179
3222 0
3223 81
3224 0
3225 179
3226 0
3227 179
3228 0
3229 0
3230 179
3231 179
3232 0
3233 144
3234 179
3235 0
3236 296
3237 179
3238 1
3239 179
3240 358
3241 164
3242 179
3243 12
3244 12
3245 276
3246 327
3247 0
3248 253
3249 1
3250 179
3251 228
3252 179
3253 254
3254 1
3255 270
3256 0
3257 179
3258 358
3259 179
3260 229
3261 179
3262 83
3263 0
3264 0
3265 358
3266 327
3267 179
3268 179
3269 179
3270 150
3271 179
3272 296
3273 358
3274 144
3275 0
3276 144
3277 358
3278 358
3279 229
3280 144
3281 144
3282 144
3283 179
3284 0
3285 179
3286 358
3287 255
3288 179
3289 0
3290 17
3291 327
3292 0
3293 117
3294 179
3295 174
3296 107
3297 171
3298 0
3299 144
3300 358
3301 0
3302 144
3303 327
3304 0
3305 179
3306 1
3307 179
3308 327
3309 279
3310 179
3311 144
3312 0
3313 111
3314 64
3315 144
3316 327
3317 179
3318 0
3319 305
3320 0
3321 123
3322 327
3323 0
3324 144
3325 229
3326 0
3327 179
3328 179
3329 144
3330 70
3331 144
3332 0
3333 0
3334 0
3335 98
3336 0
3337 179
3338 179
3339 175
3340 336
3341 327
3342 179
3343 179
3344 1
3345 327
3346 179
3347 1
3348 0
3349 256
3350 1
3351 0
3352 229
3353 0
3354 0
3355 327
3356 0
3357 179
3358 229
3359 257
3360 179
3361 0
3362 358
3363 0
3364 358
3365 144
3366 0
3367 0
3368 0
3369 0
3370 258
3371 358
3372 179
3373 0
3374 0
3375 179
3376 0
3377 1
3378 0
3379 12
3380 179
3381 348
3382 178
3383 179
3384 179
3385 179
3386 358
3387 144
3388 144
3389 327
3390 144
3391 0
3392 0
3393 0
3394 358
3395 1
3396 94
3397 179
3398 229
3399 0
3400 144
3401 179
3402 179
3403 323
3404 0
3405 179
3406 0
3407 179
3408 358
3409 180
3410 144
3411 62
3412 0
3413 144
3414 179
3415 144
3416 75
3417 245
3418 144
3419 179
3420 358
3421 358
3422 259
3423 0
3424 0
3425 179
3426 179
3427 179
3428 144
3429 179
3430 358
3431 327
3432 169
3433 144
3434 144
3435 179
3436 327
3437 211
3438 327
3439 0
3440 0
3441 1
3442 0
3443 179
3444 1
3445 0
3446 179
3447 179
3448 144
3449 179
3450 179
3451 144
3452 336
3453 4
3454 0
3455 0
3456 229
3457 144
3458 67
3459 287
3460 260
3461 179
3462 144
3463 0
3464 261
3465 144
3466 225
3467 1
3468 179
3469 358
3470 0
3471 212
3472 255
3473 179
3474 179
3475 327
3476 327
3477 0
3478 179
3479 327
3480 262
3481 50
3482 26
3483 358
3484 0
3485 23
3486 0
3487 256
3488 0
3489 27
3490 179
3491 358
3492 144
3493 179
3494 144
3495 144
3496 229
3497 327
3498 144
3499 263
3500 179
3501 81
3502 179
3503 359
3504 0
3505 179
3506 179
3507 179
3508 0
3509 358
3510 194
3511 144
3512 179
3513 1
3514 358
3515 358
3516 80
3517 243
3518 1
3519 1
3520 327
3521 179
3522 1
3523 144
3524 229
3525 0
3526 27
3527 1
3528 264
3529 27
3530 27
3531 0
3532 0
3533 179
3534 358
3535 1
3536 179
3537 193
3538 0
3539 0
3540 179
3541 0
3542 338
3543 327
3544 179
3545 0
3546 359
3547 1
3548 179
3549 358
3550 327
3551 179
3552 179
3553 191
3554 0
3555 41
3556 110
3557 0
3558 0
3559 327
3560 358
3561 265
3562 179
3563 179
3564 358
3565 358
3566 0
3567 0
3568 0
3569 358
3570 0
3571 358
3572 85
3573 179
3574 358
3575 0
3576 27
3577 179
3578 266
3579 144
3580 179
3581 327
3582 0
3583 39
3584 237
3585 179
3586 0
3587 179
3588 0
3589 229
3590 358
3591 0
3592 0
3593 1
3594 0
3595 144
3596 179
3597 267
3598 1
3599 179
3600 179
3601 327
3602 0
3603 268
3604 179
3605 0
3606 323
3607 144
3608 269
3609 327
3610 270
3611 327
3612 179
3613 271
3614 358
3615 327
3616 144
3617 1
3618 1
3619 179
3620 179
3621 272
3622 144
3623 358
3624 179
3625 273
3626 0
3627 358
3628 1
3629 144
3630 179
3631 0
3632 0
3633 182
3634 144
3635 1
3636 144
3637 80
3638 179
3639 0
3640 179
3641 179
3642 240
3643 188
3644 1
3645 179
3646 179
3647 327
3648 0
3649 179
3650 1
3651 274
3652 0
3653 358
3654 144
3655 221
3656 0
3657 327
3658 0
3659 0
3660 179
3661 237
3662 229
3663 0
3664 179
3665 0
3666 0
3667 179
3668 358
3669 1
3670 1
3671 180
3672 301
3673 215
3674 327
3675 144
3676 179
3677 1
3678 179
3679 117
3680 275
3681 179
3682 27
3683 144
3684 179
3685 1
3686 276
3687 0
3688 0
3689 179
3690 358
3691 144
3692 0
3693 144
3694 358
3695 358
3696 179
3697 1
3698 179
3699 49
3700 179
3701 0
3702 0
3703 179
3704 200
3705 300
3706 179
3707 179
3708 277
3709 0
3710 358
3711 358
3712 358
3713 179
3714 1
3715 84
3716 358
3717 358
3718 155
3719 179
3720 278
3721 144
3722 179
3723 327
3724 26
3725 327
3726 179
3727 358
3728 144
3729 279
3730 243
3731 327
3732 0
3733 179
3734 144
3735 179
3736 179
3737 179
3738 294
3739 144
3740 358
3741 179
3742 229
3743 179
3744 219
3745 179
3746 179
3747 280
3748 179
3749 179
3750 0
3751 179
3752 1
3753 0
3754 327
3755 144
3756 229
3757 327
3758 1
3759 144
3760 358
3761 327
3762 144
3763 1
3764 179
3765 229
3766 179
3767 0
3768 0
3769 0
3770 179
3771 179
3772 0
3773 0
3774 179
3775 0
3776 0
3777 179
3778 281
3779 327
3780 0
3781 358
3782 282
3783 0
3784 179
3785 179
3786 0
3787 1
3788 0
3789 179
3790 0
3791 144
3792 179
3793 327
3794 51
3795 179
3796 358
3797 1
3798 0
3799 53
3800 1
3801 38
3802 0
3803 21
3804 0
3805 179
3806 222
3807 283
3808 256
3809 179
3810 144
3811 0
3812 0
3813 0
3814 284
3815 327
3816 0
3817 168
3818 285
3819 240
3820 358
3821 358
3822 358
3823 144
3824 179
3825 179
3826 0
3827 179
3828 229
3829 358
3830 0
3831 144
3832 144
3833 1
3834 359
3835 0
3836 179
3837 0
3838 144
3839 286
3840 0
3841 144
3842 179
3843 179
3844 358
3845 1
3846 205
3847 0
3848 358
3849 0
3850 139
3851 0
3852 179
3853 0
3854 0
3855 1
3856 179
3857 179
3858 179
3859 179
3860 287
3861 208
3862 358
3863 179
3864 144
3865 229
3866 144
3867 0
3868 0
3869 66
3870 358
3871 133
3872 179
3873 358
3874 229
3875 354
3876 179
3877 0
3878 0
3879 179
3880 179
3881 0
3882 358
3883 179
3884 0
3885 254
3886 0
3887 34
3888 0
3889 0
3890 358
3891 179
3892 179
3893 0
3894 1
3895 0
3896 27
3897 283
3898 144
3899 1
3900 0
3901 126
3902 123
3903 229
3904 144
3905 179
3906 144
3907 179
3908 135
3909 179
3910 288
3911 179
3912 1
3913 0
3914 144
3915 229
3916 145
3917 289
3918 290
3919 290
3920 144
3921 209
3922 100
3923 179
3924 0
3925 0
3926 179
3927 358
3928 214
3929 175
3930 107
3931 113
3932 179
3933 228
3934 1
3935 0
3936 0
3937 64
3938 144
3939 197
3940 179
3941 1
3942 179
3943 291
3944 179
3945 327
3946 292
3947 293
3948 0
3949 179
3950 179
3951 0
3952 179
3953 229
3954 144
3955 179
3956 179
3957 179
3958 327
3959 1
3960 0
3961 0
3962 327
3963 327
3964 358
3965 327
3966 1
3967 327
3968 0
3969 0
3970 0
3971 179
3972 0
3973 144
3974 348
3975 0
3976 144
3977 144
3978 0
3979 179
3980 0
3981 179
3982 0
3983 0
3984 179
3985 0
3986 358
3987 144
3988 358
3989 179
3990 0
3991 229
3992 294
3993 358
3994 179
3995 229
3996 39
3997 354
3998 179
3999 144
4000 275
4001 229
4002 0
4003 1
4004 219
4005 247
4006 353
4007 0
4008 358
4009 327
4010 179
4011 209
4012 120
4013 120
4014 1
4015 0
4016 295
4017 179
4018 179
4019 144
4020 62
4021 296
4022 179
4023 0
4024 0
4025 358
4026 327
4027 144
4028 179
4029 0
4030 0
4031 0
4032 179
4033 358
4034 0
4035 0
4036 358
4037 0
4038 179
4039 259
4040 179
4041 253
4042 327
4043 358
4044 1
4045 0
4046 0
4047 0
4048 0
4049 0
4050 0
4051 297
4052 358
4053 179
4054 0
4055 179
4056 0
4057 179
4058 0
4059 0
4060 179
4061 0
4062 0
4063 0
4064 298
4065 144
4066 329
4067 179
4068 0
4069 98
4070 0
4071 0
4072 0
4073 0
4074 179
4075 358
4076 0
4077 179
4078 45
4079 179
4080 327
4081 327
4082 327
4083 193
4084 0
4085 358
4086 144
4087 0
4088 0
4089 144
4090 0
4091 0
4092 0
4093 0
4094 0
4095 0
4096 144
4097 130
4098 1
4099 327
4100 179
4101 169
4102 299
4103 358
4104 0
4105 333
4106 88
4107 1
4108 144
4109 0
4110 227
4111 1
4112 0
4113 179
4114 310
4115 358
4116 327
4117 141
4118 0
4119 310
4120 144
4121 358
4122 179
4123 109
4124 0
4125 0
4126 0
4127 0
4128 0
4129 229
4130 179
4131 358
4132 0
4133 0
4134 0
4135 0
4136 179
4137 358
4138 0
4139 179
4140 1
4141 300
4142 1
4143 300
4144 179
4145 144
4146 229
4147 229
4148 144
4149 179
4150 358
4151 336
4152 179
4153 0
4154 0
4155 179
4156 1
4157 1
4158 229
4159 327
4160 179
4161 1
4162 179
4163 358
4164 0
4165 179
4166 179
4167 0
4168 179
4169 179
4170 0
4171 0
4172 0
4173 301
4174 0
4175 358
4176 0
4177 358
4178 179
4179 1
4180 179
4181 179
4182 302
4183 144
4184 0
4185 199
4186 179
4187 179
4188 179
4189 11
4190 358
4191 144
4192 0
4193 327
4194 358
4195 0
4196 179
4197 246
4198 118
4199 303
4200 0
4201 248
4202 179
4203 29
4204 0
4205 179
4206 0
4207 327
4208 179
4209 15
4210 327
4211 358
4212 327
4213 179
4214 179
4215 304
4216 179
4217 179
4218 305
4219 306
4220 1
4221 0
4222 229
4223 216
4224 179
4225 0
4226 0
4227 37
4228 179
4229 179
4230 144
4231 117
4232 179
4233 1
4234 0
4235 104
4236 348
4237 179
4238 149
4239 0
4240 0
4241 0
4242 229
4243 358
4244 0
4245 358
4246 358
4247 179
4248 358
4249 0
4250 179
4251 0
4252 0
4253 0
4254 307
4255 179
4256 179
4257 0
4258 358
4259 0
4260 179
4261 358
4262 0
4263 179
4264 0
4265 1
4266 97
4267 358
4268 1
4269 0
4270 79
4271 0
4272 40
4273 179
4274 0
4275 144
4276 358
4277 0
4278 308
4279 0
4280 147
4281 179
4282 144
4283 158
4284 0
4285 358
4286 0
4287 309
4288 310
4289 79
4290 79
4291 336
4292 0
4293 144
4294 358
4295 179
4296 179
4297 144
4298 179
4299 300
4300 155
4301 0
4302 329
4303 179
4304 3
4305 0
4306 311
4307 144
4308 0
4309 358
4310 0
4311 358
4312 0
4313 0
4314 0
4315 358
4316 144
4317 144
4318 0
4319 0
4320 0
4321 1
4322 144
4323 179
4324 312
4325 312
4326 313
4327 32
4328 0
4329 179
4330 0
4331 1
4332 1
4333 0
4334 0
4335 144
4336 327
4337 144
4338 229
4339 358
4340 10
4341 179
4342 0
4343 0
4344 0
4345 229
4346 318
4347 144
4348 49
4349 0
4350 0
4351 0
4352 179
4353 358
4354 320
4355 1
4356 229
4357 179
4358 1
4359 229
4360 0
4361 144
4362 1
4363 358
4364 1
4365 0
4366 1
4367 144
4368 339
4369 0
4370 358
4371 212
4372 358
4373 179
4374 179
4375 229
4376 317
4377 358
4378 110
4379 0
4380 0
4381 358
4382 0
4383 229
4384 0
4385 358
4386 358
4387 144
4388 358
4389 229
4390 179
4391 327
4392 179
4393 179
4394 249
4395 314
4396 0
4397 179
4398 179
4399 327
4400 339
4401 179
4402 358
4403 0
4404 358
4405 1
4406 144
4407 179
4408 296
4409 327
4410 25
4411 358
4412 144
4413 179
4414 179
4415 1
4416 179
4417 247
4418 0
4419 179
4420 358
4421 0
4422 0
4423 273
4424 0
4425 0
4426 179
4427 0
4428 236
4429 358
4430 315
4431 144
4432 1
4433 0
4434 327
4435 0
4436 327
4437 229
4438 358
4439 229
4440 0
4441 179
4442 144
4443 0
4444 0
4445 229
4446 144
4447 1
4448 99
4449 1
4450 144
4451 0
4452 0
4453 179
4454 179
4455 0
4456 0
4457 0
4458 175
4459 0
4460 228
4461 1
4462 0
4463 0
4464 179
4465 0
4466 144
4467 229
4468 126
4469 358
4470 327
4471 83
4472 0
4473 0
4474 179
4475 358
4476 0
4477 316
4478 144
4479 358
4480 0
4481 144
4482 144
4483 297
4484 298
4485 317
4486 150
4487 296
4488 179
4489 27
4490 318
4491 144
4492 0
4493 358
4494 144
4495 179
4496 0
4497 179
4498 0
4499 61
4500 1
4501 123
4502 327
4503 0
4504 0
4505 1
4506 207
4507 179
4508 179
4509 296
4510 358
4511 54
4512 358
4513 319
4514 358
4515 358
4516 179
4517 229
4518 179
4519 0
4520 358
4521 0
4522 327
4523 144
4524 0
4525 0
4526 179
4527 144
4528 179
4529 1
4530 0
4531 229
4532 358
4533 179
4534 144
4535 327
4536 179
4537 358
4538 0
4539 144
4540 144
4541 144
4542 0
4543 320
4544 144
4545 358
4546 358
4547 1
4548 144
4549 0
4550 179
4551 0
4552 179
4553 321
4554 0
4555 0
4556 0
4557 339
4558 339
4559 0
4560 0
4561 179
4562 179
4563 0
4564 1
4565 322
4566 97
4567 144
4568 229
4569 144
4570 327
4571 358
4572 179
4573 179
4574 179
4575 323
4576 0
4577 144
4578 144
4579 179
4580 179
4581 179
4582 144
4583 0
4584 0
4585 0
4586 0
4587 278
4588 0
4589 179
4590 0
4591 0
4592 179
4593 179
4594 179
4595 358
4596 144
4597 126
4598 229
4599 0
4600 179
4601 1
4602 0
4603 324
4604 179
4605 0
4606 144
4607 27
4608 327
4609 0
4610 4
4611 230
4612 0
4613 179
4614 325
4615 0
4616 0
4617 1
4618 133
4619 0
4620 179
4621 0
4622 194
4623 0
4624 224
4625 144
4626 329
4627 0
4628 0
4629 179
4630 0
4631 179
4632 358
4633 355
4634 209
4635 0
4636 0
4637 56
4638 179
4639 179
4640 144
4641 229
4642 0
4643 0
4644 0
4645 144
4646 229
4647 179
4648 179
4649 0
4650 0
4651 179
4652 144
4653 202
4654 326
4655 144
4656 0
4657 306
4658 323
4659 308
4660 358
4661 0
4662 221
4663 358
4664 348
4665 144
4666 0
4667 0
4668 0
4669 22
4670 144
4671 229
4672 0
4673 327
4674 0
4675 1
4676 0
4677 0
4678 1
4679 144
4680 179
4681 179
4682 358
4683 179
4684 179
4685 0
4686 358
4687 358
4688 0
4689 179
4690 144
4691 144
4692 229
4693 179
4694 179
4695 179
4696 144
4697 179
4698 0
4699 179
4700 358
4701 0
4702 328
4703 0
4704 229
4705 0
4706 179
4707 144
4708 150
4709 0
4710 144
4711 179
4712 1
4713 179
4714 110
4715 0
4716 0
4717 14
4718 179
4719 329
4720 247
4721 0
4722 179
4723 331
4724 179
4725 1
4726 0
4727 1
4728 27
4729 0
4730 0
4731 0
4732 179
4733 0
4734 144
4735 1
4736 228
4737 0
4738 209
4739 209
4740 144
4741 144
4742 1
4743 179
4744 179
4745 0
4746 0
4747 0
4748 330
4749 0
4750 0
4751 179
4752 144
4753 144
4754 117
4755 179
4756 331
4757 0
4758 0
4759 332
4760 0
4761 327
4762 179
4763 1
4764 0
4765 290
4766 144
4767 0
4768 144
4769 333
4770 1
4771 229
4772 179
4773 358
4774 179
4775 1
4776 179
4777 327
4778 0
4779 1
4780 17
4781 0
4782 235
4783 286
4784 144
4785 84
4786 334
4787 358
4788 335
4789 144
4790 0
4791 0
4792 0
4793 0
4794 78
4795 288
4796 0
4797 179
4798 0
4799 342
4800 179
4801 0
4802 358
4803 179
4804 327
4805 0
4806 179
4807 108
4808 179
4809 179
4810 358
4811 179
4812 179
4813 0
4814 0
4815 0
4816 183
4817 0
4818 0
4819 0
4820 144
4821 0
4822 358
4823 336
4824 0
4825 144
4826 179
4827 145
4828 358
4829 229
4830 179
4831 179
4832 0
4833 179
4834 179
4835 179
4836 0
4837 179
4838 179
4839 0
4840 0
4841 144
4842 144
4843 0
4844 144
4845 144
4846 358
4847 229
4848 337
4849 135
4850 0
4851 72
4852 179
4853 156
4854 179
4855 179
4856 346
4857 338
4858 179
4859 249
4860 179
4861 339
4862 327
4863 327
4864 179
4865 58
4866 327
4867 229
4868 26
4869 358
4870 82
4871 179
4872 0
4873 358
4874 340
4875 0
4876 59
4877 341
4878 144
4879 0
4880 358
4881 243
4882 1
4883 179
4884 327
4885 179
4886 0
4887 0
4888 248
4889 229
4890 179
4891 144
4892 179
4893 144
4894 179
4895 144
4896 0
4897 358
4898 300
4899 179
4900 342
4901 1
4902 229
4903 1
4904 198
4905 37
4906 151
4907 179
4908 0
4909 27
4910 358
4911 1
4912 27
4913 179
4914 1
4915 0
4916 229
4917 343
4918 229
4919 0
4920 1
4921 344
4922 0
4923 179
4924 179
4925 144
4926 179
4927 0
4928 327
4929 345
4930 229
4931 62
4932 179
4933 179
4934 27
4935 327
4936 327
4937 0
4938 346
4939 179
4940 327
4941 229
4942 327
4943 27
4944 229
4945 1
4946 0
4947 358
4948 250
4949 179
4950 323
4951 347
4952 144
4953 327
4954 179
4955 247
4956 327
4957 144
4958 178
4959 327
4960 302
4961 0
4962 179
4963 358
4964 179
4965 348
4966 223
4967 179
4968 327
4969 358
4970 358
4971 113
4972 0
4973 317
4974 179
4975 144
4976 327
4977 229
4978 179
4979 179
4980 179
4981 76
4982 179
4983 179
4984 190
4985 144
4986 0
4987 0
4988 1
4989 0
4990 179
4991 0
4992 0
4993 187
4994 358
4995 163
4996 179
4997 179
4998 229
4999 358
5000 179
5001 179
5002 349
5003 179
5004 1
5005 0
5006 179
5007 1
5008 179
5009 356
5010 212
5011 144
5012 147
5013 236
5014 358
5015 283
5016 144
5017 358
5018 0
5019 358
5020 179
5021 144
5022 0
5023 229
5024 229
5025 179
5026 179
5027 0
5028 179
5029 1
5030 350
5031 358
5032 0
5033 179
5034 179
5035 179
5036 298
5037 179
5038 0
5039 351
5040 118
5041 358
5042 179
5043 0
5044 0
5045 179
5046 179
5047 179
5048 179
5049 26
5050 358
5051 179
5052 358
5053 144
5054 358
5055 179
5056 179
5057 179
5058 358
5059 144
5060 179
5061 358
5062 327
5063 144
5064 220
5065 179
5066 179
5067 358
5068 358
5069 179
5070 0
5071 179
5072 179
5073 1
5074 0
5075 179
5076 0
5077 39
5078 352
5079 229
5080 1
5081 110
5082 179
5083 186
5084 0
5085 353
5086 179
5087 77
5088 354
5089 69
5090 77
5091 0
5092 179
5093 179
5094 282
5095 144
5096 0
5097 358
5098 144
5099 354
5100 294
5101 0
5102 0
5103 0
5104 0
5105 358
5106 0
5107 0
5108 0
5109 0
5110 0
5111 0
5112 0
5113 187
5114 192
5115 0
5116 1
5117 358
5118 144
5119 1
5120 194
5121 0
5122 336
5123 245
5124 0
5125 179
5126 355
5127 0
5128 229
5129 229
5130 358
5131 1
5132 308
5133 144
5134 87
5135 166
5136 229
5137 179
5138 7
5139 355
5140 179
5141 0
5142 0
5143 144
5144 358
5145 0
5146 358
5147 179
5148 179
5149 0
5150 0
5151 229
5152 0
5153 1
5154 179
5155 229
5156 179
5157 1
5158 0
5159 356
5160 357
5161 358
5162 0
5163 0
5164 120
5165 358
5166 144
5167 327
5168 358
5169 327
5170 0
5171 144
5172 179
5173 179
5174 144
5175 358
5176 179
5177 229
5178 1
5179 179
5180 358
5181 179
5182 327
5183 358
5184 179
5185 359
5186 359
5187 179
5188 144
5189 360
5190 179
5191 1
5192 144
5193 0
5194 1
5195 327
5196 327
5197 179
5198 245
5199 327
5200 354
5201 0
5202 179
5203 92
5204 1
5205 358
5206 27
5207 358
5208 0
5209 354
5210 1
5211 358
5212 358
5213 358
5214 179
5215 0
5216 79
5217 1
5218 1
5219 219
5220 179
5221 358
5222 120
5223 179
5224 179
5225 179
5226 358
5227 0
5228 1
5229 179
5230 0
5231 0
5232 179
5233 179
5234 240
5235 144
5236 179
5237 158
5238 179
5239 358
5240 0
