231
0 15
1 15
2 41
3 34
4 15
5 41
6 41
7 41
8 41
9 47
10 15
11 15
12 15
13 41
14 41
15 41
16 41
17 41
18 41
19 41
20 41
21 15
22 41
23 41
24 41
25 41
26 41
27 146
28 41
29 41
30 41
31 41
32 41
33 21
34 34
35 32
36 15
37 41
38 41
39 15
40 41
41 41
42 21
43 41
44 34
45 15
46 15
47 34
48 15
49 15
50 41
51 41
52 41
53 15
54 15
55 41
56 41
57 41
58 41
59 15
60 156
61 41
62 15
63 228
64 41
65 41
66 41
67 41
68 15
69 41
70 41
71 41
72 32
73 41
74 15
75 41
76 41
77 41
78 41
79 41
80 41
81 178
82 15
83 15
84 41
85 15
86 15
87 37
88 41
89 41
90 15
91 41
92 41
93 15
94 41
95 15
96 41
97 15
98 41
99 41
100 41
101 41
102 21
103 41
104 15
105 41
106 41
107 41
108 21
109 21
110 41
111 15
112 41
113 41
114 41
115 41
116 41
117 41
118 41
119 41
120 1
121 15
122 15
123 41
124 41
125 226
126 41
127 41
128 41
129 41
130 41
131 41
132 34
133 41
134 29
135 21
136 41
137 41
138 41
139 41
140 41
141 41
142 41
143 41
144 15
145 37
146 41
147 15
148 15
149 32
150 32
151 41
152 41
153 41
154 41
155 41
156 41
157 15
158 15
159 41
160 2
161 201
162 201
163 15
164 41
165 41
166 41
167 192
168 41
169 41
170 41
171 41
172 41
173 41
174 41
175 41
176 41
177 41
178 41
179 41
180 174
181 21
182 41
183 41
184 41
185 15
186 41
187 41
188 41
189 41
190 41
191 41
192 15
193 41
194 32
195 41
196 41
197 15
198 32
199 41
200 41
201 41
202 3
203 34
204 77
205 77
206 41
207 41
208 41
209 41
210 15
211 41
212 15
213 15
214 41
215 41
216 15
217 15
218 41
219 41
220 41
221 41
222 41
223 41
224 41
225 4
226 15
227 15
228 41
229 41
230 41
231 182
232 41
233 41
234 88
235 32
236 41
237 15
238 41
239 15
240 21
241 41
242 15
243 15
244 41
245 41
246 41
247 41
248 27
249 41
250 41
251 15
252 41
253 88
254 84
255 41
256 41
257 41
258 41
259 41
260 41
261 32
262 41
263 41
264 15
265 41
266 41
267 15
268 22
269 41
270 41
271 41
272 41
273 21
274 41
275 41
276 15
277 41
278 41
279 15
280 41
281 15
282 41
283 15
284 15
285 15
286 41
287 41
288 41
289 15
290 24
291 41
292 41
293 41
294 41
295 41
296 21
297 41
298 41
299 41
300 41
301 41
302 41
303 15
304 15
305 41
306 41
307 15
308 41
309 90
310 41
311 41
312 41
313 15
314 41
315 15
316 5
317 41
318 41
319 21
320 41
321 15
322 41
323 41
324 41
325 41
326 15
327 15
328 32
329 6
330 37
331 41
332 41
333 15
334 41
335 41
336 15
337 41
338 41
339 21
340 41
341 41
342 15
343 15
344 41
345 7
346 15
347 41
348 41
349 41
350 41
351 41
352 15
353 41
354 21
355 15
356 41
357 15
358 41
359 41
360 32
361 41
362 41
363 8
364 9
365 21
366 41
367 41
368 21
369 21
370 21
371 41
372 15
373 41
374 15
375 41
376 41
377 41
378 41
379 41
380 15
381 41
382 41
383 15
384 41
385 41
386 10
387 41
388 15
389 15
390 41
391 41
392 41
393 3
394 41
395 132
396 21
397 21
398 15
399 34
400 15
401 41
402 21
403 41
404 41
405 41
406 41
407 41
408 41
409 186
410 15
411 15
412 41
413 41
414 41
415 41
416 41
417 15
418 41
419 15
420 15
421 41
422 15
423 41
424 41
425 15
426 15
427 41
428 41
429 41
430 41
431 15
432 41
433 41
434 15
435 41
436 41
437 41
438 41
439 41
440 15
441 41
442 41
443 15
444 41
445 41
446 15
447 41
448 41
449 41
450 41
451 41
452 41
453 41
454 11
455 41
456 41
457 162
458 15
459 41
460 15
461 41
462 215
463 41
464 41
465 41
466 34
467 10
468 15
469 15
470 15
471 41
472 15
473 15
474 41
475 41
476 12
477 15
478 15
479 41
480 15
481 41
482 15
483 41
484 7
485 15
486 41
487 41
488 15
489 41
490 15
491 13
492 21
493 41
494 41
495 41
496 34
497 21
498 41
499 21
500 21
501 15
502 15
503 41
504 32
505 41
506 21
507 14
508 41
509 41
510 15
511 41
512 41
513 15
514 41
515 32
516 41
517 41
518 15
519 41
520 41
521 15
522 41
523 41
524 0
525 41
526 41
527 41
528 41
529 34
530 15
531 41
532 32
533 15
534 41
535 41
536 15
537 41
538 41
539 41
540 41
541 41
542 15
543 15
544 41
545 41
546 41
547 41
548 41
549 41
550 41
551 41
552 41
553 15
554 32
555 124
556 41
557 41
558 41
559 15
560 41
561 41
562 41
563 41
564 41
565 41
566 15
567 41
568 15
569 41
570 41
571 41
572 47
573 15
574 41
575 15
576 15
577 15
578 41
579 41
580 41
581 15
582 41
583 46
584 15
585 15
586 41
587 15
588 41
589 32
590 15
591 41
592 41
593 15
594 21
595 15
596 15
597 41
598 15
599 41
600 41
601 15
602 41
603 15
604 41
605 41
606 15
607 41
608 41
609 41
610 41
611 41
612 16
613 41
614 46
615 41
616 41
617 17
618 15
619 41
620 41
621 41
622 21
623 41
624 15
625 41
626 41
627 41
628 41
629 18
630 34
631 41
632 43
633 15
634 41
635 41
636 41
637 15
638 41
639 41
640 41
641 15
642 41
643 41
644 41
645 32
646 15
647 41
648 15
649 41
650 19
651 41
652 41
653 15
654 41
655 41
656 41
657 34
658 41
659 15
660 41
661 41
662 15
663 21
664 41
665 41
666 41
667 180
668 41
669 41
670 41
671 145
672 41
673 15
674 41
675 15
676 15
677 41
678 20
679 41
680 22
681 15
682 41
683 10
684 41
685 41
686 21
687 21
688 41
689 41
690 15
691 41
692 21
693 41
694 41
695 15
696 41
697 41
698 15
699 41
700 41
701 41
702 41
703 156
704 15
705 41
706 41
707 41
708 41
709 41
710 15
711 41
712 41
713 173
714 21
715 15
716 21
717 41
718 15
719 41
720 41
721 41
722 41
723 21
724 41
725 41
726 41
727 41
728 41
729 41
730 217
731 41
732 41
733 15
734 21
735 44
736 41
737 173
738 41
739 15
740 41
741 15
742 41
743 21
744 41
745 43
746 15
747 41
748 15
749 41
750 15
751 15
752 41
753 15
754 15
755 41
756 41
757 15
758 15
759 41
760 41
761 15
762 41
763 21
764 15
765 15
766 15
767 15
768 41
769 15
770 15
771 21
772 41
773 15
774 41
775 41
776 41
777 41
778 15
779 15
780 21
781 34
782 41
783 32
784 34
785 15
786 15
787 15
788 41
789 41
790 41
791 41
792 15
793 41
794 41
795 41
796 41
797 41
798 190
799 15
800 15
801 41
802 41
803 21
804 41
805 41
806 41
807 175
808 41
809 15
810 21
811 15
812 41
813 41
814 41
815 41
816 41
817 41
818 15
819 41
820 23
821 21
822 41
823 15
824 15
825 15
826 41
827 41
828 74
829 41
830 15
831 15
832 41
833 34
834 41
835 24
836 25
837 15
838 41
839 41
840 26
841 15
842 41
843 15
844 41
845 41
846 41
847 41
848 41
849 15
850 175
851 41
852 32
853 41
854 15
855 41
856 175
857 41
858 41
859 41
860 41
861 176
862 15
863 27
864 41
865 41
866 15
867 41
868 41
869 41
870 15
871 41
872 41
873 41
874 41
875 41
876 41
877 15
878 41
879 41
880 41
881 41
882 41
883 41
884 15
885 41
886 41
887 41
888 41
889 41
890 41
891 15
892 41
893 41
894 41
895 41
896 41
897 41
898 41
899 41
900 41
901 41
902 21
903 21
904 21
905 21
906 15
907 15
908 41
909 32
910 41
911 41
912 34
913 41
914 41
915 41
916 15
917 15
918 15
919 41
920 21
921 41
922 41
923 15
924 41
925 41
926 41
927 41
928 15
929 21
930 41
931 41
932 15
933 41
934 41
935 21
936 41
937 21
938 41
939 15
940 41
941 15
942 28
943 41
944 32
945 41
946 41
947 15
948 15
949 41
950 15
951 41
952 15
953 15
954 15
955 41
956 41
957 29
958 41
959 41
960 41
961 41
962 41
963 15
964 41
965 41
966 41
967 15
968 41
969 41
970 41
971 15
972 15
973 15
974 15
975 15
976 43
977 41
978 15
979 41
980 41
981 15
982 15
983 41
984 41
985 30
986 41
987 41
988 41
989 15
990 41
991 41
992 41
993 15
994 15
995 15
996 21
997 32
998 41
999 15
1000 41
1001 41
1002 15
1003 41
1004 41
1005 41
1006 15
1007 15
1008 15
1009 15
1010 41
1011 15
1012 41
1013 21
1014 15
1015 41
1016 15
1017 41
1018 21
1019 41
1020 15
1021 15
1022 41
1023 46
1024 15
1025 41
1026 15
1027 41
1028 41
1029 41
1030 41
1031 15
1032 31
1033 41
1034 15
1035 222
1036 15
1037 0
1038 21
1039 15
1040 21
1041 1
1042 41
1043 21
1044 41
1045 41
1046 21
1047 15
1048 41
1049 15
1050 41
1051 41
1052 41
1053 41
1054 33
1055 41
1056 41
1057 15
1058 41
1059 41
1060 41
1061 15
1062 41
1063 15
1064 15
1065 41
1066 21
1067 15
1068 41
1069 41
1070 41
1071 41
1072 15
1073 15
1074 41
1075 15
1076 41
1077 32
1078 21
1079 21
1080 41
1081 41
1082 41
1083 15
1084 55
1085 41
1086 15
1087 41
1088 41
1089 34
1090 79
1091 41
1092 41
1093 15
1094 28
1095 41
1096 15
1097 15
1098 41
1099 15
1100 15
1101 41
1102 41
1103 15
1104 41
1105 34
1106 46
1107 41
1108 15
1109 41
1110 41
1111 21
1112 15
1113 34
1114 15
1115 41
1116 15
1117 15
1118 15
1119 41
1120 28
1121 41
1122 15
1123 15
1124 15
1125 15
1126 15
1127 41
1128 41
1129 15
1130 41
1131 15
1132 41
1133 15
1134 41
1135 41
1136 41
1137 41
1138 32
1139 41
1140 41
1141 21
1142 41
1143 21
1144 15
1145 41
1146 41
1147 15
1148 21
1149 41
1150 15
1151 41
1152 41
1153 41
1154 41
1155 41
1156 41
1157 41
1158 15
1159 41
1160 41
1161 15
1162 41
1163 15
1164 35
1165 41
1166 41
1167 41
1168 41
1169 213
1170 36
1171 15
1172 41
1173 15
1174 15
1175 41
1176 41
1177 21
1178 41
1179 41
1180 41
1181 41
1182 41
1183 15
1184 41
1185 41
1186 15
1187 41
1188 32
1189 15
1190 15
1191 41
1192 41
1193 32
1194 41
1195 15
1196 41
1197 41
1198 21
1199 15
1200 41
1201 41
1202 15
1203 41
1204 15
1205 41
1206 41
1207 41
1208 41
1209 41
1210 41
1211 41
1212 41
1213 41
1214 15
1215 41
1216 41
1217 115
1218 41
1219 15
1220 41
1221 41
1222 41
1223 41
1224 41
1225 15
1226 41
1227 41
1228 15
1229 41
1230 41
1231 41
1232 21
1233 15
1234 21
1235 15
1236 41
1237 41
1238 41
1239 15
1240 15
1241 41
1242 21
1243 15
1244 41
1245 41
1246 41
1247 32
1248 41
1249 21
1250 41
1251 15
1252 15
1253 41
1254 41
1255 41
1256 37
1257 15
1258 21
1259 15
1260 15
1261 41
1262 41
1263 41
1264 41
1265 15
1266 41
1267 41
1268 15
1269 41
1270 41
1271 41
1272 41
1273 41
1274 41
1275 41
1276 21
1277 41
1278 41
1279 41
1280 15
1281 21
1282 41
1283 15
1284 15
1285 21
1286 41
1287 41
1288 95
1289 41
1290 41
1291 15
1292 15
1293 41
1294 15
1295 41
1296 41
1297 32
1298 41
1299 41
1300 41
1301 15
1302 41
1303 41
1304 21
1305 41
1306 15
1307 15
1308 15
1309 41
1310 41
1311 41
1312 41
1313 38
1314 15
1315 41
1316 15
1317 41
1318 41
1319 41
1320 41
1321 34
1322 41
1323 15
1324 41
1325 41
1326 15
1327 41
1328 41
1329 41
1330 15
1331 41
1332 15
1333 41
1334 21
1335 41
1336 15
1337 21
1338 15
1339 15
1340 15
1341 21
1342 41
1343 41
1344 41
1345 41
1346 41
1347 41
1348 41
1349 41
1350 41
1351 41
1352 41
1353 41
1354 15
1355 41
1356 41
1357 41
1358 41
1359 41
1360 41
1361 15
1362 41
1363 41
1364 32
1365 41
1366 41
1367 15
1368 15
1369 41
1370 41
1371 41
1372 15
1373 41
1374 41
1375 41
1376 41
1377 15
1378 15
1379 15
1380 21
1381 41
1382 15
1383 41
1384 41
1385 15
1386 41
1387 34
1388 36
1389 41
1390 41
1391 41
1392 41
1393 41
1394 21
1395 41
1396 41
1397 41
1398 15
1399 46
1400 41
1401 34
1402 15
1403 41
1404 15
1405 41
1406 41
1407 41
1408 41
1409 41
1410 41
1411 15
1412 41
1413 21
1414 41
1415 216
1416 15
1417 15
1418 15
1419 15
1420 41
1421 41
1422 21
1423 41
1424 41
1425 41
1426 15
1427 41
1428 41
1429 41
1430 39
1431 15
1432 41
1433 41
1434 21
1435 41
1436 41
1437 15
1438 15
1439 41
1440 15
1441 41
1442 15
1443 15
1444 41
1445 15
1446 15
1447 41
1448 41
1449 41
1450 41
1451 41
1452 41
1453 41
1454 41
1455 15
1456 15
1457 41
1458 41
1459 10
1460 41
1461 41
1462 41
1463 41
1464 41
1465 41
1466 50
1467 41
1468 41
1469 217
1470 15
1471 41
1472 41
1473 41
1474 41
1475 41
1476 41
1477 41
1478 41
1479 40
1480 41
1481 41
1482 15
1483 41
1484 41
1485 41
1486 41
1487 34
1488 15
1489 15
1490 41
1491 41
1492 41
1493 41
1494 34
1495 41
1496 41
1497 21
1498 183
1499 15
1500 15
1501 41
1502 41
1503 41
1504 15
1505 41
1506 34
1507 41
1508 15
1509 41
1510 21
1511 21
1512 32
1513 41
1514 34
1515 41
1516 41
1517 15
1518 41
1519 41
1520 41
1521 41
1522 41
1523 41
1524 15
1525 41
1526 41
1527 41
1528 41
1529 41
1530 41
1531 41
1532 15
1533 41
1534 41
1535 15
1536 41
1537 41
1538 15
1539 41
1540 15
1541 41
1542 97
1543 41
1544 41
1545 34
1546 15
1547 15
1548 41
1549 41
1550 41
1551 15
1552 41
1553 41
1554 41
1555 41
1556 41
1557 41
1558 15
1559 15
1560 15
1561 41
1562 41
1563 160
1564 41
1565 41
1566 41
1567 15
1568 15
1569 41
1570 41
1571 41
1572 41
1573 41
1574 41
1575 41
1576 41
1577 41
1578 41
1579 41
1580 41
1581 41
1582 41
1583 41
1584 32
1585 15
1586 15
1587 15
1588 41
1589 15
1590 41
1591 41
1592 41
1593 41
1594 41
1595 15
1596 41
1597 41
1598 15
1599 15
1600 41
1601 41
1602 41
1603 41
1604 42
1605 15
1606 21
1607 34
1608 34
1609 41
1610 21
1611 41
1612 15
1613 41
1614 41
1615 46
1616 15
1617 34
1618 21
1619 41
1620 41
1621 34
1622 41
1623 41
1624 7
1625 41
1626 32
1627 15
1628 41
1629 41
1630 41
1631 15
1632 41
1633 41
1634 15
1635 41
1636 21
1637 41
1638 41
1639 15
1640 41
1641 41
1642 41
1643 41
1644 41
1645 41
1646 15
1647 15
1648 15
1649 15
1650 34
1651 41
1652 15
1653 41
1654 15
1655 41
1656 41
1657 41
1658 41
1659 15
1660 21
1661 15
1662 41
1663 41
1664 15
1665 15
1666 41
1667 41
1668 41
1669 41
1670 41
1671 15
1672 41
1673 41
1674 41
1675 41
1676 43
1677 41
1678 41
1679 41
1680 21
1681 41
1682 41
1683 15
1684 15
1685 41
1686 41
1687 41
1688 32
1689 41
1690 41
1691 217
1692 41
1693 41
1694 41
1695 15
1696 41
1697 15
1698 213
1699 41
1700 32
1701 41
1702 41
1703 41
1704 15
1705 41
1706 41
1707 41
1708 41
1709 15
1710 41
1711 41
1712 41
1713 86
1714 41
1715 41
1716 41
1717 15
1718 41
1719 41
1720 41
1721 41
1722 41
1723 41
1724 41
1725 15
1726 41
1727 15
1728 17
1729 15
1730 41
1731 41
1732 41
1733 41
1734 41
1735 184
1736 15
1737 41
1738 44
1739 41
1740 41
1741 41
1742 15
1743 41
1744 41
1745 41
1746 41
1747 41
1748 41
1749 41
1750 23
1751 41
1752 41
1753 21
1754 41
1755 41
1756 41
1757 41
1758 15
1759 41
1760 45
1761 41
1762 41
1763 56
1764 41
1765 41
1766 15
1767 41
1768 41
1769 15
1770 21
1771 41
1772 41
1773 37
1774 15
1775 77
1776 173
1777 88
1778 41
1779 41
1780 15
1781 41
1782 41
1783 41
1784 41
1785 41
1786 41
1787 41
1788 41
1789 46
1790 41
1791 41
1792 15
1793 15
1794 41
1795 15
1796 41
1797 41
1798 41
1799 41
1800 41
1801 41
1802 41
1803 41
1804 41
1805 41
1806 41
1807 86
1808 86
1809 15
1810 41
1811 41
1812 41
1813 15
1814 41
1815 41
1816 15
1817 41
1818 41
1819 41
1820 15
1821 41
1822 41
1823 41
1824 41
1825 41
1826 41
1827 41
1828 143
1829 41
1830 15
1831 15
1832 41
1833 15
1834 41
1835 41
1836 41
1837 41
1838 23
1839 47
1840 41
1841 41
1842 15
1843 41
1844 41
1845 41
1846 41
1847 41
1848 41
1849 15
1850 41
1851 15
1852 15
1853 21
1854 41
1855 15
1856 41
1857 41
1858 48
1859 15
1860 41
1861 41
1862 41
1863 47
1864 41
1865 41
1866 15
1867 15
1868 49
1869 41
1870 41
1871 41
1872 41
1873 41
1874 41
1875 15
1876 41
1877 15
1878 213
1879 41
1880 41
1881 41
1882 41
1883 41
1884 50
1885 51
1886 41
1887 41
1888 41
1889 41
1890 41
1891 21
1892 41
1893 52
1894 41
1895 41
1896 15
1897 41
1898 15
1899 41
1900 41
1901 41
1902 41
1903 41
1904 181
1905 41
1906 15
1907 41
1908 41
1909 15
1910 15
1911 41
1912 41
1913 32
1914 15
1915 41
1916 41
1917 15
1918 41
1919 41
1920 41
1921 32
1922 174
1923 46
1924 41
1925 15
1926 21
1927 41
1928 41
1929 41
1930 97
1931 15
1932 15
1933 41
1934 41
1935 41
1936 41
1937 41
1938 41
1939 41
1940 41
1941 15
1942 41
1943 15
1944 41
1945 15
1946 21
1947 15
1948 41
1949 21
1950 72
1951 41
1952 229
1953 15
1954 34
1955 41
1956 41
1957 41
1958 41
1959 15
1960 41
1961 21
1962 41
1963 41
1964 41
1965 41
1966 41
1967 15
1968 41
1969 41
1970 41
1971 41
1972 41
1973 21
1974 41
1975 41
1976 41
1977 41
1978 41
1979 41
1980 15
1981 41
1982 15
1983 93
1984 41
1985 41
1986 41
1987 41
1988 41
1989 41
1990 15
1991 41
1992 41
1993 41
1994 21
1995 41
1996 32
1997 15
1998 41
1999 25
2000 15
2001 53
2002 15
2003 15
2004 41
2005 15
2006 41
2007 41
2008 41
2009 41
2010 34
2011 41
2012 41
2013 41
2014 15
2015 41
2016 54
2017 41
2018 41
2019 41
2020 41
2021 41
2022 41
2023 41
2024 41
2025 27
2026 41
2027 41
2028 41
2029 15
2030 41
2031 41
2032 41
2033 211
2034 41
2035 15
2036 41
2037 15
2038 15
2039 41
2040 41
2041 41
2042 41
2043 32
2044 41
2045 41
2046 15
2047 15
2048 41
2049 41
2050 41
2051 41
2052 45
2053 41
2054 41
2055 41
2056 41
2057 41
2058 41
2059 15
2060 15
2061 41
2062 41
2063 41
2064 34
2065 10
2066 15
2067 32
2068 41
2069 41
2070 41
2071 21
2072 32
2073 44
2074 41
2075 15
2076 41
2077 41
2078 41
2079 41
2080 15
2081 54
2082 41
2083 41
2084 41
2085 41
2086 21
2087 15
2088 21
2089 15
2090 15
2091 15
2092 15
2093 21
2094 21
2095 15
2096 41
2097 41
2098 41
2099 15
2100 32
2101 15
2102 41
2103 41
2104 41
2105 41
2106 46
2107 41
2108 15
2109 41
2110 15
2111 41
2112 41
2113 21
2114 41
2115 15
2116 15
2117 41
2118 41
2119 41
2120 41
2121 41
2122 41
2123 55
2124 41
2125 41
2126 41
2127 41
2128 41
2129 41
2130 41
2131 41
2132 41
2133 21
2134 41
2135 15
2136 21
2137 41
2138 29
2139 41
2140 15
2141 15
2142 41
2143 24
2144 41
2145 41
2146 41
2147 41
2148 56
2149 41
2150 37
2151 41
2152 41
2153 41
2154 41
2155 41
2156 41
2157 41
2158 41
2159 15
2160 41
2161 15
2162 41
2163 41
2164 41
2165 15
2166 41
2167 41
2168 15
2169 15
2170 21
2171 41
2172 41
2173 15
2174 15
2175 15
2176 28
2177 41
2178 15
2179 57
2180 58
2181 15
2182 59
2183 59
2184 21
2185 15
2186 46
2187 41
2188 41
2189 41
2190 41
2191 41
2192 21
2193 41
2194 60
2195 41
2196 41
2197 41
2198 41
2199 41
2200 61
2201 61
2202 15
2203 41
2204 15
2205 21
2206 41
2207 41
2208 41
2209 41
2210 15
2211 41
2212 21
2213 41
2214 15
2215 41
2216 41
2217 41
2218 21
2219 41
2220 41
2221 62
2222 32
2223 41
2224 41
2225 41
2226 41
2227 41
2228 15
2229 21
2230 15
2231 41
2232 15
2233 21
2234 21
2235 41
2236 41
2237 15
2238 41
2239 41
2240 21
2241 15
2242 15
2243 41
2244 41
2245 41
2246 41
2247 15
2248 63
2249 41
2250 41
2251 34
2252 21
2253 15
2254 41
2255 64
2256 41
2257 41
2258 41
2259 41
2260 15
2261 15
2262 41
2263 41
2264 15
2265 41
2266 41
2267 41
2268 41
2269 41
2270 41
2271 15
2272 41
2273 46
2274 21
2275 15
2276 15
2277 41
2278 34
2279 41
2280 45
2281 41
2282 15
2283 65
2284 41
2285 41
2286 41
2287 41
2288 32
2289 37
2290 15
2291 21
2292 41
2293 41
2294 15
2295 66
2296 41
2297 41
2298 41
2299 15
2300 41
2301 41
2302 41
2303 15
2304 41
2305 15
2306 15
2307 41
2308 15
2309 15
2310 41
2311 67
2312 41
2313 41
2314 15
2315 41
2316 21
2317 15
2318 21
2319 15
2320 41
2321 32
2322 15
2323 41
2324 41
2325 68
2326 41
2327 15
2328 15
2329 41
2330 15
2331 41
2332 41
2333 41
2334 15
2335 15
2336 41
2337 46
2338 160
2339 41
2340 41
2341 41
2342 41
2343 41
2344 41
2345 15
2346 41
2347 41
2348 10
2349 21
2350 41
2351 15
2352 41
2353 41
2354 41
2355 41
2356 41
2357 69
2358 32
2359 41
2360 15
2361 21
2362 15
2363 15
2364 41
2365 34
2366 41
2367 41
2368 41
2369 41
2370 15
2371 70
2372 41
2373 41
2374 41
2375 41
2376 41
2377 41
2378 41
2379 41
2380 15
2381 41
2382 41
2383 15
2384 71
2385 41
2386 41
2387 41
2388 41
2389 41
2390 153
2391 41
2392 41
2393 41
2394 41
2395 41
2396 41
2397 41
2398 41
2399 41
2400 41
2401 41
2402 41
2403 41
2404 41
2405 21
2406 15
2407 41
2408 41
2409 15
2410 41
2411 41
2412 41
2413 15
2414 41
2415 41
2416 72
2417 41
2418 41
2419 41
2420 217
2421 41
2422 15
2423 41
2424 41
2425 41
2426 15
2427 15
2428 34
2429 215
2430 15
2431 41
2432 41
2433 15
2434 41
2435 41
2436 41
2437 116
2438 15
2439 41
2440 21
2441 15
2442 46
2443 15
2444 34
2445 41
2446 41
2447 41
2448 41
2449 151
2450 15
2451 41
2452 15
2453 41
2454 41
2455 41
2456 41
2457 41
2458 41
2459 15
2460 15
2461 15
2462 67
2463 41
2464 41
2465 41
2466 15
2467 41
2468 15
2469 41
2470 41
2471 41
2472 41
2473 41
2474 15
2475 41
2476 41
2477 41
2478 41
2479 41
2480 41
2481 73
2482 41
2483 21
2484 41
2485 41
2486 21
2487 41
2488 41
2489 41
2490 41
2491 41
2492 21
2493 41
2494 37
2495 15
2496 15
2497 41
2498 21
2499 41
2500 41
2501 15
2502 21
2503 41
2504 15
2505 41
2506 15
2507 41
2508 15
2509 15
2510 21
2511 41
2512 74
2513 15
2514 15
2515 41
2516 41
2517 41
2518 41
2519 15
2520 15
2521 41
2522 41
2523 41
2524 75
2525 41
2526 15
2527 41
2528 41
2529 46
2530 15
2531 15
2532 41
2533 51
2534 41
2535 41
2536 41
2537 41
2538 41
2539 41
2540 15
2541 15
2542 15
2543 41
2544 41
2545 41
2546 41
2547 41
2548 15
2549 41
2550 41
2551 15
2552 21
2553 41
2554 41
2555 15
2556 41
2557 41
2558 41
2559 41
2560 41
2561 41
2562 41
2563 41
2564 21
2565 41
2566 41
2567 41
2568 41
2569 15
2570 46
2571 41
2572 41
2573 41
2574 41
2575 41
2576 21
2577 15
2578 41
2579 41
2580 15
2581 41
2582 41
2583 126
2584 41
2585 41
2586 15
2587 46
2588 41
2589 64
2590 41
2591 41
2592 46
2593 41
2594 41
2595 41
2596 15
2597 41
2598 76
2599 41
2600 32
2601 15
2602 21
2603 15
2604 41
2605 41
2606 41
2607 41
2608 41
2609 41
2610 41
2611 41
2612 15
2613 15
2614 41
2615 41
2616 120
2617 41
2618 15
2619 41
2620 41
2621 41
2622 41
2623 41
2624 41
2625 41
2626 191
2627 21
2628 41
2629 41
2630 15
2631 32
2632 15
2633 15
2634 41
2635 15
2636 41
2637 32
2638 41
2639 15
2640 41
2641 46
2642 15
2643 41
2644 15
2645 15
2646 41
2647 41
2648 41
2649 21
2650 41
2651 21
2652 21
2653 41
2654 41
2655 41
2656 21
2657 41
2658 41
2659 78
2660 41
2661 41
2662 41
2663 15
2664 21
2665 41
2666 15
2667 34
2668 21
2669 41
2670 41
2671 41
2672 41
2673 15
2674 15
2675 41
2676 15
2677 41
2678 15
2679 15
2680 41
2681 41
2682 79
2683 15
2684 41
2685 15
2686 15
2687 41
2688 41
2689 21
2690 15
2691 21
2692 15
2693 41
2694 41
2695 41
2696 15
2697 41
2698 41
2699 41
2700 41
2701 41
2702 15
2703 15
2704 41
2705 15
2706 15
2707 41
2708 41
2709 15
2710 15
2711 46
2712 41
2713 41
2714 41
2715 15
2716 41
2717 41
2718 41
2719 15
2720 41
2721 41
2722 15
2723 15
2724 41
2725 41
2726 41
2727 41
2728 15
2729 15
2730 15
2731 15
2732 41
2733 41
2734 21
2735 41
2736 15
2737 41
2738 41
2739 41
2740 46
2741 15
2742 15
2743 15
2744 20
2745 41
2746 41
2747 41
2748 80
2749 41
2750 41
2751 41
2752 41
2753 21
2754 15
2755 41
2756 15
2757 41
2758 46
2759 41
2760 15
2761 22
2762 21
2763 41
2764 41
2765 41
2766 15
2767 15
2768 41
2769 15
2770 41
2771 41
2772 81
2773 41
2774 41
2775 41
2776 15
2777 41
2778 41
2779 32
2780 41
2781 41
2782 41
2783 41
2784 41
2785 41
2786 41
2787 41
2788 41
2789 41
2790 41
2791 41
2792 15
2793 41
2794 41
2795 41
2796 41
2797 32
2798 21
2799 41
2800 123
2801 15
2802 41
2803 41
2804 15
2805 15
2806 41
2807 21
2808 21
2809 174
2810 15
2811 15
2812 15
2813 32
2814 41
2815 102
2816 41
2817 41
2818 11
2819 41
2820 41
2821 41
2822 44
2823 41
2824 82
2825 41
2826 41
2827 83
2828 15
2829 41
2830 41
2831 41
2832 41
2833 41
2834 41
2835 41
2836 15
2837 34
2838 41
2839 41
2840 41
2841 15
2842 32
2843 41
2844 41
2845 41
2846 213
2847 41
2848 15
2849 41
2850 41
2851 41
2852 41
2853 41
2854 21
2855 84
2856 15
2857 15
2858 41
2859 41
2860 85
2861 41
2862 15
2863 15
2864 41
2865 41
2866 15
2867 15
2868 41
2869 41
2870 37
2871 15
2872 41
2873 15
2874 86
2875 86
2876 87
2877 41
2878 41
2879 41
2880 88
2881 41
2882 217
2883 41
2884 41
2885 41
2886 15
2887 41
2888 15
2889 15
2890 41
2891 41
2892 41
2893 41
2894 41
2895 41
2896 89
2897 41
2898 41
2899 15
2900 41
2901 41
2902 41
2903 15
2904 21
2905 41
2906 41
2907 41
2908 15
2909 41
2910 41
2911 41
2912 15
2913 41
2914 15
2915 41
2916 41
2917 41
2918 15
2919 41
2920 41
2921 41
2922 41
2923 34
2924 41
2925 41
2926 90
2927 41
2928 15
2929 32
2930 41
2931 41
2932 41
2933 41
2934 41
2935 41
2936 15
2937 41
2938 41
2939 41
2940 41
2941 41
2942 15
2943 15
2944 41
2945 15
2946 15
2947 15
2948 91
2949 41
2950 41
2951 41
2952 41
2953 92
2954 32
2955 41
2956 41
2957 41
2958 15
2959 93
2960 41
2961 41
2962 15
2963 15
2964 94
2965 95
2966 32
2967 41
2968 41
2969 41
2970 15
2971 15
2972 77
2973 41
2974 41
2975 41
2976 15
2977 41
2978 21
2979 41
2980 41
2981 41
2982 15
2983 15
2984 41
2985 41
2986 15
2987 15
2988 34
2989 34
2990 41
2991 41
2992 34
2993 41
2994 34
2995 41
2996 15
2997 41
2998 15
2999 41
3000 41
3001 41
3002 41
3003 41
3004 34
3005 41
3006 41
3007 15
3008 41
3009 15
3010 41
3011 41
3012 41
3013 41
3014 41
3015 41
3016 41
3017 41
3018 41
3019 21
3020 41
3021 41
3022 41
3023 15
3024 41
3025 41
3026 41
3027 26
3028 21
3029 166
3030 41
3031 41
3032 41
3033 41
3034 41
3035 41
3036 15
3037 41
3038 21
3039 21
3040 15
3041 41
3042 15
3043 15
3044 15
3045 41
3046 96
3047 41
3048 41
3049 15
3050 41
3051 41
3052 41
3053 15
3054 41
3055 41
3056 15
3057 15
3058 41
3059 41
3060 41
3061 41
3062 15
3063 15
3064 41
3065 41
3066 41
3067 21
3068 41
3069 21
3070 41
3071 41
3072 15
3073 41
3074 41
3075 41
3076 41
3077 41
3078 41
3079 41
3080 41
3081 97
3082 41
3083 83
3084 52
3085 41
3086 41
3087 15
3088 41
3089 15
3090 98
3091 21
3092 21
3093 41
3094 34
3095 220
3096 15
3097 41
3098 41
3099 34
3100 41
3101 41
3102 88
3103 98
3104 41
3105 15
3106 41
3107 41
3108 15
3109 32
3110 41
3111 41
3112 41
3113 41
3114 41
3115 41
3116 41
3117 41
3118 21
3119 41
3120 87
3121 15
3122 41
3123 21
3124 15
3125 41
3126 41
3127 21
3128 15
3129 41
3130 41
3131 21
3132 41
3133 15
3134 15
3135 41
3136 15
3137 41
3138 15
3139 41
3140 41
3141 41
3142 41
3143 41
3144 41
3145 41
3146 41
3147 41
3148 41
3149 41
3150 41
3151 41
3152 21
3153 32
3154 41
3155 15
3156 41
3157 41
3158 15
3159 15
3160 21
3161 34
3162 41
3163 41
3164 21
3165 15
3166 41
3167 41
3168 41
3169 41
3170 41
3171 32
3172 41
3173 41
3174 41
3175 21
3176 41
3177 41
3178 32
3179 15
3180 21
3181 99
3182 37
3183 15
3184 41
3185 41
3186 15
3187 21
3188 15
3189 15
3190 100
3191 15
3192 15
3193 37
3194 41
3195 41
3196 15
3197 41
3198 41
3199 214
3200 41
3201 41
3202 21
3203 41
3204 41
3205 41
3206 41
3207 15
3208 41
3209 41
3210 41
3211 41
3212 19
3213 101
3214 15
3215 41
3216 41
3217 41
3218 41
3219 15
3220 41
3221 41
3222 15
3223 41
3224 41
3225 41
3226 41
3227 41
3228 41
3229 34
3230 41
3231 41
3232 41
3233 21
3234 41
3235 41
3236 21
3237 41
3238 21
3239 41
3240 15
3241 15
3242 41
3243 97
3244 41
3245 213
3246 84
3247 34
3248 15
3249 15
3250 15
3251 15
3252 15
3253 41
3254 41
3255 41
3256 41
3257 41
3258 41
3259 41
3260 41
3261 41
3262 15
3263 41
3264 15
3265 32
3266 41
3267 15
3268 41
3269 41
3270 41
3271 74
3272 41
3273 41
3274 46
3275 15
3276 41
3277 41
3278 41
3279 15
3280 15
3281 41
3282 41
3283 41
3284 15
3285 41
3286 41
3287 15
3288 41
3289 41
3290 41
3291 41
3292 27
3293 41
3294 41
3295 41
3296 41
3297 41
3298 34
3299 41
3300 21
3301 41
3302 41
3303 18
3304 120
3305 41
3306 41
3307 32
3308 102
3309 41
3310 41
3311 32
3312 41
3313 41
3314 41
3315 22
3316 15
3317 41
3318 41
3319 41
3320 172
3321 41
3322 41
3323 41
3324 41
3325 21
3326 41
3327 41
3328 41
3329 41
3330 15
3331 41
3332 34
3333 15
3334 41
3335 21
3336 41
3337 41
3338 41
3339 41
3340 41
3341 41
3342 15
3343 41
3344 21
3345 41
3346 97
3347 41
3348 41
3349 21
3350 41
3351 15
3352 41
3353 41
3354 103
3355 32
3356 41
3357 41
3358 15
3359 41
3360 21
3361 41
3362 15
3363 15
3364 41
3365 15
3366 41
3367 41
3368 41
3369 15
3370 121
3371 15
3372 41
3373 21
3374 41
3375 41
3376 41
3377 41
3378 41
3379 41
3380 41
3381 41
3382 70
3383 21
3384 41
3385 41
3386 41
3387 41
3388 156
3389 41
3390 41
3391 15
3392 41
3393 41
3394 41
3395 134
3396 41
3397 36
3398 15
3399 104
3400 41
3401 41
3402 21
3403 41
3404 41
3405 15
3406 41
3407 41
3408 41
3409 41
3410 34
3411 41
3412 41
3413 41
3414 13
3415 41
3416 41
3417 15
3418 41
3419 41
3420 41
3421 15
3422 41
3423 21
3424 105
3425 21
3426 41
3427 41
3428 41
3429 15
3430 41
3431 41
3432 41
3433 41
3434 15
3435 106
3436 32
3437 41
3438 41
3439 15
3440 41
3441 15
3442 41
3443 41
3444 41
3445 41
3446 41
3447 41
3448 41
3449 15
3450 21
3451 15
3452 41
3453 41
3454 21
3455 41
3456 41
3457 190
3458 41
3459 15
3460 41
3461 15
3462 15
3463 41
3464 2
3465 41
3466 41
3467 41
3468 29
3469 32
3470 15
3471 15
3472 41
3473 41
3474 41
3475 41
3476 15
3477 41
3478 41
3479 41
3480 41
3481 41
3482 41
3483 34
3484 34
3485 41
3486 41
3487 41
3488 41
3489 34
3490 41
3491 41
3492 37
3493 41
3494 41
3495 203
3496 10
3497 41
3498 15
3499 41
3500 41
3501 21
3502 41
3503 107
3504 41
3505 15
3506 41
3507 41
3508 41
3509 21
3510 41
3511 41
3512 108
3513 21
3514 15
3515 41
3516 15
3517 41
3518 41
3519 41
3520 41
3521 15
3522 15
3523 109
3524 15
3525 15
3526 15
3527 15
3528 41
3529 41
3530 41
3531 41
3532 41
3533 15
3534 15
3535 41
3536 15
3537 41
3538 41
3539 21
3540 15
3541 41
3542 41
3543 41
3544 41
3545 14
3546 41
3547 41
3548 41
3549 41
3550 41
3551 32
3552 41
3553 34
3554 41
3555 15
3556 41
3557 41
3558 41
3559 41
3560 41
3561 41
3562 15
3563 41
3564 41
3565 15
3566 41
3567 15
3568 15
3569 41
3570 41
3571 158
3572 15
3573 41
3574 41
3575 41
3576 41
3577 41
3578 41
3579 41
3580 15
3581 41
3582 41
3583 41
3584 41
3585 41
3586 41
3587 41
3588 41
3589 110
3590 41
3591 41
3592 15
3593 41
3594 41
3595 41
3596 41
3597 41
3598 34
3599 34
3600 41
3601 15
3602 32
3603 41
3604 41
3605 41
3606 41
3607 41
3608 41
3609 15
3610 41
3611 41
3612 41
3613 41
3614 15
3615 15
3616 41
3617 41
3618 21
3619 15
3620 92
3621 15
3622 41
3623 15
3624 41
3625 41
3626 41
3627 41
3628 15
3629 41
3630 41
3631 41
3632 15
3633 41
3634 21
3635 21
3636 15
3637 15
3638 15
3639 41
3640 41
3641 41
3642 15
3643 21
3644 41
3645 41
3646 21
3647 41
3648 41
3649 41
3650 15
3651 41
3652 174
3653 34
3654 41
3655 41
3656 15
3657 15
3658 41
3659 41
3660 41
3661 41
3662 41
3663 41
3664 15
3665 41
3666 32
3667 15
3668 15
3669 41
3670 41
3671 41
3672 41
3673 41
3674 15
3675 41
3676 41
3677 41
3678 41
3679 111
3680 34
3681 41
3682 41
3683 41
3684 41
3685 41
3686 41
3687 15
3688 41
3689 41
3690 41
3691 41
3692 41
3693 21
3694 41
3695 21
3696 41
3697 41
3698 41
3699 41
3700 21
3701 41
3702 41
3703 41
3704 34
3705 15
3706 41
3707 15
3708 21
3709 15
3710 15
3711 21
3712 41
3713 41
3714 41
3715 15
3716 41
3717 41
3718 208
3719 41
3720 15
3721 41
3722 32
3723 41
3724 32
3725 41
3726 41
3727 41
3728 15
3729 46
3730 41
3731 15
3732 41
3733 46
3734 41
3735 41
3736 21
3737 41
3738 21
3739 41
3740 41
3741 41
3742 41
3743 41
3744 41
3745 41
3746 41
3747 41
3748 15
3749 41
3750 41
3751 41
3752 41
3753 41
3754 15
3755 41
3756 41
3757 32
3758 41
3759 41
3760 41
3761 41
3762 41
3763 41
3764 41
3765 41
3766 41
3767 15
3768 41
3769 21
3770 21
3771 112
3772 15
3773 112
3774 41
3775 41
3776 41
3777 41
3778 41
3779 41
3780 41
3781 41
3782 15
3783 41
3784 113
3785 15
3786 41
3787 21
3788 41
3789 41
3790 114
3791 41
3792 41
3793 21
3794 41
3795 0
3796 15
3797 41
3798 41
3799 15
3800 15
3801 15
3802 15
3803 115
3804 34
3805 32
3806 41
3807 41
3808 21
3809 41
3810 41
3811 41
3812 41
3813 15
3814 15
3815 41
3816 15
3817 15
3818 41
3819 41
3820 41
3821 41
3822 116
3823 15
3824 21
3825 15
3826 41
3827 15
3828 41
3829 117
3830 15
3831 41
3832 41
3833 41
3834 41
3835 41
3836 41
3837 41
3838 67
3839 41
3840 41
3841 29
3842 41
3843 15
3844 15
3845 41
3846 41
3847 41
3848 6
3849 41
3850 96
3851 15
3852 41
3853 41
3854 21
3855 15
3856 10
3857 46
3858 21
3859 41
3860 41
3861 41
3862 15
3863 15
3864 41
3865 41
3866 41
3867 41
3868 41
3869 15
3870 41
3871 41
3872 21
3873 41
3874 41
3875 41
3876 41
3877 21
3878 41
3879 15
3880 41
3881 15
3882 41
3883 41
3884 41
3885 41
3886 15
3887 41
3888 15
3889 15
3890 41
3891 15
3892 41
3893 15
3894 41
3895 15
3896 41
3897 15
3898 118
3899 15
3900 41
3901 15
3902 41
3903 225
3904 15
3905 41
3906 41
3907 41
3908 41
3909 15
3910 15
3911 41
3912 15
3913 41
3914 41
3915 15
3916 41
3917 41
3918 190
3919 41
3920 41
3921 41
3922 41
3923 15
3924 15
3925 15
3926 41
3927 86
3928 34
3929 41
3930 23
3931 41
3932 41
3933 41
3934 41
3935 41
3936 41
3937 41
3938 15
3939 15
3940 41
3941 41
3942 41
3943 41
3944 41
3945 41
3946 15
3947 41
3948 15
3949 41
3950 119
3951 41
3952 41
3953 15
3954 41
3955 21
3956 41
3957 41
3958 41
3959 41
3960 41
3961 15
3962 41
3963 41
3964 41
3965 32
3966 41
3967 15
3968 46
3969 15
3970 15
3971 41
3972 41
3973 41
3974 15
3975 41
3976 15
3977 41
3978 41
3979 41
3980 120
3981 41
3982 15
3983 15
3984 41
3985 41
3986 121
3987 21
3988 46
3989 41
3990 46
3991 227
3992 41
3993 41
3994 41
3995 15
3996 21
3997 15
3998 15
3999 15
4000 41
4001 41
4002 41
4003 41
4004 15
4005 41
4006 15
4007 41
4008 41
4009 41
4010 15
4011 41
4012 41
4013 41
4014 41
4015 41
4016 41
4017 122
4018 34
4019 41
4020 15
4021 34
4022 41
4023 41
4024 41
4025 15
4026 15
4027 15
4028 21
4029 34
4030 41
4031 15
4032 41
4033 41
4034 195
4035 41
4036 34
4037 21
4038 15
4039 41
4040 15
4041 41
4042 41
4043 21
4044 125
4045 34
4046 15
4047 15
4048 41
4049 41
4050 21
4051 41
4052 37
4053 41
4054 41
4055 15
4056 41
4057 41
4058 171
4059 15
4060 41
4061 41
4062 41
4063 15
4064 82
4065 82
4066 41
4067 21
4068 15
4069 41
4070 41
4071 41
4072 41
4073 15
4074 41
4075 41
4076 41
4077 41
4078 15
4079 125
4080 41
4081 15
4082 41
4083 41
4084 41
4085 41
4086 217
4087 41
4088 41
4089 34
4090 21
4091 41
4092 41
4093 15
4094 15
4095 41
4096 41
4097 41
4098 41
4099 15
4100 15
4101 41
4102 41
4103 41
4104 46
4105 41
4106 41
4107 41
4108 15
4109 15
4110 41
4111 136
4112 46
4113 15
4114 15
4115 21
4116 15
4117 15
4118 34
4119 41
4120 174
4121 41
4122 41
4123 21
4124 41
4125 41
4126 41
4127 41
4128 41
4129 41
4130 15
4131 46
4132 21
4133 21
4134 41
4135 34
4136 52
4137 41
4138 41
4139 41
4140 15
4141 21
4142 41
4143 41
4144 41
4145 15
4146 45
4147 15
4148 15
4149 41
4150 41
4151 15
4152 15
4153 41
4154 41
4155 15
4156 15
4157 41
4158 41
4159 34
4160 21
4161 41
4162 41
4163 41
4164 41
4165 15
4166 41
4167 41
4168 41
4169 41
4170 15
4171 41
4172 41
4173 41
4174 15
4175 41
4176 21
4177 41
4178 41
4179 41
4180 21
4181 15
4182 41
4183 15
4184 15
4185 41
4186 41
4187 41
4188 41
4189 21
4190 41
4191 41
4192 41
4193 15
4194 15
4195 15
4196 41
4197 15
4198 41
4199 41
4200 32
4201 41
4202 41
4203 37
4204 41
4205 15
4206 15
4207 41
4208 41
4209 39
4210 41
4211 41
4212 41
4213 41
4214 41
4215 21
4216 15
4217 41
4218 15
4219 41
4220 15
4221 41
4222 41
4223 41
4224 41
4225 41
4226 41
4227 15
4228 41
4229 41
4230 15
4231 41
4232 41
4233 15
4234 15
4235 41
4236 41
4237 15
4238 21
4239 41
4240 15
4241 41
4242 41
4243 41
4244 41
4245 15
4246 41
4247 41
4248 15
4249 32
4250 21
4251 21
4252 45
4253 41
4254 15
4255 41
4256 41
4257 41
4258 32
4259 41
4260 41
4261 41
4262 41
4263 32
4264 21
4265 41
4266 41
4267 15
4268 15
4269 168
4270 41
4271 15
4272 32
4273 15
4274 41
4275 144
4276 21
4277 15
4278 21
4279 15
4280 32
4281 15
4282 15
4283 41
4284 41
4285 21
4286 41
4287 41
4288 41
4289 41
4290 41
4291 15
4292 41
4293 41
4294 174
4295 41
4296 21
4297 41
4298 41
4299 41
4300 41
4301 12
4302 41
4303 15
4304 15
4305 15
4306 41
4307 37
4308 213
4309 86
4310 15
4311 41
4312 15
4313 41
4314 86
4315 15
4316 15
4317 110
4318 41
4319 15
4320 41
4321 41
4322 41
4323 41
4324 32
4325 41
4326 15
4327 41
4328 41
4329 41
4330 123
4331 124
4332 41
4333 41
4334 125
4335 15
4336 41
4337 41
4338 41
4339 41
4340 21
4341 15
4342 41
4343 41
4344 15
4345 41
4346 0
4347 15
4348 15
4349 126
4350 41
4351 41
4352 15
4353 41
4354 15
4355 41
4356 21
4357 21
4358 15
4359 127
4360 41
4361 41
4362 41
4363 15
4364 41
4365 41
4366 41
4367 41
4368 41
4369 45
4370 41
4371 15
4372 41
4373 41
4374 41
4375 15
4376 15
4377 32
4378 21
4379 41
4380 21
4381 41
4382 15
4383 41
4384 41
4385 41
4386 32
4387 41
4388 41
4389 41
4390 41
4391 41
4392 41
4393 41
4394 15
4395 41
4396 41
4397 41
4398 41
4399 41
4400 41
4401 15
4402 41
4403 41
4404 41
4405 41
4406 174
4407 41
4408 41
4409 34
4410 15
4411 41
4412 41
4413 21
4414 41
4415 15
4416 15
4417 41
4418 41
4419 41
4420 41
4421 15
4422 41
4423 41
4424 41
4425 15
4426 15
4427 41
4428 15
4429 118
4430 15
4431 41
4432 15
4433 41
4434 15
4435 113
4436 41
4437 41
4438 41
4439 15
4440 41
4441 41
4442 41
4443 41
4444 128
4445 41
4446 15
4447 41
4448 41
4449 41
4450 41
4451 41
4452 41
4453 15
4454 15
4455 15
4456 32
4457 41
4458 15
4459 41
4460 15
4461 15
4462 129
4463 41
4464 32
4465 15
4466 41
4467 41
4468 41
4469 41
4470 15
4471 41
4472 41
4473 41
4474 41
4475 46
4476 130
4477 15
4478 41
4479 41
4480 15
4481 41
4482 37
4483 41
4484 41
4485 41
4486 41
4487 41
4488 41
4489 41
4490 41
4491 41
4492 15
4493 41
4494 41
4495 41
4496 41
4497 34
4498 34
4499 41
4500 41
4501 41
4502 41
4503 41
4504 15
4505 15
4506 15
4507 41
4508 15
4509 41
4510 41
4511 41
4512 41
4513 41
4514 41
4515 41
4516 21
4517 41
4518 41
4519 41
4520 41
4521 15
4522 41
4523 15
4524 15
4525 37
4526 41
4527 41
4528 41
4529 41
4530 41
4531 41
4532 15
4533 41
4534 131
4535 32
4536 15
4537 41
4538 41
4539 15
4540 15
4541 21
4542 15
4543 41
4544 21
4545 41
4546 41
4547 41
4548 41
4549 15
4550 41
4551 41
4552 41
4553 41
4554 21
4555 41
4556 21
4557 41
4558 15
4559 132
4560 34
4561 15
4562 15
4563 34
4564 41
4565 41
4566 41
4567 15
4568 21
4569 32
4570 15
4571 15
4572 27
4573 15
4574 15
4575 142
4576 41
4577 37
4578 37
4579 37
4580 15
4581 41
4582 46
4583 41
4584 32
4585 21
4586 41
4587 46
4588 41
4589 21
4590 15
4591 41
4592 21
4593 41
4594 13
4595 13
4596 41
4597 41
4598 41
4599 21
4600 21
4601 37
4602 15
4603 41
4604 41
4605 41
4606 41
4607 41
4608 15
4609 41
4610 41
4611 15
4612 133
4613 41
4614 41
4615 21
4616 15
4617 41
4618 15
4619 41
4620 15
4621 41
4622 15
4623 41
4624 92
4625 41
4626 15
4627 32
4628 15
4629 21
4630 41
4631 41
4632 41
4633 41
4634 15
4635 41
4636 41
4637 41
4638 41
4639 15
4640 41
4641 15
4642 41
4643 41
4644 41
4645 41
4646 41
4647 41
4648 41
4649 134
4650 15
4651 41
4652 15
4653 32
4654 135
4655 41
4656 15
4657 41
4658 41
4659 41
4660 34
4661 15
4662 41
4663 41
4664 15
4665 41
4666 41
4667 15
4668 41
4669 21
4670 41
4671 22
4672 21
4673 41
4674 15
4675 41
4676 41
4677 41
4678 15
4679 15
4680 41
4681 41
4682 15
4683 41
4684 41
4685 41
4686 41
4687 41
4688 21
4689 21
4690 41
4691 15
4692 41
4693 41
4694 41
4695 41
4696 21
4697 41
4698 15
4699 41
4700 41
4701 41
4702 41
4703 41
4704 41
4705 15
4706 41
4707 41
4708 15
4709 34
4710 34
4711 15
4712 41
4713 48
4714 15
4715 41
4716 21
4717 41
4718 15
4719 41
4720 15
4721 131
4722 41
4723 41
4724 32
4725 15
4726 15
4727 41
4728 41
4729 15
4730 41
4731 41
4732 41
4733 68
4734 15
4735 32
4736 41
4737 41
4738 41
4739 41
4740 41
4741 41
4742 32
4743 15
4744 41
4745 15
4746 41
4747 15
4748 41
4749 41
4750 15
4751 32
4752 41
4753 41
4754 41
4755 41
4756 217
4757 15
4758 136
4759 41
4760 41
4761 15
4762 41
4763 15
4764 41
4765 41
4766 41
4767 15
4768 32
4769 41
4770 41
4771 15
4772 46
4773 41
4774 41
4775 15
4776 41
4777 41
4778 41
4779 41
4780 41
4781 41
4782 41
4783 41
4784 41
4785 15
4786 41
4787 41
4788 137
4789 41
4790 41
4791 41
4792 15
4793 41
4794 15
4795 41
4796 41
4797 15
4798 21
4799 21
4800 41
4801 21
4802 15
4803 15
4804 15
4805 21
4806 21
4807 21
4808 41
4809 41
4810 41
4811 41
4812 41
4813 32
4814 15
4815 41
4816 41
4817 15
4818 41
4819 146
4820 41
4821 41
4822 15
4823 15
4824 41
4825 41
4826 41
4827 41
4828 138
4829 41
4830 15
4831 41
4832 41
4833 21
4834 15
4835 15
4836 15
4837 41
4838 41
4839 41
4840 21
4841 15
4842 41
4843 15
4844 41
4845 15
4846 139
4847 139
4848 41
4849 41
4850 41
4851 41
4852 41
4853 15
4854 15
4855 41
4856 15
4857 15
4858 41
4859 15
4860 41
4861 41
4862 37
4863 41
4864 15
4865 41
4866 41
4867 41
4868 21
4869 41
4870 15
4871 101
4872 41
4873 15
4874 41
4875 41
4876 10
4877 41
4878 15
4879 41
4880 15
4881 41
4882 41
4883 21
4884 41
4885 43
4886 15
4887 41
4888 15
4889 41
4890 15
4891 41
4892 41
4893 41
4894 15
4895 41
4896 41
4897 15
4898 15
4899 41
4900 41
4901 15
4902 15
4903 41
4904 41
4905 41
4906 34
4907 21
4908 41
4909 41
4910 15
4911 14
4912 32
4913 41
4914 21
4915 41
4916 41
4917 41
4918 41
4919 41
4920 41
4921 41
4922 34
4923 41
4924 41
4925 41
4926 41
4927 41
4928 41
4929 41
4930 41
4931 41
4932 15
4933 41
4934 41
4935 41
4936 15
4937 15
4938 15
4939 41
4940 21
4941 41
4942 41
4943 41
4944 41
4945 15
4946 10
4947 41
4948 140
4949 15
4950 41
4951 21
4952 141
4953 15
4954 41
4955 41
4956 41
4957 15
4958 41
4959 41
4960 15
4961 41
4962 41
4963 41
4964 41
4965 15
4966 174
4967 41
4968 77
4969 142
4970 41
4971 15
4972 41
4973 15
4974 15
4975 41
4976 41
4977 41
4978 41
4979 41
4980 41
4981 41
4982 41
4983 41
4984 41
4985 15
4986 15
4987 41
4988 15
4989 21
4990 41
4991 41
4992 37
4993 41
4994 21
4995 41
4996 15
4997 15
4998 37
4999 41
5000 15
5001 105
5002 41
5003 41
5004 41
5005 9
5006 41
5007 41
5008 41
5009 41
5010 41
5011 15
5012 91
5013 21
5014 41
5015 18
5016 41
5017 143
5018 15
5019 41
5020 34
5021 41
5022 41
5023 41
5024 15
5025 41
5026 41
5027 41
5028 41
5029 15
5030 41
5031 41
5032 41
5033 41
5034 41
5035 41
5036 41
5037 21
5038 41
5039 37
5040 41
5041 41
5042 21
5043 41
5044 15
5045 144
5046 21
5047 41
5048 41
5049 41
5050 41
5051 41
5052 41
5053 15
5054 41
5055 41
5056 41
5057 41
5058 41
5059 41
5060 41
5061 145
5062 15
5063 41
5064 41
5065 41
5066 21
5067 15
5068 20
5069 146
5070 41
5071 37
5072 21
5073 21
5074 41
5075 15
5076 37
5077 41
5078 15
5079 15
5080 41
5081 21
5082 41
5083 15
5084 41
5085 41
5086 41
5087 41
5088 15
5089 41
5090 41
5091 15
5092 36
5093 10
5094 10
5095 41
5096 41
5097 41
5098 41
5099 36
5100 15
5101 15
5102 15
5103 15
5104 41
5105 41
5106 34
5107 41
5108 41
5109 41
5110 15
5111 41
5112 41
5113 41
5114 41
5115 15
5116 41
5117 41
5118 41
5119 41
5120 41
5121 32
5122 41
5123 41
5124 41
5125 15
5126 15
5127 41
5128 41
5129 32
5130 41
5131 41
5132 41
5133 41
5134 41
5135 15
5136 41
5137 41
5138 41
5139 41
5140 15
5141 41
5142 41
5143 15
5144 41
5145 41
5146 41
5147 46
5148 41
5149 41
5150 41
5151 15
5152 15
5153 41
5154 43
5155 41
5156 41
5157 15
5158 15
5159 41
5160 41
5161 15
5162 34
5163 15
5164 41
5165 41
5166 15
5167 32
5168 41
5169 41
5170 217
5171 15
5172 41
5173 15
5174 21
5175 41
5176 15
5177 37
5178 15
5179 41
5180 41
5181 37
5182 15
5183 15
5184 41
5185 41
5186 15
5187 41
5188 41
5189 41
5190 15
5191 41
5192 41
5193 15
5194 41
5195 41
5196 41
5197 0
5198 41
5199 41
5200 15
5201 159
5202 41
5203 21
5204 15
5205 41
5206 41
5207 41
5208 15
5209 41
5210 15
5211 41
5212 41
5213 15
5214 41
5215 41
5216 190
5217 15
5218 15
5219 15
5220 41
5221 34
5222 15
5223 41
5224 41
5225 15
5226 15
5227 15
5228 28
5229 15
5230 41
5231 15
5232 15
5233 21
5234 15
5235 15
5236 41
5237 41
5238 47
5239 15
5240 38
5241 32
5242 41
5243 41
5244 41
5245 15
5246 15
5247 15
5248 32
5249 15
5250 15
5251 41
5252 41
5253 41
5254 41
5255 41
5256 15
5257 21
5258 41
5259 41
5260 15
5261 15
5262 41
5263 15
5264 41
5265 37
5266 15
5267 41
5268 41
5269 41
5270 41
5271 41
5272 41
5273 41
5274 21
5275 15
5276 15
5277 21
5278 41
5279 15
5280 15
5281 41
5282 15
5283 41
5284 41
5285 15
5286 15
5287 41
5288 41
5289 21
5290 41
5291 41
5292 15
5293 41
5294 41
5295 15
5296 41
5297 15
5298 41
5299 41
5300 15
5301 41
5302 41
5303 41
5304 41
5305 15
5306 15
5307 41
5308 32
5309 41
5310 41
5311 41
5312 15
5313 15
5314 41
5315 41
5316 15
5317 41
5318 15
5319 15
5320 190
5321 41
5322 129
5323 94
5324 217
5325 15
5326 15
5327 37
5328 41
5329 147
5330 41
5331 41
5332 15
5333 41
5334 41
5335 41
5336 41
5337 41
5338 41
5339 41
5340 41
5341 41
5342 41
5343 41
5344 37
5345 41
5346 34
5347 15
5348 41
5349 41
5350 41
5351 41
5352 41
5353 15
5354 41
5355 37
5356 41
5357 77
5358 77
5359 21
5360 148
5361 41
5362 41
5363 15
5364 15
5365 15
5366 15
5367 15
5368 15
5369 217
5370 15
5371 15
5372 41
5373 15
5374 15
5375 85
5376 15
5377 41
5378 133
5379 41
5380 15
5381 21
5382 41
5383 41
5384 212
5385 216
5386 41
5387 41
5388 15
5389 15
5390 149
5391 41
5392 41
5393 41
5394 41
5395 15
5396 34
5397 15
5398 21
5399 15
5400 15
5401 167
5402 69
5403 41
5404 41
5405 15
5406 41
5407 15
5408 41
5409 15
5410 15
5411 41
5412 41
5413 41
5414 15
5415 34
5416 41
5417 41
5418 15
5419 15
5420 41
5421 21
5422 41
5423 15
5424 41
5425 41
5426 15
5427 41
5428 150
5429 150
5430 41
5431 34
5432 41
5433 15
5434 41
5435 15
5436 41
5437 46
5438 88
5439 195
5440 15
5441 164
5442 6
5443 42
5444 41
5445 34
5446 41
5447 15
5448 41
5449 41
5450 15
5451 41
5452 41
5453 41
5454 41
5455 21
5456 151
5457 151
5458 15
5459 41
5460 41
5461 41
5462 41
5463 15
5464 41
5465 41
5466 15
5467 15
5468 15
5469 152
5470 85
5471 15
5472 41
5473 41
5474 41
5475 41
5476 41
5477 15
5478 41
5479 41
5480 41
5481 41
5482 41
5483 41
5484 41
5485 41
5486 15
5487 41
5488 15
5489 41
5490 41
5491 153
5492 41
5493 41
5494 41
5495 41
5496 41
5497 41
5498 41
5499 154
5500 41
5501 0
5502 15
5503 41
5504 15
5505 41
5506 15
5507 15
5508 41
5509 15
5510 41
5511 41
5512 190
5513 41
5514 41
5515 15
5516 41
5517 15
5518 15
5519 41
5520 41
5521 41
5522 41
5523 15
5524 15
5525 41
5526 41
5527 156
5528 41
5529 15
5530 41
5531 15
5532 41
5533 1
5534 41
5535 41
5536 41
5537 34
5538 15
5539 41
5540 41
5541 15
5542 196
5543 41
5544 41
5545 46
5546 15
5547 41
5548 41
5549 46
5550 15
5551 41
5552 41
5553 37
5554 41
5555 15
5556 41
5557 41
5558 15
5559 41
5560 41
5561 15
5562 15
5563 41
5564 41
5565 41
5566 125
5567 41
5568 74
5569 21
5570 41
5571 41
5572 41
5573 41
5574 21
5575 41
5576 41
5577 34
5578 15
5579 15
5580 41
5581 41
5582 115
5583 41
5584 15
5585 41
5586 15
5587 34
5588 155
5589 41
5590 41
5591 15
5592 15
5593 21
5594 15
5595 15
5596 41
5597 41
5598 41
5599 15
5600 41
5601 41
5602 41
5603 41
5604 41
5605 15
5606 41
5607 46
5608 41
5609 15
5610 41
5611 41
5612 15
5613 32
5614 41
5615 41
5616 41
5617 21
5618 146
5619 22
5620 41
5621 15
5622 41
5623 15
5624 41
5625 41
5626 41
5627 41
5628 41
5629 41
5630 21
5631 21
5632 15
5633 156
5634 15
5635 15
5636 41
5637 15
5638 15
5639 41
5640 41
5641 41
5642 15
5643 41
5644 21
5645 41
5646 22
5647 41
5648 41
5649 41
5650 41
5651 41
5652 41
5653 41
5654 41
5655 41
5656 46
5657 15
5658 22
5659 15
5660 41
5661 41
5662 41
5663 41
5664 15
5665 157
5666 41
5667 41
5668 37
5669 41
5670 41
5671 41
5672 15
5673 41
5674 41
5675 15
5676 86
5677 41
5678 174
5679 41
5680 21
5681 41
5682 41
5683 41
5684 41
5685 15
5686 41
5687 15
5688 15
5689 41
5690 41
5691 21
5692 15
5693 41
5694 41
5695 21
5696 41
5697 15
5698 41
5699 41
5700 41
5701 41
5702 21
5703 41
5704 41
5705 41
5706 41
5707 41
5708 15
5709 41
5710 41
5711 41
5712 41
5713 15
5714 41
5715 15
5716 41
5717 32
5718 41
5719 15
5720 41
5721 41
5722 41
5723 21
5724 41
5725 41
5726 41
5727 41
5728 0
5729 41
5730 41
5731 41
5732 41
5733 15
5734 15
5735 41
5736 41
5737 41
5738 41
5739 158
5740 41
5741 41
5742 41
5743 128
5744 15
5745 15
5746 41
5747 41
5748 15
5749 41
5750 41
5751 41
5752 41
5753 41
5754 41
5755 41
5756 15
5757 41
5758 21
5759 86
5760 15
5761 41
5762 41
5763 41
5764 15
5765 15
5766 32
5767 41
5768 159
5769 41
5770 15
5771 41
5772 41
5773 10
5774 21
5775 41
5776 41
5777 41
5778 15
5779 41
5780 41
5781 15
5782 15
5783 174
5784 41
5785 41
5786 15
5787 41
5788 41
5789 41
5790 48
5791 15
5792 41
5793 32
5794 41
5795 41
5796 41
5797 41
5798 15
5799 41
5800 15
5801 41
5802 41
5803 41
5804 41
5805 15
5806 15
5807 41
5808 41
5809 34
5810 41
5811 41
5812 41
5813 41
5814 15
5815 41
5816 15
5817 41
5818 41
5819 41
5820 35
5821 35
5822 41
5823 41
5824 15
5825 217
5826 41
5827 41
5828 41
5829 15
5830 41
5831 41
5832 41
5833 41
5834 15
5835 40
5836 41
5837 41
5838 15
5839 41
5840 41
5841 41
5842 21
5843 41
5844 41
5845 32
5846 41
5847 15
5848 15
5849 15
5850 41
5851 41
5852 41
5853 15
5854 41
5855 41
5856 41
5857 15
5858 41
5859 15
5860 15
5861 41
5862 45
5863 41
5864 15
5865 41
5866 41
5867 41
5868 32
5869 15
5870 41
5871 41
5872 41
5873 41
5874 41
5875 32
5876 41
5877 41
5878 15
5879 41
5880 41
5881 15
5882 15
5883 15
5884 41
5885 41
5886 41
5887 41
5888 41
5889 41
5890 41
5891 41
5892 41
5893 15
5894 41
5895 41
5896 160
5897 41
5898 21
5899 55
5900 41
5901 15
5902 217
5903 41
5904 15
5905 15
5906 15
5907 15
5908 51
5909 41
5910 34
5911 15
5912 41
5913 15
5914 15
5915 41
5916 15
5917 41
5918 21
5919 41
5920 41
5921 41
5922 21
5923 15
5924 41
5925 41
5926 41
5927 15
5928 41
5929 21
5930 15
5931 15
5932 41
5933 161
5934 15
5935 41
5936 15
5937 41
5938 34
5939 41
5940 41
5941 15
5942 41
5943 15
5944 41
5945 41
5946 15
5947 15
5948 41
5949 15
5950 41
5951 149
5952 15
5953 15
5954 41
5955 21
5956 41
5957 41
5958 41
5959 34
5960 21
5961 15
5962 46
5963 21
5964 41
5965 41
5966 41
5967 41
5968 41
5969 41
5970 41
5971 41
5972 162
5973 15
5974 21
5975 15
5976 41
5977 41
5978 41
5979 41
5980 41
5981 41
5982 41
5983 41
5984 41
5985 41
5986 41
5987 41
5988 15
5989 15
5990 86
5991 15
5992 15
5993 41
5994 15
5995 41
5996 15
5997 41
5998 15
5999 41
6000 41
6001 41
6002 21
6003 21
6004 41
6005 41
6006 32
6007 21
6008 41
6009 41
6010 41
6011 15
6012 15
6013 41
6014 41
6015 15
6016 41
6017 41
6018 41
6019 15
6020 41
6021 41
6022 37
6023 41
6024 15
6025 200
6026 41
6027 34
6028 41
6029 41
6030 41
6031 41
6032 41
6033 37
6034 15
6035 41
6036 41
6037 41
6038 41
6039 41
6040 15
6041 41
6042 15
6043 41
6044 41
6045 41
6046 41
6047 41
6048 15
6049 15
6050 110
6051 34
6052 15
6053 41
6054 15
6055 41
6056 41
6057 41
6058 41
6059 21
6060 41
6061 110
6062 15
6063 15
6064 34
6065 34
6066 15
6067 41
6068 41
6069 15
6070 41
6071 15
6072 41
6073 41
6074 41
6075 21
6076 41
6077 41
6078 41
6079 15
6080 41
6081 41
6082 41
6083 41
6084 15
6085 41
6086 15
6087 41
6088 41
6089 41
6090 15
6091 41
6092 41
6093 41
6094 46
6095 15
6096 31
6097 41
6098 41
6099 41
6100 190
6101 41
6102 41
6103 41
6104 15
6105 41
6106 41
6107 41
6108 15
6109 41
6110 163
6111 21
6112 21
6113 77
6114 41
6115 41
6116 32
6117 15
6118 21
6119 15
6120 41
6121 37
6122 213
6123 41
6124 41
6125 15
6126 41
6127 41
6128 41
6129 15
6130 41
6131 41
6132 41
6133 34
6134 41
6135 41
6136 41
6137 41
6138 41
6139 41
6140 15
6141 41
6142 15
6143 15
6144 41
6145 41
6146 41
6147 41
6148 15
6149 41
6150 21
6151 41
6152 15
6153 41
6154 41
6155 15
6156 41
6157 41
6158 41
6159 15
6160 32
6161 41
6162 41
6163 15
6164 15
6165 41
6166 15
6167 41
6168 41
6169 41
6170 41
6171 41
6172 56
6173 41
6174 41
6175 41
6176 21
6177 15
6178 10
6179 41
6180 41
6181 41
6182 41
6183 41
6184 41
6185 32
6186 41
6187 41
6188 86
6189 15
6190 15
6191 15
6192 41
6193 41
6194 41
6195 173
6196 41
6197 41
6198 15
6199 41
6200 41
6201 41
6202 222
6203 41
6204 41
6205 41
6206 41
6207 41
6208 41
6209 209
6210 41
6211 41
6212 15
6213 41
6214 41
6215 41
6216 41
6217 41
6218 41
6219 15
6220 21
6221 41
6222 41
6223 15
6224 41
6225 41
6226 41
6227 15
6228 41
6229 15
6230 34
6231 41
6232 15
6233 15
6234 41
6235 41
6236 15
6237 46
6238 41
6239 32
6240 21
6241 15
6242 41
6243 41
6244 41
6245 41
6246 15
6247 41
6248 41
6249 41
6250 41
6251 41
6252 41
6253 41
6254 41
6255 41
6256 34
6257 41
6258 41
6259 41
6260 15
6261 15
6262 41
6263 41
6264 41
6265 41
6266 41
6267 41
6268 41
6269 41
6270 41
6271 41
6272 15
6273 119
6274 41
6275 48
6276 41
6277 41
6278 37
6279 41
6280 15
6281 41
6282 41
6283 41
6284 15
6285 15
6286 41
6287 15
6288 15
6289 21
6290 41
6291 0
6292 41
6293 41
6294 39
6295 41
6296 41
6297 21
6298 41
6299 164
6300 41
6301 41
6302 41
6303 41
6304 41
6305 41
6306 41
6307 37
6308 41
6309 41
6310 15
6311 15
6312 41
6313 41
6314 41
6315 15
6316 41
6317 21
6318 41
6319 15
6320 15
6321 15
6322 15
6323 41
6324 41
6325 165
6326 46
6327 15
6328 148
6329 15
6330 41
6331 41
6332 15
6333 21
6334 41
6335 41
6336 15
6337 15
6338 15
6339 46
6340 41
6341 15
6342 15
6343 41
6344 41
6345 41
6346 15
6347 37
6348 41
6349 166
6350 41
6351 41
6352 30
6353 109
6354 15
6355 21
6356 15
6357 41
6358 167
6359 41
6360 104
6361 41
6362 15
6363 41
6364 41
6365 15
6366 155
6367 41
6368 41
6369 133
6370 41
6371 15
6372 41
6373 217
6374 41
6375 15
6376 15
6377 41
6378 41
6379 41
6380 41
6381 41
6382 41
6383 15
6384 41
6385 41
6386 41
6387 15
6388 41
6389 140
6390 21
6391 21
6392 41
6393 15
6394 15
6395 15
6396 41
6397 41
6398 41
6399 41
6400 41
6401 21
6402 41
6403 41
6404 41
6405 41
6406 41
6407 45
6408 41
6409 41
6410 41
6411 15
6412 41
6413 21
6414 41
6415 41
6416 41
6417 15
6418 41
6419 41
6420 41
6421 15
6422 41
6423 41
6424 21
6425 41
6426 15
6427 41
6428 15
6429 15
6430 41
6431 41
6432 217
6433 41
6434 15
6435 41
6436 15
6437 41
6438 41
6439 168
6440 204
6441 41
6442 88
6443 41
6444 41
6445 41
6446 15
6447 43
6448 21
6449 41
6450 41
6451 169
6452 169
6453 15
6454 15
6455 41
6456 41
6457 41
6458 41
6459 41
6460 41
6461 41
6462 15
6463 15
6464 15
6465 41
6466 15
6467 41
6468 32
6469 15
6470 15
6471 41
6472 21
6473 34
6474 15
6475 41
6476 41
6477 41
6478 172
6479 41
6480 41
6481 41
6482 15
6483 41
6484 41
6485 41
6486 41
6487 41
6488 41
6489 41
6490 41
6491 41
6492 41
6493 170
6494 41
6495 41
6496 41
6497 32
6498 44
6499 15
6500 41
6501 15
6502 15
6503 32
6504 15
6505 41
6506 15
6507 15
6508 34
6509 41
6510 41
6511 21
6512 41
6513 15
6514 41
6515 41
6516 15
6517 32
6518 41
6519 41
6520 41
6521 32
6522 41
6523 41
6524 41
6525 41
6526 41
6527 41
6528 41
6529 41
6530 15
6531 41
6532 15
6533 41
6534 34
6535 15
6536 41
6537 41
6538 41
6539 32
6540 41
6541 32
6542 41
6543 41
6544 171
6545 41
6546 32
6547 41
6548 41
6549 15
6550 15
6551 21
6552 15
6553 41
6554 41
6555 41
6556 34
6557 41
6558 41
6559 15
6560 41
6561 172
6562 41
6563 41
6564 41
6565 41
6566 15
6567 41
6568 41
6569 173
6570 15
6571 15
6572 41
6573 41
6574 41
6575 41
6576 46
6577 15
6578 41
6579 15
6580 21
6581 15
6582 41
6583 15
6584 41
6585 41
6586 41
6587 15
6588 41
6589 41
6590 41
6591 41
6592 32
6593 15
6594 41
6595 15
6596 86
6597 41
6598 32
6599 15
6600 41
6601 21
6602 15
6603 41
6604 41
6605 41
6606 15
6607 41
6608 21
6609 41
6610 41
6611 41
6612 41
6613 41
6614 32
6615 174
6616 41
6617 41
6618 21
6619 41
6620 41
6621 15
6622 15
6623 41
6624 15
6625 15
6626 21
6627 41
6628 41
6629 41
6630 41
6631 15
6632 41
6633 33
6634 15
6635 34
6636 15
6637 41
6638 21
6639 41
6640 15
6641 41
6642 41
6643 41
6644 41
6645 41
6646 41
6647 41
6648 15
6649 15
6650 15
6651 41
6652 15
6653 21
6654 41
6655 32
6656 41
6657 41
6658 41
6659 41
6660 41
6661 21
6662 21
6663 41
6664 41
6665 41
6666 41
6667 41
6668 175
6669 41
6670 190
6671 41
6672 15
6673 41
6674 41
6675 46
6676 41
6677 41
6678 15
6679 15
6680 41
6681 41
6682 41
6683 41
6684 41
6685 41
6686 41
6687 41
6688 15
6689 41
6690 15
6691 15
6692 15
6693 15
6694 15
6695 41
6696 15
6697 15
6698 15
6699 15
6700 15
6701 32
6702 41
6703 41
6704 41
6705 41
6706 41
6707 217
6708 41
6709 41
6710 41
6711 15
6712 41
6713 15
6714 41
6715 41
6716 15
6717 41
6718 41
6719 15
6720 41
6721 44
6722 41
6723 41
6724 41
6725 41
6726 41
6727 41
6728 41
6729 15
6730 15
6731 41
6732 170
6733 41
6734 21
6735 41
6736 15
6737 15
6738 15
6739 86
6740 41
6741 15
6742 15
6743 41
6744 41
6745 189
6746 41
6747 41
6748 41
6749 41
6750 41
6751 41
6752 41
6753 15
6754 41
6755 41
6756 34
6757 15
6758 146
6759 15
6760 41
6761 41
6762 41
6763 41
6764 41
6765 15
6766 190
6767 41
6768 41
6769 15
6770 41
6771 41
6772 165
6773 165
6774 41
6775 41
6776 34
6777 41
6778 15
6779 173
6780 15
6781 41
6782 41
6783 190
6784 15
6785 15
6786 41
6787 41
6788 41
6789 15
6790 15
6791 15
6792 32
6793 41
6794 41
6795 176
6796 15
6797 41
6798 15
6799 15
6800 15
6801 15
6802 15
6803 41
6804 15
6805 41
6806 34
6807 41
6808 86
6809 41
6810 21
6811 15
6812 15
6813 41
6814 41
6815 41
6816 15
6817 41
6818 41
6819 41
6820 41
6821 41
6822 41
6823 41
6824 41
6825 10
6826 41
6827 41
6828 41
6829 41
6830 41
6831 15
6832 15
6833 15
6834 41
6835 41
6836 85
6837 41
6838 21
6839 15
6840 41
6841 41
6842 151
6843 44
6844 15
6845 34
6846 177
6847 15
6848 166
6849 178
6850 41
6851 21
6852 21
6853 15
6854 15
6855 179
6856 15
6857 41
6858 41
6859 41
6860 41
6861 21
6862 41
6863 15
6864 15
6865 41
6866 15
6867 41
6868 41
6869 41
6870 41
6871 15
6872 41
6873 41
6874 54
6875 41
6876 41
6877 41
6878 15
6879 41
6880 41
6881 41
6882 15
6883 41
6884 41
6885 28
6886 41
6887 15
6888 15
6889 21
6890 15
6891 21
6892 180
6893 15
6894 21
6895 41
6896 41
6897 217
6898 21
6899 15
6900 41
6901 41
6902 15
6903 15
6904 41
6905 15
6906 41
6907 17
6908 41
6909 41
6910 41
6911 41
6912 41
6913 41
6914 41
6915 64
6916 41
6917 41
6918 15
6919 41
6920 46
6921 15
6922 15
6923 15
6924 15
6925 41
6926 41
6927 41
6928 41
6929 15
6930 15
6931 103
6932 41
6933 41
6934 41
6935 41
6936 41
6937 21
6938 43
6939 41
6940 15
6941 34
6942 34
6943 15
6944 41
6945 41
6946 41
6947 181
6948 22
6949 37
6950 15
6951 41
6952 15
6953 41
6954 41
6955 41
6956 41
6957 41
6958 41
6959 41
6960 41
6961 41
6962 15
6963 15
6964 41
6965 41
6966 41
6967 41
6968 34
6969 32
6970 41
6971 41
6972 21
6973 41
6974 15
6975 41
6976 15
6977 41
6978 41
6979 41
6980 41
6981 15
6982 41
6983 182
6984 41
6985 41
6986 41
6987 41
6988 41
6989 41
6990 15
6991 41
6992 41
6993 41
6994 15
6995 21
6996 41
6997 41
6998 41
6999 15
7000 41
7001 32
7002 15
7003 41
7004 41
7005 47
7006 41
7007 41
7008 41
7009 32
7010 15
7011 21
7012 41
7013 183
7014 41
7015 41
7016 41
7017 41
7018 41
7019 41
7020 41
7021 15
7022 15
7023 41
7024 15
7025 34
7026 41
7027 184
7028 34
7029 21
7030 15
7031 15
7032 41
7033 77
7034 41
7035 41
7036 15
7037 41
7038 41
7039 41
7040 41
7041 41
7042 41
7043 15
7044 41
7045 41
7046 41
7047 185
7048 41
7049 41
7050 15
7051 41
7052 15
7053 41
7054 41
7055 37
7056 41
7057 15
7058 186
7059 15
7060 15
7061 15
7062 187
7063 34
7064 41
7065 41
7066 21
7067 41
7068 41
7069 217
7070 15
7071 15
7072 41
7073 41
7074 34
7075 41
7076 41
7077 70
7078 41
7079 15
7080 41
7081 41
7082 15
7083 41
7084 15
7085 214
7086 104
7087 188
7088 188
7089 41
7090 15
7091 86
7092 41
7093 15
7094 15
7095 41
7096 90
7097 46
7098 15
7099 22
7100 15
7101 41
7102 41
7103 15
7104 15
7105 41
7106 15
7107 15
7108 189
7109 41
7110 15
7111 41
7112 41
7113 41
7114 41
7115 41
7116 41
7117 15
7118 41
7119 41
7120 41
7121 41
7122 41
7123 41
7124 41
7125 15
7126 41
7127 41
7128 41
7129 15
7130 41
7131 15
7132 15
7133 41
7134 41
7135 28
7136 12
7137 190
7138 41
7139 41
7140 41
7141 15
7142 41
7143 41
7144 41
7145 41
7146 41
7147 15
7148 41
7149 41
7150 41
7151 41
7152 15
7153 41
7154 15
7155 41
7156 15
7157 34
7158 41
7159 41
7160 41
7161 41
7162 15
7163 41
7164 41
7165 41
7166 15
7167 41
7168 41
7169 15
7170 41
7171 41
7172 41
7173 41
7174 41
7175 41
7176 15
7177 190
7178 15
7179 41
7180 41
7181 41
7182 41
7183 41
7184 41
7185 41
7186 15
7187 191
7188 41
7189 41
7190 41
7191 41
7192 15
7193 15
7194 15
7195 15
7196 41
7197 41
7198 41
7199 41
7200 15
7201 15
7202 15
7203 15
7204 15
7205 15
7206 21
7207 15
7208 41
7209 15
7210 15
7211 41
7212 41
7213 15
7214 41
7215 192
7216 41
7217 15
7218 41
7219 41
7220 41
7221 41
7222 41
7223 21
7224 41
7225 41
7226 41
7227 41
7228 193
7229 41
7230 41
7231 41
7232 21
7233 194
7234 41
7235 41
7236 41
7237 15
7238 41
7239 41
7240 41
7241 15
7242 41
7243 41
7244 32
7245 37
7246 195
7247 15
7248 15
7249 125
7250 15
7251 41
7252 41
7253 15
7254 41
7255 41
7256 194
7257 41
7258 41
7259 195
7260 41
7261 46
7262 41
7263 206
7264 41
7265 15
7266 147
7267 41
7268 41
7269 15
7270 41
7271 41
7272 41
7273 41
7274 41
7275 41
7276 41
7277 15
7278 41
7279 15
7280 41
7281 41
7282 41
7283 41
7284 41
7285 41
7286 41
7287 21
7288 41
7289 41
7290 21
7291 41
7292 41
7293 15
7294 15
7295 41
7296 41
7297 10
7298 41
7299 41
7300 46
7301 41
7302 41
7303 146
7304 41
7305 41
7306 41
7307 146
7308 41
7309 41
7310 34
7311 34
7312 41
7313 41
7314 41
7315 41
7316 41
7317 41
7318 15
7319 41
7320 41
7321 15
7322 41
7323 41
7324 41
7325 41
7326 41
7327 41
7328 41
7329 41
7330 21
7331 21
7332 41
7333 41
7334 46
7335 41
7336 15
7337 41
7338 21
7339 21
7340 15
7341 15
7342 48
7343 41
7344 41
7345 21
7346 41
7347 41
7348 34
7349 21
7350 41
7351 41
7352 15
7353 41
7354 21
7355 41
7356 41
7357 41
7358 41
7359 15
7360 41
7361 41
7362 21
7363 21
7364 41
7365 15
7366 41
7367 15
7368 41
7369 41
7370 41
7371 34
7372 41
7373 15
7374 41
7375 41
7376 41
7377 32
7378 41
7379 21
7380 41
7381 41
7382 15
7383 41
7384 41
7385 15
7386 41
7387 15
7388 15
7389 41
7390 41
7391 41
7392 15
7393 32
7394 62
7395 41
7396 21
7397 41
7398 41
7399 15
7400 41
7401 41
7402 41
7403 41
7404 41
7405 41
7406 1
7407 41
7408 41
7409 15
7410 15
7411 15
7412 41
7413 41
7414 41
7415 15
7416 41
7417 41
7418 41
7419 41
7420 41
7421 41
7422 41
7423 41
7424 41
7425 15
7426 15
7427 41
7428 41
7429 41
7430 15
7431 41
7432 15
7433 15
7434 41
7435 41
7436 10
7437 41
7438 41
7439 41
7440 15
7441 41
7442 15
7443 41
7444 41
7445 41
7446 21
7447 41
7448 21
7449 34
7450 41
7451 41
7452 21
7453 15
7454 15
7455 15
7456 15
7457 41
7458 41
7459 41
7460 41
7461 41
7462 41
7463 41
7464 41
7465 41
7466 41
7467 41
7468 37
7469 47
7470 37
7471 37
7472 41
7473 41
7474 41
7475 41
7476 41
7477 15
7478 41
7479 15
7480 15
7481 15
7482 41
7483 46
7484 41
7485 41
7486 15
7487 41
7488 15
7489 41
7490 41
7491 41
7492 15
7493 41
7494 41
7495 41
7496 41
7497 41
7498 15
7499 41
7500 41
7501 41
7502 15
7503 41
7504 174
7505 1
7506 15
7507 41
7508 15
7509 15
7510 41
7511 41
7512 196
7513 41
7514 15
7515 15
7516 174
7517 15
7518 41
7519 41
7520 42
7521 41
7522 21
7523 41
7524 41
7525 15
7526 41
7527 197
7528 15
7529 15
7530 41
7531 15
7532 15
7533 41
7534 41
7535 41
7536 41
7537 224
7538 15
7539 70
7540 32
7541 41
7542 15
7543 15
7544 41
7545 32
7546 41
7547 41
7548 72
7549 41
7550 15
7551 21
7552 41
7553 15
7554 34
7555 15
7556 41
7557 15
7558 41
7559 41
7560 41
7561 41
7562 172
7563 41
7564 41
7565 198
7566 41
7567 41
7568 15
7569 41
7570 174
7571 41
7572 15
7573 15
7574 15
7575 21
7576 21
7577 46
7578 41
7579 41
7580 41
7581 15
7582 41
7583 41
7584 37
7585 41
7586 41
7587 41
7588 92
7589 41
7590 41
7591 41
7592 41
7593 41
7594 41
7595 199
7596 15
7597 15
7598 15
7599 21
7600 15
7601 15
7602 41
7603 15
7604 15
7605 15
7606 15
7607 41
7608 15
7609 15
7610 15
7611 41
7612 41
7613 41
7614 41
7615 41
7616 41
7617 15
7618 41
7619 41
7620 15
7621 15
7622 41
7623 41
7624 41
7625 41
7626 37
7627 41
7628 41
7629 32
7630 15
7631 41
7632 41
7633 37
7634 21
7635 41
7636 41
7637 15
7638 15
7639 41
7640 15
7641 41
7642 41
7643 41
7644 21
7645 15
7646 37
7647 41
7648 41
7649 21
7650 21
7651 41
7652 41
7653 41
7654 41
7655 41
7656 41
7657 41
7658 41
7659 41
7660 41
7661 21
7662 48
7663 15
7664 41
7665 41
7666 41
7667 200
7668 41
7669 21
7670 41
7671 41
7672 41
7673 41
7674 41
7675 41
7676 41
7677 41
7678 41
7679 41
7680 41
7681 41
7682 15
7683 41
7684 41
7685 41
7686 15
7687 41
7688 41
7689 41
7690 41
7691 41
7692 37
7693 41
7694 21
7695 41
7696 15
7697 15
7698 41
7699 15
7700 41
7701 15
7702 15
7703 41
7704 41
7705 37
7706 21
7707 15
7708 41
7709 41
7710 41
7711 15
7712 15
7713 41
7714 41
7715 15
7716 41
7717 41
7718 15
7719 41
7720 15
7721 81
7722 21
7723 34
7724 15
7725 15
7726 15
7727 41
7728 41
7729 15
7730 34
7731 41
7732 15
7733 15
7734 41
7735 41
7736 41
7737 41
7738 21
7739 41
7740 32
7741 15
7742 41
7743 41
7744 41
7745 41
7746 15
7747 37
7748 41
7749 34
7750 41
7751 41
7752 41
7753 79
7754 32
7755 41
7756 41
7757 41
7758 41
7759 41
7760 41
7761 41
7762 41
7763 41
7764 41
7765 15
7766 41
7767 41
7768 34
7769 15
7770 41
7771 15
7772 41
7773 41
7774 15
7775 46
7776 41
7777 201
7778 51
7779 41
7780 41
7781 41
7782 15
7783 15
7784 15
7785 15
7786 41
7787 15
7788 230
7789 41
7790 41
7791 41
7792 54
7793 44
7794 15
7795 15
7796 41
7797 41
7798 15
7799 41
7800 41
7801 15
7802 41
7803 41
7804 15
7805 41
7806 41
7807 15
7808 41
7809 41
7810 32
7811 15
7812 41
7813 41
7814 41
7815 41
7816 15
7817 41
7818 15
7819 41
7820 15
7821 41
7822 21
7823 41
7824 73
7825 41
7826 15
7827 15
7828 15
7829 15
7830 41
7831 41
7832 41
7833 41
7834 126
7835 41
7836 41
7837 21
7838 41
7839 15
7840 0
7841 41
7842 41
7843 174
7844 41
7845 41
7846 41
7847 10
7848 15
7849 41
7850 41
7851 45
7852 15
7853 32
7854 41
7855 15
7856 41
7857 41
7858 21
7859 41
7860 15
7861 41
7862 41
7863 15
7864 41
7865 41
7866 193
7867 21
7868 41
7869 41
7870 41
7871 15
7872 41
7873 202
7874 41
7875 15
7876 21
7877 32
7878 131
7879 41
7880 41
7881 15
7882 41
7883 41
7884 41
7885 41
7886 41
7887 41
7888 41
7889 15
7890 41
7891 41
7892 41
7893 41
7894 15
7895 15
7896 15
7897 41
7898 15
7899 41
7900 41
7901 41
7902 203
7903 41
7904 15
7905 41
7906 15
7907 41
7908 21
7909 41
7910 41
7911 41
7912 41
7913 15
7914 15
7915 204
7916 41
7917 15
7918 15
7919 15
7920 41
7921 32
7922 41
7923 15
7924 41
7925 41
7926 15
7927 15
7928 41
7929 41
7930 205
7931 41
7932 15
7933 41
7934 41
7935 21
7936 41
7937 15
7938 15
7939 41
7940 41
7941 41
7942 41
7943 15
7944 41
7945 41
7946 15
7947 41
7948 41
7949 41
7950 15
7951 105
7952 41
7953 41
7954 41
7955 32
7956 15
7957 41
7958 206
7959 41
7960 82
7961 41
7962 41
7963 41
7964 41
7965 41
7966 41
7967 41
7968 15
7969 21
7970 41
7971 15
7972 41
7973 41
7974 15
7975 41
7976 15
7977 15
7978 41
7979 15
7980 41
7981 41
7982 15
7983 41
7984 41
7985 15
7986 41
7987 41
7988 207
7989 47
7990 41
7991 41
7992 41
7993 15
7994 41
7995 41
7996 41
7997 41
7998 41
7999 46
8000 46
8001 41
8002 15
8003 15
8004 88
8005 41
8006 15
8007 15
8008 88
8009 21
8010 208
8011 46
8012 209
8013 41
8014 41
8015 41
8016 41
8017 210
8018 15
8019 15
8020 41
8021 41
8022 21
8023 41
8024 41
8025 21
8026 41
8027 15
8028 41
8029 41
8030 21
8031 211
8032 41
8033 41
8034 174
8035 15
8036 108
8037 41
8038 41
8039 41
8040 15
8041 41
8042 34
8043 15
8044 41
8045 21
8046 41
8047 15
8048 41
8049 41
8050 41
8051 15
8052 41
8053 41
8054 41
8055 41
8056 41
8057 130
8058 41
8059 41
8060 15
8061 41
8062 41
8063 21
8064 21
8065 15
8066 41
8067 32
8068 15
8069 41
8070 15
8071 15
8072 41
8073 41
8074 41
8075 21
8076 41
8077 41
8078 41
8079 216
8080 41
8081 41
8082 41
8083 41
8084 41
8085 41
8086 41
8087 84
8088 41
8089 41
8090 41
8091 41
8092 15
8093 41
8094 41
8095 21
8096 41
8097 41
8098 122
8099 41
8100 41
8101 32
8102 15
8103 41
8104 41
8105 41
8106 41
8107 41
8108 32
8109 41
8110 41
8111 41
8112 41
8113 41
8114 43
8115 41
8116 41
8117 41
8118 41
8119 41
8120 41
8121 34
8122 15
8123 41
8124 21
8125 41
8126 15
8127 41
8128 41
8129 41
8130 15
8131 41
8132 41
8133 41
8134 15
8135 15
8136 21
8137 32
8138 41
8139 15
8140 41
8141 15
8142 15
8143 15
8144 41
8145 79
8146 41
8147 21
8148 15
8149 15
8150 41
8151 41
8152 41
8153 21
8154 41
8155 41
8156 15
8157 6
8158 15
8159 34
8160 21
8161 190
8162 41
8163 15
8164 34
8165 34
8166 212
8167 41
8168 213
8169 41
8170 41
8171 202
8172 41
8173 41
8174 15
8175 15
8176 41
8177 190
8178 15
8179 41
8180 41
8181 15
8182 41
8183 15
8184 41
8185 41
8186 41
8187 32
8188 41
8189 41
8190 41
8191 41
8192 15
8193 41
8194 41
8195 41
8196 41
8197 34
8198 15
8199 15
8200 15
8201 15
8202 15
8203 15
8204 41
8205 15
8206 41
8207 41
8208 41
8209 32
8210 41
8211 15
8212 41
8213 21
8214 41
8215 41
8216 21
8217 21
8218 41
8219 15
8220 41
8221 215
8222 15
8223 41
8224 41
8225 41
8226 41
8227 41
8228 41
8229 41
8230 41
8231 15
8232 214
8233 137
8234 41
8235 15
8236 34
8237 41
8238 41
8239 15
8240 41
8241 21
8242 41
8243 41
8244 21
8245 41
8246 15
8247 41
8248 45
8249 15
8250 41
8251 21
8252 41
8253 86
8254 45
8255 87
8256 41
8257 52
8258 15
8259 15
8260 15
8261 41
8262 118
8263 15
8264 41
8265 41
8266 41
8267 15
8268 41
8269 15
8270 41
8271 41
8272 41
8273 41
8274 41
8275 15
8276 41
8277 41
8278 15
8279 41
8280 21
8281 44
8282 41
8283 41
8284 41
8285 41
8286 41
8287 15
8288 41
8289 21
8290 41
8291 41
8292 41
8293 15
8294 41
8295 47
8296 41
8297 15
8298 15
8299 41
8300 41
8301 41
8302 41
8303 41
8304 41
8305 41
8306 15
8307 41
8308 215
8309 41
8310 15
8311 15
8312 41
8313 15
8314 15
8315 41
8316 41
8317 41
8318 15
8319 41
8320 15
8321 41
8322 21
8323 15
8324 41
8325 41
8326 21
8327 41
8328 15
8329 41
8330 15
8331 41
8332 15
8333 41
8334 41
8335 41
8336 34
8337 41
8338 41
8339 15
8340 15
8341 41
8342 21
8343 15
8344 55
8345 41
8346 41
8347 21
8348 41
8349 41
8350 15
8351 41
8352 34
8353 32
8354 41
8355 41
8356 41
8357 41
8358 41
8359 216
8360 41
8361 41
8362 41
8363 41
8364 15
8365 15
8366 15
8367 41
8368 41
8369 41
8370 41
8371 41
8372 15
8373 41
8374 15
8375 41
8376 41
8377 41
8378 41
8379 15
8380 223
8381 15
8382 15
8383 15
8384 41
8385 41
8386 15
8387 41
8388 217
8389 15
8390 41
8391 41
8392 214
8393 41
8394 41
8395 41
8396 15
8397 15
8398 41
8399 41
8400 21
8401 21
8402 21
8403 41
8404 51
8405 41
8406 41
8407 46
8408 41
8409 41
8410 41
8411 41
8412 41
8413 152
8414 200
8415 15
8416 41
8417 41
8418 15
8419 41
8420 41
8421 41
8422 41
8423 77
8424 15
8425 41
8426 41
8427 41
8428 15
8429 41
8430 41
8431 41
8432 41
8433 41
8434 15
8435 41
8436 41
8437 1
8438 41
8439 41
8440 15
8441 215
8442 124
8443 41
8444 41
8445 46
8446 15
8447 41
8448 41
8449 32
8450 21
8451 41
8452 21
8453 41
8454 34
8455 34
8456 10
8457 10
8458 41
8459 21
8460 41
8461 21
8462 41
8463 213
8464 41
8465 41
8466 15
8467 15
8468 41
8469 41
8470 15
8471 21
8472 41
8473 15
8474 15
8475 41
8476 34
8477 41
8478 41
8479 15
8480 41
8481 41
8482 15
8483 41
8484 46
8485 15
8486 21
8487 15
8488 41
8489 41
8490 15
8491 41
8492 15
8493 41
8494 41
8495 21
8496 15
8497 216
8498 15
8499 15
8500 15
8501 32
8502 15
8503 41
8504 21
8505 21
8506 15
8507 41
8508 34
8509 34
8510 41
8511 41
8512 41
8513 41
8514 15
8515 41
8516 15
8517 41
8518 21
8519 41
8520 41
8521 41
8522 34
8523 15
8524 15
8525 41
8526 15
8527 15
8528 32
8529 41
8530 41
8531 41
8532 15
8533 41
8534 41
8535 21
8536 41
8537 24
8538 41
8539 49
8540 15
8541 47
8542 41
8543 41
8544 15
8545 41
8546 41
8547 41
8548 89
8549 15
8550 41
8551 41
8552 41
8553 15
8554 41
8555 34
8556 15
8557 41
8558 41
8559 15
8560 41
8561 21
8562 41
8563 41
8564 32
8565 41
8566 15
8567 32
8568 41
8569 41
8570 41
8571 41
8572 41
8573 19
8574 32
8575 41
8576 15
8577 41
8578 41
8579 41
8580 156
8581 210
8582 41
8583 41
8584 41
8585 15
8586 15
8587 41
8588 41
8589 15
8590 41
8591 15
8592 43
8593 41
8594 65
8595 41
8596 15
8597 15
8598 41
8599 15
8600 21
8601 21
8602 41
8603 41
8604 15
8605 41
8606 41
8607 41
8608 41
8609 41
8610 41
8611 41
8612 41
8613 138
8614 41
8615 41
8616 41
8617 226
8618 41
8619 15
8620 41
8621 41
8622 133
8623 41
8624 15
8625 41
8626 41
8627 41
8628 15
8629 63
8630 41
8631 15
8632 41
8633 34
8634 41
8635 41
8636 41
8637 41
8638 15
8639 41
8640 41
8641 15
8642 41
8643 32
8644 41
8645 41
8646 41
8647 29
8648 41
8649 21
8650 41
8651 41
8652 41
8653 41
8654 41
8655 15
8656 41
8657 32
8658 15
8659 15
8660 41
8661 41
8662 41
8663 15
8664 172
8665 41
8666 15
8667 41
8668 41
8669 15
8670 41
8671 41
8672 41
8673 41
8674 41
8675 41
8676 41
8677 41
8678 41
8679 41
8680 21
8681 15
8682 41
8683 15
8684 41
8685 15
8686 15
8687 41
8688 41
8689 205
8690 41
8691 41
8692 15
8693 41
8694 41
8695 41
8696 41
8697 60
8698 41
8699 15
8700 15
8701 41
8702 15
8703 41
8704 41
8705 41
8706 41
8707 41
8708 41
8709 103
8710 103
8711 103
8712 15
8713 41
8714 41
8715 41
8716 15
8717 41
8718 41
8719 41
8720 41
8721 41
8722 41
8723 41
8724 15
8725 41
8726 21
8727 41
8728 107
8729 41
8730 15
8731 41
8732 46
8733 41
8734 15
8735 34
8736 41
8737 41
8738 15
8739 15
8740 41
8741 41
8742 15
8743 41
8744 46
8745 41
8746 15
8747 41
8748 41
8749 41
8750 15
8751 21
8752 41
8753 41
8754 32
8755 21
8756 15
8757 41
8758 50
8759 41
8760 15
8761 86
8762 41
8763 41
8764 15
8765 41
8766 15
8767 21
8768 41
8769 15
8770 41
8771 41
8772 41
8773 41
8774 41
8775 41
8776 217
8777 21
8778 190
8779 15
8780 92
8781 41
8782 21
8783 41
8784 41
8785 41
8786 41
8787 41
8788 41
8789 41
8790 41
8791 41
8792 41
8793 214
8794 41
8795 41
8796 41
8797 41
8798 41
8799 41
8800 41
8801 41
8802 15
8803 41
8804 15
8805 41
8806 41
8807 41
8808 32
8809 15
8810 41
8811 21
8812 41
8813 161
8814 15
8815 15
8816 41
8817 41
8818 15
8819 34
8820 188
8821 21
8822 41
8823 15
8824 41
8825 41
8826 21
8827 32
8828 41
8829 15
8830 41
8831 215
8832 179
8833 216
8834 41
8835 15
8836 190
8837 41
8838 41
8839 41
8840 41
8841 15
8842 41
8843 41
8844 41
8845 32
8846 41
8847 41
8848 217
8849 41
8850 41
8851 15
8852 41
8853 41
8854 41
8855 15
8856 15
8857 41
8858 41
8859 15
8860 41
8861 41
8862 41
8863 41
8864 15
8865 15
8866 15
8867 21
8868 15
8869 41
8870 41
8871 21
8872 15
8873 15
8874 190
8875 41
8876 41
8877 41
8878 21
8879 41
8880 41
8881 41
8882 41
8883 41
8884 41
8885 15
8886 41
8887 37
8888 41
8889 15
8890 41
8891 41
8892 15
8893 41
8894 41
8895 15
8896 41
8897 34
8898 15
8899 15
8900 15
8901 41
8902 41
8903 41
8904 41
8905 15
8906 15
8907 15
8908 41
8909 41
8910 41
8911 218
8912 15
8913 15
8914 15
8915 41
8916 15
8917 41
8918 41
8919 41
8920 41
8921 41
8922 32
8923 41
8924 15
8925 41
8926 41
8927 15
8928 51
8929 182
8930 41
8931 15
8932 41
8933 41
8934 41
8935 41
8936 21
8937 41
8938 41
8939 15
8940 21
8941 15
8942 219
8943 41
8944 41
8945 79
8946 15
8947 41
8948 133
8949 41
8950 41
8951 41
8952 41
8953 41
8954 41
8955 45
8956 21
8957 41
8958 21
8959 15
8960 34
8961 41
8962 202
8963 41
8964 41
8965 41
8966 26
8967 15
8968 41
8969 15
8970 41
8971 32
8972 41
8973 41
8974 41
8975 131
8976 21
8977 174
8978 15
8979 41
8980 41
8981 21
8982 41
8983 15
8984 15
8985 41
8986 41
8987 41
8988 41
8989 41
8990 15
8991 41
8992 41
8993 41
8994 54
8995 41
8996 15
8997 41
8998 41
8999 41
9000 41
9001 15
9002 41
9003 41
9004 41
9005 41
9006 41
9007 41
9008 15
9009 15
9010 41
9011 111
9012 41
9013 220
9014 15
9015 41
9016 41
9017 221
9018 41
9019 41
9020 51
9021 41
9022 41
9023 41
9024 41
9025 15
9026 41
9027 222
9028 41
9029 32
9030 15
9031 41
9032 41
9033 41
9034 21
9035 10
9036 15
9037 21
9038 41
9039 60
9040 41
9041 41
9042 41
9043 41
9044 41
9045 41
9046 41
9047 88
9048 41
9049 41
9050 41
9051 15
9052 41
9053 41
9054 15
9055 15
9056 41
9057 34
9058 41
9059 41
9060 217
9061 41
9062 41
9063 41
9064 41
9065 15
9066 41
9067 41
9068 41
9069 41
9070 15
9071 15
9072 32
9073 41
9074 15
9075 41
9076 41
9077 32
9078 41
9079 41
9080 35
9081 41
9082 21
9083 41
9084 15
9085 41
9086 41
9087 15
9088 41
9089 15
9090 21
9091 41
9092 41
9093 15
9094 41
9095 41
9096 15
9097 15
9098 15
9099 41
9100 41
9101 15
9102 15
9103 54
9104 21
9105 21
9106 21
9107 15
9108 15
9109 223
9110 15
9111 41
9112 15
9113 41
9114 34
9115 15
9116 41
9117 37
9118 41
9119 41
9120 15
9121 21
9122 15
9123 41
9124 41
9125 15
9126 41
9127 15
9128 41
9129 41
9130 15
9131 41
9132 15
9133 32
9134 21
9135 15
9136 15
9137 41
9138 41
9139 130
9140 41
9141 41
9142 41
9143 15
9144 21
9145 41
9146 15
9147 43
9148 41
9149 217
9150 41
9151 15
9152 41
9153 15
9154 15
9155 37
9156 41
9157 41
9158 41
9159 41
9160 41
9161 21
9162 15
9163 37
9164 41
9165 41
9166 41
9167 41
9168 41
9169 15
9170 41
9171 41
9172 217
9173 41
9174 41
9175 41
9176 41
9177 41
9178 41
9179 15
9180 41
9181 41
9182 224
9183 15
9184 41
9185 41
9186 34
9187 41
9188 21
9189 225
9190 41
9191 15
9192 15
9193 15
9194 92
9195 15
9196 15
9197 41
9198 41
9199 15
9200 15
9201 41
9202 41
9203 15
9204 41
9205 41
9206 15
9207 15
9208 41
9209 41
9210 41
9211 41
9212 15
9213 15
9214 41
9215 21
9216 41
9217 41
9218 21
9219 84
9220 41
9221 21
9222 41
9223 41
9224 41
9225 41
9226 41
9227 41
9228 41
9229 15
9230 41
9231 15
9232 41
9233 15
9234 15
9235 41
9236 41
9237 32
9238 41
9239 41
9240 41
9241 41
9242 41
9243 15
9244 41
9245 41
9246 83
9247 41
9248 41
9249 41
9250 15
9251 15
9252 41
9253 41
9254 41
9255 41
9256 41
9257 15
9258 41
9259 41
9260 15
9261 41
9262 41
9263 34
9264 41
9265 41
9266 41
9267 41
9268 15
9269 15
9270 15
9271 41
9272 15
9273 41
9274 41
9275 21
9276 21
9277 41
9278 41
9279 41
9280 41
9281 41
9282 21
9283 226
9284 41
9285 41
9286 34
9287 41
9288 21
9289 41
9290 21
9291 41
9292 41
9293 41
9294 15
9295 21
9296 41
9297 41
9298 41
9299 41
9300 41
9301 15
9302 21
9303 41
9304 41
9305 41
9306 41
9307 41
9308 41
9309 227
9310 41
9311 15
9312 15
9313 41
9314 41
9315 21
9316 15
9317 15
9318 228
9319 41
9320 41
9321 41
9322 15
9323 15
9324 41
9325 229
9326 15
9327 100
9328 41
9329 41
9330 41
9331 34
9332 41
9333 15
9334 15
9335 15
9336 15
9337 15
9338 41
9339 41
9340 41
9341 41
9342 41
9343 41
9344 41
9345 32
9346 41
9347 21
9348 41
9349 41
9350 41
9351 15
9352 15
9353 15
9354 15
9355 32
9356 41
9357 15
9358 15
9359 21
9360 41
9361 41
9362 15
9363 21
9364 15
9365 21
9366 41
9367 41
9368 15
9369 41
9370 41
9371 41
9372 41
9373 15
9374 41
9375 15
9376 41
9377 41
9378 82
9379 79
9380 15
9381 41
9382 41
9383 41
9384 41
9385 41
9386 21
9387 41
9388 15
9389 41
9390 230
9391 15
9392 41
9393 41
9394 15
9395 41
9396 41
9397 41
9398 41
9399 41
9400 41
9401 15
9402 15
9403 21
9404 15
9405 174
9406 15
9407 15
9408 46
9409 21
9410 15
9411 41
9412 41
9413 41
9414 41
9415 41
9416 41
9417 41
9418 15
9419 15
9420 34
9421 32
9422 41
9423 41
9424 41
9425 15
9426 15
9427 15
9428 220
9429 21
9430 220
9431 41
9432 34
9433 15
9434 124
9435 41
9436 41
9437 15
9438 15
9439 41
9440 41
9441 15
9442 41
9443 41
9444 41
9445 43
9446 86
9447 15
9448 41
9449 15
9450 41
9451 92
9452 15
9453 41
9454 32
9455 15
9456 41
9457 15
9458 41
9459 15
9460 15
9461 15
9462 41
9463 15
9464 41
9465 21
9466 15
9467 41
9468 41
9469 34
9470 41
9471 41
9472 41
9473 15
9474 15
9475 15
9476 45
9477 15
9478 41
9479 41
9480 15
9481 15
9482 190
9483 41
9484 41
9485 41
9486 41
9487 15
9488 15
9489 41
9490 15
9491 41
9492 41
9493 41
9494 41
9495 15
9496 41
9497 41
9498 190
9499 15
9500 41
9501 21
9502 15
9503 41
9504 41
9505 41
9506 41
9507 41
9508 15
9509 41
9510 15
9511 41
9512 15
9513 15
9514 15
9515 15
9516 41
9517 41
9518 41
9519 41
9520 21
9521 41
9522 64
9523 41
9524 41
9525 15
9526 41
9527 21
9528 41
9529 15
9530 21
9531 41
9532 41
9533 187
9534 41
9535 21
9536 41
9537 45
9538 41
9539 15
9540 41
9541 21
9542 41
9543 41
9544 41
9545 15
9546 41
9547 41
9548 41
9549 15
9550 34
9551 15
9552 15
9553 41
9554 15
9555 41
9556 122
9557 15
9558 41
9559 41
9560 41
9561 15
9562 41
9563 41
9564 15
9565 41
9566 41
9567 21
9568 41
9569 15
9570 41
9571 41
9572 41
9573 41
9574 41
9575 21
9576 41
9577 15
9578 41
9579 41
9580 41
9581 41
9582 207
9583 34
9584 41
9585 41
9586 41
9587 41
9588 37
9589 41
9590 15
9591 41
9592 41
9593 214
9594 21
9595 15
9596 15
9597 15
9598 41
9599 15
9600 41
9601 41
9602 41
9603 15
9604 15
9605 41
9606 41
9607 41
9608 15
9609 41
9610 41
9611 15
9612 41
9613 15
9614 41
9615 22
9616 41
9617 41
9618 41
9619 41
9620 41
9621 43
9622 43
9623 41
9624 15
9625 15
9626 43
9627 5
9628 41
9629 41
9630 41
9631 41
9632 21
9633 41
9634 41
9635 41
9636 41
9637 41
9638 99
9639 41
9640 41
9641 15
9642 41
9643 15
9644 41
9645 41
9646 32
9647 41
9648 43
9649 41
9650 41
9651 41
9652 41
9653 41
9654 15
9655 41
9656 41
9657 41
9658 41
9659 15
9660 41
9661 21
9662 41
9663 21
9664 41
9665 21
9666 44
9667 15
9668 41
9669 41
9670 44
9671 15
9672 41
9673 41
9674 41
9675 41
9676 41
9677 41
9678 15
9679 21
9680 41
9681 4
9682 41
9683 15
9684 15
9685 41
9686 15
9687 15
9688 15
9689 15
9690 15
9691 15
9692 41
9693 41
9694 41
9695 41
9696 41
9697 21
9698 41
9699 21
9700 41
9701 41
9702 15
9703 41
9704 41
9705 21
9706 21
9707 41
9708 41
9709 41
9710 41
9711 21
9712 10
9713 15
9714 41
9715 41
9716 15
9717 41
9718 41
9719 41
9720 136
9721 15
9722 41
9723 41
9724 41
9725 15
9726 41
9727 41
9728 41
9729 41
9730 89
9731 41
9732 41
9733 15
9734 15
9735 41
9736 41
9737 41
9738 41
9739 15
9740 15
9741 41
9742 41
9743 41
9744 21
9745 37
9746 41
9747 41
9748 46
9749 41
9750 41
9751 41
9752 41
9753 41
9754 15
9755 41
9756 15
9757 41
9758 41
9759 41
9760 15
9761 41
9762 15
9763 41
9764 41
9765 41
9766 41
9767 41
9768 41
9769 41
9770 41
9771 15
9772 41
9773 41
9774 41
9775 15
9776 41
9777 41
9778 15
9779 15
9780 41
9781 41
9782 41
9783 41
9784 46
9785 15
9786 41
9787 41
9788 41
9789 41
9790 41
9791 217
9792 15
9793 15
9794 41
9795 41
9796 15
9797 15
9798 41
9799 41
9800 15
9801 41
9802 15
9803 41
9804 34
9805 41
9806 21
9807 15
9808 15
9809 15
9810 41
9811 15
9812 15
9813 41
9814 41
9815 15
9816 41
9817 15
9818 41
9819 15
9820 41
9821 41
9822 41
9823 15
9824 21
9825 41
9826 41
9827 15
9828 41
9829 34
9830 41
9831 41
9832 41
9833 41
9834 41
9835 41
9836 41
9837 41
9838 41
9839 41
9840 15
9841 41
9842 41
9843 41
9844 41
9845 15
9846 41
9847 41
9848 41
9849 211
9850 41
9851 41
9852 15
9853 41
9854 41
9855 41
9856 44
9857 41
9858 21
9859 41
9860 41
9861 41
9862 41
9863 41
9864 21
9865 41
9866 22
9867 41
9868 15
9869 41
9870 41
9871 44
9872 77
9873 41
9874 41
9875 15
9876 15
9877 15
9878 15
9879 41
9880 41
9881 41
9882 85
9883 41
9884 41
9885 41
9886 41
9887 41
9888 41
9889 41
9890 41
9891 15
9892 41
9893 41
9894 76
9895 41
9896 41
9897 41
9898 41
9899 41
9900 41
9901 15
9902 149
9903 41
9904 15
9905 21
9906 15
9907 34
9908 41
9909 41
9910 15
9911 41
9912 15
9913 41
9914 41
9915 15
9916 41
9917 41
9918 41
9919 41
9920 15
9921 41
9922 41
9923 41
9924 41
9925 41
9926 41
9927 21
9928 41
9929 15
9930 41
9931 41
9932 41
9933 41
9934 41
9935 41
9936 41
9937 77
9938 41
9939 41
9940 15
9941 15
9942 41
9943 15
9944 41
9945 41
9946 41
9947 41
9948 41
9949 44
9950 41
9951 15
9952 45
9953 41
9954 41
9955 41
9956 41
9957 21
9958 41
9959 46
9960 41
9961 15
9962 174
9963 15
9964 15
9965 34
9966 21
9967 41
9968 15
9969 15
9970 41
9971 15
9972 15
9973 41
9974 15
9975 41
9976 15
9977 21
9978 41
9979 41
9980 41
9981 15
9982 15
9983 41
9984 41
9985 41
9986 32
9987 41
9988 41
9989 15
9990 41
9991 41
9992 50
9993 34
9994 41
9995 15
9996 32
9997 41
9998 54
9999 41
10000 41
10001 21
10002 41
10003 15
10004 198
10005 15
10006 41
10007 32
10008 41
10009 41
10010 37
10011 37
10012 41
10013 41
10014 46
10015 97
10016 75
10017 41
10018 36
10019 15
10020 221
10021 41
10022 41
10023 41
10024 41
10025 15
10026 41
10027 15
10028 41
10029 21
10030 41
10031 41
10032 41
10033 15
10034 41
10035 41
10036 41
10037 41
10038 15
10039 41
10040 21
10041 41
10042 41
10043 15
10044 41
10045 41
10046 41
10047 41
10048 15
10049 15
10050 41
10051 15
10052 41
10053 34
10054 41
10055 41
10056 15
10057 41
10058 21
10059 41
10060 41
10061 41
10062 15
10063 37
10064 15
10065 15
10066 41
10067 41
10068 15
10069 41
10070 41
10071 15
10072 41
10073 45
10074 21
10075 41
10076 41
10077 41
10078 41
10079 15
10080 41
10081 41
10082 34
10083 41
10084 15
10085 41
10086 41
10087 21
10088 21
10089 41
10090 41
10091 16
10092 41
10093 41
10094 41
10095 41
10096 15
10097 15
10098 41
10099 41
10100 41
10101 15
10102 41
10103 211
10104 45
10105 41
10106 41
10107 41
10108 41
10109 41
10110 37
10111 7
10112 41
10113 41
10114 41
10115 41
10116 45
10117 41
10118 41
10119 41
10120 41
10121 41
10122 41
10123 21
10124 15
10125 41
10126 214
10127 21
10128 41
10129 15
10130 41
10131 34
10132 41
10133 21
10134 21
10135 15
10136 44
10137 15
10138 41
10139 32
10140 15
10141 41
10142 41
10143 45
10144 41
10145 106
10146 32
10147 15
10148 41
10149 41
10150 41
10151 41
10152 41
10153 15
10154 41
10155 41
10156 41
10157 15
10158 21
10159 41
10160 15
10161 15
10162 15
10163 15
10164 41
10165 15
10166 15
10167 41
10168 41
10169 15
10170 15
10171 15
10172 15
10173 41
10174 41
10175 41
10176 41
10177 41
10178 34
10179 41
10180 15
10181 41
10182 41
10183 46
10184 41
10185 79
10186 154
10187 21
10188 15
10189 15
10190 41
10191 53
10192 41
10193 15
10194 41
10195 15
10196 41
10197 0
10198 15
10199 45
10200 15
10201 41
10202 41
10203 15
10204 15
10205 15
10206 41
10207 41
10208 41
10209 15
10210 15
10211 41
10212 15
10213 41
10214 41
10215 41
10216 41
10217 15
10218 15
10219 15
10220 21
10221 41
10222 174
10223 41
10224 15
10225 41
10226 117
10227 34
10228 41
10229 41
10230 46
10231 41
10232 15
10233 41
10234 32
10235 15
10236 41
10237 15
10238 15
10239 41
10240 46
10241 41
10242 41
10243 15
10244 41
10245 41
10246 15
10247 41
10248 41
10249 15
10250 41
10251 28
10252 41
10253 41
10254 41
10255 41
10256 41
10257 41
10258 21
10259 21
10260 41
10261 41
10262 41
10263 41
10264 21
10265 41
10266 197
10267 41
10268 41
10269 41
10270 15
10271 41
10272 41
10273 32
10274 41
10275 41
10276 15
10277 41
10278 41
10279 41
10280 41
10281 41
10282 15
10283 41
10284 34
10285 41
10286 41
10287 41
10288 15
10289 41
10290 15
10291 15
10292 41
10293 41
10294 41
10295 41
10296 15
10297 21
10298 41
10299 41
10300 41
10301 41
10302 34
10303 41
10304 10
10305 34
10306 15
10307 41
10308 167
10309 41
10310 41
10311 41
10312 15
10313 15
10314 15
10315 41
10316 21
10317 41
10318 15
10319 41
10320 41
10321 41
10322 41
10323 32
10324 15
10325 15
10326 46
10327 65
10328 37
10329 41
10330 15
10331 41
10332 41
10333 32
10334 41
10335 41
10336 41
10337 41
10338 41
10339 15
10340 41
10341 15
10342 41
10343 224
10344 15
10345 37
10346 41
10347 41
10348 15
10349 21
10350 21
10351 41
10352 41
10353 41
10354 41
10355 41
10356 41
10357 21
10358 15
10359 15
10360 41
10361 41
10362 34
10363 41
10364 41
10365 34
10366 41
10367 41
10368 41
10369 46
10370 41
10371 15
10372 46
10373 41
10374 41
10375 41
10376 41
10377 21
10378 15
10379 41
10380 41
10381 32
10382 41
10383 41
10384 41
10385 41
10386 15
10387 41
10388 41
10389 41
10390 41
10391 15
10392 41
10393 41
10394 41
10395 45
10396 41
10397 32
10398 41
10399 41
10400 41
10401 41
10402 41
10403 41
10404 15
10405 41
10406 15
10407 41
10408 44
10409 37
10410 41
10411 15
10412 163
10413 34
10414 41
10415 41
10416 1
10417 34
10418 15
10419 15
10420 15
10421 41
10422 15
10423 41
10424 141
10425 41
10426 21
10427 41
10428 15
10429 30
10430 41
10431 41
10432 97
10433 97
10434 10
10435 41
10436 41
10437 15
10438 15
10439 15
10440 21
10441 15
10442 15
10443 15
10444 41
10445 41
10446 15
10447 46
10448 156
10449 15
10450 15
10451 41
10452 15
10453 41
10454 41
10455 15
10456 41
10457 127
10458 15
10459 15
10460 15
10461 15
10462 41
10463 41
10464 15
10465 37
10466 201
10467 41
10468 21
10469 41
10470 41
10471 15
10472 15
10473 41
10474 41
10475 41
10476 37
10477 41
10478 41
10479 41
10480 15
10481 21
10482 41
10483 37
10484 15
10485 15
10486 41
10487 41
10488 41
10489 15
10490 15
10491 41
10492 41
10493 15
10494 15
10495 37
10496 37
10497 15
10498 41
10499 15
10500 15
10501 41
10502 41
10503 41
10504 41
10505 41
10506 41
10507 41
10508 46
10509 34
10510 15
10511 21
10512 41
10513 41
10514 21
10515 21
10516 41
10517 15
10518 41
10519 41
10520 41
10521 41
10522 41
10523 15
10524 41
10525 41
10526 41
10527 15
10528 1
10529 21
10530 41
10531 15
10532 15
10533 15
10534 15
10535 15
10536 41
10537 21
10538 41
10539 41
10540 142
10541 41
10542 41
10543 41
10544 41
10545 41
10546 37
10547 41
10548 104
10549 41
10550 41
10551 41
10552 21
10553 32
10554 41
10555 15
10556 41
10557 15
10558 41
10559 15
10560 41
10561 41
10562 41
10563 41
10564 41
10565 46
10566 41
10567 41
10568 15
10569 15
10570 15
10571 156
10572 41
10573 15
10574 41
10575 41
10576 41
10577 41
10578 15
10579 46
10580 41
10581 41
10582 66
10583 15
10584 41
10585 41
10586 41
10587 41
10588 41
10589 41
10590 41
10591 41
10592 15
10593 41
10594 15
10595 34
10596 15
10597 15
10598 15
10599 15
10600 41
10601 37
10602 41
10603 15
10604 15
10605 21
10606 41
10607 41
10608 41
10609 15
10610 41
10611 15
10612 21
10613 46
10614 41
10615 41
10616 41
10617 15
10618 15
10619 41
10620 41
10621 21
10622 41
10623 41
10624 15
10625 41
10626 41
10627 57
10628 58
10629 15
10630 81
10631 41
10632 41
10633 41
10634 37
10635 41
10636 41
10637 41
10638 41
10639 21
10640 15
10641 15
10642 41
10643 41
10644 41
10645 41
10646 41
10647 41
10648 22
10649 15
10650 15
10651 37
10652 37
10653 37
10654 185
10655 15
10656 41
10657 15
10658 41
10659 15
10660 32
10661 15
10662 41
10663 15
10664 34
10665 41
10666 15
10667 15
10668 41
10669 41
10670 45
10671 41
10672 41
10673 15
10674 41
10675 41
10676 41
10677 41
10678 41
10679 41
10680 15
10681 37
10682 41
10683 41
10684 41
10685 15
10686 41
10687 15
10688 41
10689 21
10690 41
10691 41
10692 15
10693 41
10694 41
10695 41
10696 41
10697 41
10698 15
10699 46
10700 15
10701 41
10702 41
10703 15
10704 15
10705 15
10706 41
10707 41
10708 15
10709 15
10710 41
10711 41
10712 41
10713 41
10714 15
10715 41
10716 15
10717 41
10718 15
10719 41
10720 41
10721 120
10722 41
10723 41
10724 41
10725 41
10726 41
10727 41
10728 41
10729 41
10730 15
10731 41
10732 15
10733 15
10734 41
10735 41
10736 41
10737 41
10738 41
10739 41
10740 41
10741 41
10742 41
10743 15
10744 34
10745 15
10746 15
10747 21
10748 15
10749 41
10750 41
10751 41
10752 15
10753 41
10754 15
10755 41
10756 41
10757 41
10758 41
10759 37
10760 32
10761 41
10762 41
10763 22
10764 41
10765 41
10766 46
10767 15
10768 41
10769 34
10770 21
10771 41
10772 41
10773 34
10774 41
10775 10
10776 41
10777 15
10778 41
10779 41
10780 41
10781 41
10782 15
10783 21
10784 15
10785 41
10786 41
10787 41
10788 41
10789 15
10790 41
10791 15
10792 41
10793 21
10794 15
10795 41
10796 15
10797 15
10798 41
10799 37
10800 41
10801 41
10802 41
10803 41
10804 15
10805 46
10806 41
10807 41
10808 37
10809 41
10810 41
10811 15
10812 41
10813 41
10814 15
10815 41
10816 41
10817 41
10818 41
10819 41
10820 41
10821 41
10822 15
10823 41
10824 41
10825 15
10826 41
10827 46
10828 41
10829 41
10830 41
10831 41
10832 15
10833 41
10834 41
10835 41
10836 41
10837 41
10838 34
10839 41
10840 41
10841 15
10842 15
10843 41
10844 65
10845 41
10846 15
10847 41
10848 41
10849 41
10850 41
10851 41
10852 41
10853 15
10854 46
10855 46
10856 37
10857 41
10858 41
10859 15
10860 41
10861 15
10862 41
10863 15
10864 41
10865 41
10866 41
10867 147
10868 41
10869 41
10870 41
10871 213
10872 15
10873 41
10874 41
10875 41
10876 41
10877 41
10878 41
10879 213
10880 41
10881 15
10882 37
10883 15
10884 21
10885 41
10886 41
10887 41
10888 41
10889 41
10890 41
10891 15
10892 41
10893 41
10894 41
10895 195
10896 15
10897 41
10898 41
10899 41
10900 41
10901 15
10902 15
10903 41
10904 41
10905 41
10906 41
10907 41
10908 15
10909 152
10910 15
10911 41
10912 41
10913 41
10914 15
10915 41
10916 41
10917 21
10918 15
10919 41
10920 41
10921 41
10922 41
10923 41
10924 41
10925 15
10926 41
10927 41
10928 41
10929 47
10930 41
10931 41
10932 41
10933 41
10934 15
10935 15
10936 46
10937 41
10938 15
10939 41
10940 41
10941 41
10942 41
10943 41
10944 41
10945 21
10946 15
10947 37
10948 41
10949 41
10950 41
10951 41
10952 41
10953 41
10954 15
10955 41
10956 15
10957 21
10958 15
10959 41
10960 21
10961 15
10962 41
10963 32
10964 15
10965 41
10966 41
10967 15
10968 41
10969 15
10970 15
10971 15
10972 15
10973 15
10974 15
10975 15
10976 41
10977 41
10978 41
10979 41
10980 21
10981 41
10982 41
10983 15
10984 41
10985 15
10986 41
10987 41
10988 41
10989 41
10990 15
10991 41
10992 15
10993 47
10994 41
10995 41
10996 41
10997 41
10998 15
10999 34
11000 41
11001 41
11002 15
11003 177
11004 41
11005 96
11006 41
11007 41
11008 15
11009 41
11010 41
11011 41
11012 146
11013 15
11014 15
11015 15
11016 41
11017 41
11018 41
11019 41
11020 41
11021 41
11022 41
11023 15
11024 41
11025 41
11026 41
11027 15
11028 15
11029 15
11030 21
11031 15
11032 41
11033 41
11034 41
11035 41
11036 41
11037 15
11038 15
11039 41
11040 149
11041 41
11042 41
11043 41
11044 41
11045 41
11046 37
11047 15
11048 41
11049 15
11050 15
11051 41
11052 41
11053 41
11054 41
11055 41
11056 41
11057 15
11058 41
11059 41
11060 41
11061 15
11062 41
11063 41
11064 41
11065 41
11066 46
11067 41
11068 15
11069 34
11070 41
11071 15
11072 34
11073 15
11074 15
11075 41
11076 41
11077 41
11078 41
11079 41
11080 41
11081 41
11082 41
11083 51
11084 41
11085 41
11086 15
11087 15
11088 41
11089 41
11090 41
11091 41
11092 41
11093 41
11094 41
11095 219
11096 15
11097 41
11098 41
11099 84
11100 41
11101 41
11102 41
11103 41
11104 41
11105 15
11106 41
11107 15
11108 92
11109 41
11110 41
11111 174
11112 41
11113 15
11114 41
11115 15
11116 21
11117 41
11118 15
11119 41
11120 20
11121 32
11122 41
11123 15
11124 15
11125 41
11126 41
11127 41
11128 47
11129 41
11130 41
11131 15
11132 41
11133 32
11134 47
11135 41
11136 15
11137 41
11138 47
11139 41
11140 41
11141 41
11142 41
11143 41
11144 41
11145 15
11146 41
11147 21
11148 41
11149 41
11150 41
11151 41
11152 41
11153 41
11154 41
11155 41
11156 41
11157 41
11158 41
11159 21
11160 37
11161 37
11162 41
11163 41
11164 46
11165 21
11166 15
11167 41
11168 41
11169 41
11170 41
11171 41
11172 15
11173 15
11174 15
11175 34
11176 41
11177 157
11178 41
11179 32
11180 41
11181 41
11182 21
11183 15
11184 15
11185 15
11186 41
11187 41
11188 15
11189 41
11190 22
11191 41
11192 10
11193 21
11194 21
11195 41
11196 41
11197 41
11198 15
11199 41
11200 15
11201 15
11202 32
11203 15
11204 41
11205 15
11206 41
11207 41
11208 15
11209 41
11210 34
11211 41
11212 41
11213 15
11214 41
11215 41
11216 41
11217 15
11218 41
11219 16
11220 41
11221 15
11222 41
11223 41
11224 41
11225 41
11226 41
11227 41
11228 15
11229 21
11230 15
11231 129
11232 15
11233 15
11234 79
11235 15
11236 15
11237 15
11238 15
11239 15
11240 41
11241 21
11242 15
11243 21
11244 41
11245 15
11246 41
11247 41
11248 41
11249 41
11250 41
11251 41
11252 41
11253 15
11254 15
11255 15
11256 21
11257 41
11258 41
11259 41
11260 37
11261 15
11262 15
11263 15
11264 15
11265 41
11266 41
11267 41
11268 15
11269 153
11270 41
11271 41
11272 47
11273 15
11274 37
11275 41
11276 15
11277 41
11278 34
11279 34
11280 32
11281 41
11282 41
11283 41
11284 15
11285 21
11286 15
11287 41
11288 41
11289 41
11290 41
11291 41
11292 41
11293 41
11294 41
11295 41
11296 15
11297 41
11298 15
11299 41
11300 15
11301 41
11302 15
11303 15
11304 41
11305 147
11306 15
11307 32
11308 15
11309 92
11310 15
11311 41
11312 15
11313 41
11314 41
11315 41
11316 41
11317 41
11318 41
11319 41
11320 15
11321 41
11322 41
11323 41
11324 41
11325 41
11326 41
11327 41
11328 21
11329 15
11330 41
11331 41
11332 41
11333 41
11334 15
11335 15
11336 41
11337 41
11338 41
11339 41
11340 34
11341 41
11342 41
11343 41
11344 15
11345 41
11346 41
11347 15
11348 41
11349 41
11350 32
11351 41
11352 41
11353 41
11354 41
11355 41
11356 41
11357 41
11358 41
11359 15
11360 41
11361 41
11362 41
11363 34
11364 41
11365 41
11366 15
11367 41
11368 41
11369 41
11370 108
11371 21
11372 41
11373 15
11374 41
11375 15
11376 41
11377 41
11378 15
11379 47
11380 15
11381 41
11382 15
11383 15
11384 15
11385 15
11386 15
11387 41
11388 34
11389 41
11390 41
11391 41
11392 15
11393 41
11394 15
11395 41
11396 15
11397 41
11398 15
11399 41
11400 41
11401 41
11402 15
11403 41
11404 41
11405 34
11406 15
11407 34
11408 41
11409 21
11410 32
11411 15
11412 41
11413 41
11414 15
11415 86
11416 41
11417 41
11418 41
11419 15
11420 41
11421 41
11422 46
11423 21
11424 41
11425 41
11426 15
11427 41
11428 41
11429 41
11430 41
11431 190
11432 41
11433 15
11434 15
11435 41
11436 78
11437 15
11438 41
11439 41
11440 15
11441 41
11442 41
11443 41
11444 15
11445 41
11446 41
11447 41
11448 45
11449 15
11450 41
11451 41
11452 41
11453 41
11454 41
11455 97
11456 190
11457 41
11458 41
11459 41
11460 41
11461 41
11462 41
11463 41
11464 41
11465 15
11466 41
11467 47
11468 15
11469 15
11470 41
11471 41
11472 41
11473 41
11474 41
11475 15
11476 41
11477 41
11478 15
11479 15
11480 15
11481 41
11482 15
11483 41
11484 15
11485 41
11486 41
11487 41
11488 41
11489 41
11490 15
11491 92
11492 47
11493 41
11494 41
11495 41
11496 15
11497 41
11498 41
11499 41
11500 41
11501 15
11502 41
11503 41
11504 15
11505 41
11506 41
11507 41
11508 41
11509 41
11510 34
11511 32
11512 21
11513 41
11514 15
11515 41
11516 41
11517 21
11518 41
11519 41
11520 41
11521 41
11522 41
11523 41
11524 41
11525 41
11526 41
11527 15
11528 15
11529 15
11530 41
11531 34
11532 41
11533 15
11534 41
11535 21
11536 15
11537 15
11538 41
11539 41
11540 41
11541 41
11542 15
11543 15
11544 41
11545 41
11546 15
11547 41
11548 41
11549 34
11550 34
11551 15
11552 15
11553 80
11554 41
11555 21
11556 15
11557 41
11558 41
11559 15
11560 41
11561 41
11562 21
11563 41
11564 41
11565 41
11566 41
11567 41
11568 15
11569 172
11570 41
11571 41
11572 15
11573 15
11574 21
11575 41
11576 41
11577 41
11578 41
11579 41
11580 15
11581 15
11582 151
11583 41
11584 41
11585 41
11586 41
11587 32
11588 41
11589 21
11590 15
11591 41
11592 41
11593 41
11594 41
11595 41
11596 41
11597 15
11598 41
11599 41
11600 41
11601 41
11602 41
11603 15
11604 41
11605 41
11606 41
11607 86
11608 24
11609 24
11610 15
11611 41
11612 15
11613 41
11614 41
11615 41
11616 41
11617 41
11618 41
11619 41
11620 41
11621 41
11622 15
11623 41
11624 41
11625 71
11626 24
11627 41
11628 21
11629 41
11630 21
11631 41
11632 199
11633 21
11634 15
11635 41
11636 86
11637 10
11638 41
11639 15
11640 41
11641 41
11642 21
11643 41
11644 227
11645 41
11646 41
11647 15
11648 15
11649 41
11650 21
11651 41
11652 37
11653 21
11654 15
11655 41
11656 15
11657 37
11658 41
11659 15
11660 41
11661 15
11662 41
11663 15
11664 15
11665 15
11666 15
11667 37
11668 41
11669 41
11670 41
11671 41
11672 15
11673 15
11674 41
11675 41
11676 41
11677 41
11678 15
11679 41
11680 21
11681 41
11682 41
11683 41
11684 41
11685 15
11686 41
11687 41
11688 41
11689 41
11690 41
11691 15
11692 41
11693 41
11694 41
11695 15
11696 41
11697 15
11698 41
11699 86
11700 41
11701 41
11702 41
11703 41
11704 41
11705 41
11706 41
11707 41
11708 41
11709 37
11710 15
11711 15
11712 41
11713 41
11714 41
11715 32
11716 41
11717 15
11718 71
11719 41
11720 41
11721 41
11722 41
11723 41
11724 46
11725 41
11726 41
11727 41
11728 15
11729 37
11730 41
11731 41
11732 43
11733 86
11734 15
11735 41
11736 49
11737 41
11738 14
11739 14
11740 49
11741 41
11742 41
11743 41
11744 41
11745 15
11746 15
11747 41
11748 41
11749 125
11750 15
11751 41
11752 15
11753 15
11754 15
11755 41
11756 41
11757 15
11758 41
11759 21
11760 41
11761 46
11762 41
11763 41
11764 41
11765 41
11766 41
11767 15
11768 15
11769 135
11770 41
11771 41
11772 41
11773 41
11774 41
11775 41
11776 41
11777 41
11778 41
11779 15
11780 41
11781 41
11782 41
11783 15
11784 41
11785 15
11786 41
11787 15
11788 114
11789 41
11790 15
11791 15
11792 41
11793 46
11794 46
11795 34
11796 41
11797 41
11798 41
11799 15
11800 41
11801 15
11802 41
11803 21
11804 41
11805 15
11806 41
11807 41
11808 41
11809 41
11810 15
11811 41
11812 41
11813 41
11814 21
11815 21
11816 21
11817 41
11818 45
11819 41
11820 41
11821 41
11822 46
11823 15
11824 88
11825 41
11826 41
11827 41
11828 41
11829 41
11830 41
11831 15
11832 15
11833 34
11834 41
11835 41
11836 41
11837 41
11838 21
11839 41
11840 41
11841 15
11842 41
11843 41
11844 46
11845 21
11846 15
11847 41
11848 97
11849 41
11850 15
11851 41
11852 46
11853 41
11854 41
11855 46
11856 41
11857 100
11858 15
11859 46
11860 41
11861 46
11862 46
11863 15
11864 46
11865 41
11866 86
11867 41
11868 41
11869 41
11870 41
11871 41
11872 41
11873 41
11874 41
11875 41
11876 41
11877 46
11878 41
11879 15
11880 21
11881 41
11882 21
11883 41
11884 41
11885 41
11886 15
11887 15
11888 41
11889 41
11890 21
11891 41
11892 46
11893 41
11894 41
11895 15
11896 41
11897 41
11898 41
11899 41
11900 41
11901 41
11902 41
11903 15
11904 41
11905 214
11906 216
11907 41
11908 41
11909 15
11910 110
11911 21
11912 15
11913 41
11914 15
11915 15
11916 41
11917 46
11918 41
11919 15
11920 41
11921 41
11922 41
11923 41
11924 41
11925 41
11926 41
11927 15
11928 41
11929 8
11930 41
11931 41
11932 15
11933 41
11934 115
11935 15
11936 46
11937 46
11938 15
11939 34
11940 218
11941 41
11942 41
11943 21
11944 41
11945 41
11946 41
11947 41
11948 41
11949 15
11950 41
11951 41
11952 41
11953 15
11954 15
11955 41
11956 21
11957 15
11958 34
11959 41
11960 41
11961 41
11962 15
11963 41
11964 190
11965 21
11966 41
11967 41
11968 36
11969 41
11970 41
11971 41
11972 41
11973 15
11974 41
11975 21
11976 41
11977 46
11978 15
11979 21
11980 41
11981 41
11982 41
11983 41
11984 15
11985 46
11986 77
11987 15
11988 41
11989 41
11990 41
11991 15
11992 41
11993 15
11994 41
11995 32
11996 41
11997 41
11998 15
11999 46
12000 41
12001 41
12002 41
12003 41
12004 41
12005 41
