10
0 2
1 2
2 2
3 2
4 2
5 2
6 2
7 2
8 2
9 2
10 2
11 2
12 2
13 2
14 2
15 2
16 2
17 2
18 2
19 2
20 2
21 2
22 2
23 2
24 2
25 2
26 2
27 2
28 2
29 2
30 2
31 2
32 2
33 2
34 6
35 2
36 2
37 2
38 2
39 2
40 2
41 2
42 2
43 2
44 2
45 2
46 2
47 2
48 2
49 2
50 2
51 2
52 2
53 2
54 2
55 2
56 2
57 2
58 2
59 2
60 2
61 2
62 2
63 2
64 2
65 2
66 2
67 2
68 2
69 2
70 2
71 2
72 2
73 2
74 2
75 2
76 2
77 2
78 2
79 2
80 2
81 2
82 2
83 2
84 2
85 2
86 2
87 2
88 2
89 2
90 2
91 2
92 2
93 2
94 2
95 2
96 2
97 2
98 2
99 2
100 2
101 2
102 2
103 2
104 2
105 2
106 2
107 5
108 2
109 2
110 2
111 2
112 2
113 2
114 2
115 2
116 2
117 2
118 2
119 2
120 2
121 2
122 2
123 2
124 2
125 2
126 2
127 2
128 2
129 2
130 2
131 2
132 2
133 2
134 2
135 2
136 9
137 2
138 2
139 2
140 2
141 2
142 2
143 2
144 2
145 2
146 2
147 2
148 2
149 2
150 2
151 2
152 2
153 2
154 2
155 2
156 2
157 2
158 2
159 2
160 2
161 2
162 2
163 2
164 2
165 2
166 2
167 2
168 2
169 2
170 2
171 2
172 2
173 6
174 2
175 2
176 2
177 2
178 2
179 2
180 2
181 2
182 2
183 2
184 2
185 2
186 2
187 2
188 2
189 2
190 2
191 2
192 2
193 2
194 2
195 2
196 2
197 2
198 6
199 2
200 2
201 2
202 2
203 2
204 2
205 2
206 2
207 2
208 2
209 2
210 2
211 2
212 2
213 2
214 2
215 2
216 2
217 2
218 2
219 2
220 2
221 2
222 2
223 2
224 2
225 2
226 2
227 2
228 2
229 2
230 2
231 2
232 2
233 2
234 2
235 2
236 2
237 2
238 2
239 2
240 2
241 2
242 2
243 2
244 2
245 2
246 2
247 2
248 2
249 2
250 2
251 2
252 2
253 2
254 2
255 2
256 2
257 2
258 2
259 2
260 2
261 2
262 2
263 2
264 2
265 2
266 2
267 2
268 2
269 2
270 2
271 2
272 2
273 2
274 2
275 2
276 2
277 2
278 2
279 2
280 2
281 2
282 2
283 2
284 2
285 2
286 2
287 2
288 2
289 2
290 2
291 2
292 2
293 2
294 2
295 2
296 2
297 2
298 2
299 2
300 2
301 2
302 2
303 2
304 2
305 2
306 2
307 2
308 2
309 2
310 2
311 2
312 2
313 2
314 2
315 2
316 2
317 2
318 2
319 2
320 2
321 2
322 2
323 2
324 2
325 2
326 2
327 2
328 2
329 2
330 2
331 2
332 2
333 2
334 2
335 2
336 2
337 2
338 2
339 2
340 2
341 2
342 2
343 2
344 2
345 2
346 2
347 2
348 6
349 6
350 6
351 6
352 6
353 6
354 6
355 6
356 6
357 6
358 6
359 6
360 6
361 6
362 6
363 6
364 6
365 6
366 6
367 6
368 6
369 6
370 6
371 6
372 6
373 6
374 6
375 6
376 6
377 6
378 6
379 6
380 6
381 6
382 6
383 6
384 6
385 6
386 6
387 6
388 6
389 7
390 6
391 6
392 6
393 6
394 6
395 6
396 6
397 6
398 6
399 6
400 6
401 6
402 6
403 6
404 6
405 6
406 6
407 6
408 6
409 6
410 6
411 6
412 6
413 6
414 6
415 6
416 6
417 6
418 6
419 6
420 6
421 6
422 6
423 6
424 6
425 6
426 6
427 6
428 6
429 6
430 6
431 6
432 6
433 6
434 6
435 6
436 6
437 6
438 6
439 6
440 6
441 6
442 6
443 6
444 6
445 6
446 6
447 6
448 6
449 6
450 6
451 6
452 6
453 6
454 6
455 6
456 6
457 6
458 6
459 6
460 6
461 6
462 6
463 6
464 6
465 6
466 6
467 6
468 6
469 6
470 6
471 6
472 6
473 6
474 6
475 6
476 6
477 6
478 6
479 6
480 6
481 6
482 6
483 6
484 6
485 6
486 6
487 6
488 6
489 6
490 6
491 6
492 6
493 6
494 6
495 6
496 6
497 6
498 6
499 6
500 6
501 6
502 6
503 6
504 6
505 6
506 6
507 6
508 6
509 6
510 6
511 6
512 6
513 6
514 6
515 6
516 6
517 6
518 6
519 6
520 6
521 6
522 6
523 6
524 6
525 6
526 6
527 6
528 6
529 6
530 6
531 6
532 6
533 6
534 6
535 6
536 6
537 6
538 6
539 6
540 6
541 6
542 6
543 6
544 6
545 6
546 6
547 6
548 6
549 6
550 6
551 6
552 6
553 6
554 6
555 6
556 6
557 6
558 6
559 6
560 6
561 6
562 6
563 6
564 6
565 6
566 6
567 6
568 6
569 6
570 6
571 6
572 6
573 6
574 6
575 6
576 3
577 3
578 3
579 6
580 6
581 6
582 3
583 3
584 6
585 6
586 6
587 6
588 6
589 6
590 6
591 6
592 6
593 6
594 2
595 3
596 6
597 6
598 6
599 3
600 3
601 6
602 6
603 6
604 6
605 6
606 6
607 6
608 6
609 6
610 6
611 6
612 6
613 6
614 6
615 3
616 6
617 6
618 6
619 6
620 6
621 6
622 6
623 6
624 6
625 6
626 6
627 3
628 3
629 6
630 6
631 6
632 3
633 6
634 6
635 3
636 6
637 6
638 6
639 6
640 3
641 6
642 6
643 3
644 6
645 6
646 6
647 3
648 6
649 6
650 3
651 6
652 6
653 6
654 6
655 6
656 6
657 6
658 3
659 3
660 6
661 3
662 3
663 6
664 6
665 3
666 6
667 6
668 6
669 6
670 3
671 6
672 6
673 6
674 6
675 3
676 6
677 6
678 6
679 6
680 6
681 3
682 6
683 6
684 6
685 6
686 0
687 0
688 0
689 0
690 0
691 0
692 0
693 0
694 0
695 0
696 0
697 0
698 0
699 0
700 0
701 0
702 0
703 0
704 0
705 0
706 0
707 0
708 0
709 0
710 0
711 0
712 0
713 0
714 0
715 0
716 0
717 0
718 0
719 0
720 0
721 0
722 0
723 0
724 0
725 0
726 0
727 0
728 0
729 0
730 0
731 0
732 0
733 0
734 0
735 0
736 0
737 0
738 0
739 0
740 0
741 0
742 0
743 0
744 0
745 0
746 0
747 0
748 0
749 0
750 0
751 0
752 0
753 0
754 0
755 0
756 0
757 0
758 0
759 0
760 0
761 0
762 0
763 0
764 0
765 0
766 0
767 0
768 0
769 0
770 0
771 0
772 0
773 0
774 0
775 0
776 0
777 0
778 0
779 0
780 0
781 0
782 0
783 0
784 0
785 0
786 0
787 0
788 0
789 0
790 0
791 0
792 0
793 0
794 0
795 0
796 0
797 0
798 0
799 0
800 0
801 0
802 0
803 0
804 0
805 0
806 0
807 0
808 0
809 0
810 0
811 0
812 0
813 0
814 0
815 0
816 0
817 0
818 0
819 0
820 0
821 0
822 0
823 0
824 0
825 0
826 0
827 0
828 0
829 0
830 0
831 0
832 0
833 0
834 0
835 0
836 0
837 0
838 0
839 0
840 0
841 0
842 0
843 0
844 0
845 0
846 0
847 0
848 0
849 0
850 0
851 0
852 0
853 0
854 0
855 0
856 0
857 0
858 0
859 0
860 0
861 0
862 0
863 0
864 0
865 0
866 0
867 0
868 0
869 0
870 0
871 0
872 0
873 0
874 0
875 0
876 0
877 0
878 0
879 0
880 0
881 0
882 0
883 0
884 0
885 0
886 0
887 0
888 0
889 0
890 0
891 0
892 0
893 0
894 0
895 0
896 7
897 5
898 7
899 5
900 0
901 0
902 7
903 0
904 5
905 6
906 5
907 5
908 0
909 5
910 6
911 5
912 6
913 5
914 6
915 6
916 5
917 7
918 5
919 7
920 5
921 5
922 5
923 5
924 7
925 5
926 5
927 5
928 0
929 5
930 6
931 6
932 5
933 7
934 5
935 7
936 6
937 7
938 0
939 6
940 7
941 7
942 7
943 7
944 7
945 7
946 5
947 5
948 6
949 7
950 0
951 5
952 5
953 5
954 7
955 5
956 5
957 7
958 0
959 5
960 5
961 5
962 6
963 0
964 7
965 7
966 5
967 5
968 5
969 7
970 0
971 7
972 5
973 5
974 7
975 7
976 6
977 7
978 5
979 5
980 5
981 7
982 5
983 5
984 7
985 7
986 7
987 5
988 7
989 7
990 2
991 5
992 0
993 5
994 7
995 5
996 5
997 5
998 5
999 5
1000 7
1001 6
1002 5
1003 5
1004 5
1005 7
1006 5
1007 7
1008 5
1009 7
1010 7
1011 7
1012 6
1013 6
1014 7
1015 7
1016 5
1017 5
1018 7
1019 7
1020 7
1021 7
1022 5
1023 0
1024 5
1025 6
1026 5
1027 5
1028 5
1029 5
1030 5
1031 5
1032 7
1033 0
1034 5
1035 7
1036 7
1037 7
1038 5
1039 5
1040 5
1041 7
1042 7
1043 5
1044 7
1045 5
1046 5
1047 5
1048 5
1049 5
1050 5
1051 7
1052 7
1053 5
1054 5
1055 5
1056 5
1057 5
1058 5
1059 5
1060 7
1061 0
1062 7
1063 5
1064 6
1065 7
1066 7
1067 7
1068 5
1069 5
1070 7
1071 5
1072 7
1073 0
1074 5
1075 5
1076 5
1077 5
1078 5
1079 5
1080 6
1081 7
1082 7
1083 5
1084 5
1085 0
1086 5
1087 5
1088 5
1089 7
1090 7
1091 5
1092 5
1093 7
1094 6
1095 6
1096 5
1097 0
1098 0
1099 7
1100 7
1101 5
1102 7
1103 7
1104 7
1105 5
1106 7
1107 5
1108 7
1109 7
1110 5
1111 5
1112 5
1113 6
1114 6
1115 7
1116 5
1117 5
1118 0
1119 5
1120 7
1121 7
1122 6
1123 5
1124 5
1125 5
1126 5
1127 7
1128 5
1129 7
1130 5
1131 7
1132 5
1133 5
1134 7
1135 5
1136 0
1137 0
1138 5
1139 7
1140 2
1141 7
1142 6
1143 7
1144 0
1145 5
1146 5
1147 5
1148 7
1149 5
1150 5
1151 5
1152 7
1153 5
1154 6
1155 6
1156 5
1157 5
1158 7
1159 7
1160 5
1161 5
1162 6
1163 5
1164 5
1165 5
1166 7
1167 7
1168 7
1169 7
1170 7
1171 5
1172 5
1173 5
1174 0
1175 5
1176 7
1177 5
1178 5
1179 6
1180 5
1181 5
1182 5
1183 7
1184 5
1185 5
1186 0
1187 0
1188 7
1189 7
1190 7
1191 5
1192 7
1193 5
1194 5
1195 5
1196 5
1197 5
1198 5
1199 5
1200 5
1201 5
1202 5
1203 0
1204 7
1205 5
1206 5
1207 5
1208 5
1209 5
1210 6
1211 5
1212 6
1213 7
1214 5
1215 7
1216 0
1217 7
1218 5
1219 5
1220 5
1221 7
1222 5
1223 6
1224 5
1225 7
1226 7
1227 7
1228 7
1229 7
1230 5
1231 7
1232 0
1233 6
1234 6
1235 7
1236 7
1237 6
1238 5
1239 5
1240 5
1241 7
1242 5
1243 5
1244 7
1245 7
1246 7
1247 7
1248 7
1249 7
1250 5
1251 0
1252 5
1253 5
1254 5
1255 5
1256 5
1257 7
1258 7
1259 7
1260 7
1261 7
1262 5
1263 6
1264 7
1265 5
1266 5
1267 5
1268 7
1269 5
1270 5
1271 5
1272 5
1273 7
1274 0
1275 7
1276 5
1277 7
1278 5
1279 7
1280 5
1281 7
1282 7
1283 5
1284 7
1285 5
1286 7
1287 5
1288 5
1289 5
1290 5
1291 5
1292 7
1293 5
1294 6
1295 6
1296 7
1297 5
1298 7
1299 7
1300 6
1301 5
1302 5
1303 7
1304 7
1305 5
1306 7
1307 0
1308 7
1309 7
1310 7
1311 7
1312 5
1313 6
1314 0
1315 7
1316 7
1317 5
1318 6
1319 0
1320 6
1321 5
1322 7
1323 5
1324 7
1325 0
1326 5
1327 5
1328 0
1329 5
1330 5
1331 5
1332 6
1333 0
1334 5
1335 5
1336 5
1337 5
1338 7
1339 5
1340 5
1341 5
1342 6
1343 7
1344 5
1345 7
1346 5
1347 7
1348 7
1349 6
1350 7
1351 5
1352 5
1353 5
1354 7
1355 7
1356 6
1357 6
1358 6
1359 5
1360 0
1361 5
1362 7
1363 0
1364 5
1365 5
1366 7
1367 5
1368 5
1369 5
1370 5
1371 0
1372 6
1373 7
1374 6
1375 5
1376 5
1377 5
1378 0
1379 7
1380 5
1381 7
1382 7
1383 5
1384 5
1385 7
1386 5
1387 5
1388 5
1389 5
1390 5
1391 5
1392 7
1393 5
1394 5
1395 5
1396 7
1397 6
1398 5
1399 5
1400 6
1401 5
1402 5
1403 5
1404 7
1405 5
1406 7
1407 5
1408 6
1409 5
1410 0
1411 5
1412 7
1413 7
1414 7
1415 7
1416 5
1417 7
1418 7
1419 5
1420 5
1421 0
1422 6
1423 7
1424 0
1425 6
1426 7
1427 6
1428 7
1429 7
1430 6
1431 5
1432 7
1433 0
1434 5
1435 5
1436 7
1437 5
1438 7
1439 5
1440 5
1441 5
1442 5
1443 6
1444 7
1445 0
1446 6
1447 5
1448 7
1449 5
1450 2
1451 7
1452 0
1453 6
1454 7
1455 6
1456 5
1457 5
1458 5
1459 7
1460 5
1461 5
1462 7
1463 5
1464 6
1465 9
1466 5
1467 5
1468 0
1469 7
1470 5
1471 5
1472 7
1473 7
1474 7
1475 7
1476 5
1477 5
1478 6
1479 7
1480 5
1481 7
1482 7
1483 5
1484 5
1485 5
1486 5
1487 6
1488 5
1489 7
1490 6
1491 5
1492 7
1493 0
1494 0
1495 7
1496 7
1497 5
1498 5
1499 5
1500 7
1501 5
1502 7
1503 7
1504 7
1505 2
1506 6
1507 7
1508 7
1509 5
1510 7
1511 0
1512 6
1513 5
1514 6
1515 7
1516 5
1517 5
1518 5
1519 5
1520 5
1521 5
1522 5
1523 5
1524 5
1525 7
1526 6
1527 5
1528 5
1529 7
1530 5
1531 7
1532 5
1533 0
1534 2
1535 5
1536 7
1537 5
1538 5
1539 5
1540 5
1541 7
1542 5
1543 6
1544 5
1545 6
1546 5
1547 5
1548 0
1549 6
1550 7
1551 5
1552 5
1553 5
1554 5
1555 0
1556 5
1557 5
1558 5
1559 5
1560 5
1561 5
1562 5
1563 5
1564 5
1565 6
1566 6
1567 0
1568 0
1569 7
1570 5
1571 5
1572 5
1573 7
1574 6
1575 5
1576 7
1577 9
1578 7
1579 0
1580 5
1581 5
1582 7
1583 7
1584 5
1585 5
1586 5
1587 7
1588 0
1589 5
1590 5
1591 7
1592 7
1593 0
1594 5
1595 7
1596 7
1597 5
1598 5
1599 6
1600 5
1601 0
1602 6
1603 5
1604 5
1605 5
1606 6
1607 5
1608 5
1609 5
1610 5
1611 7
1612 5
1613 5
1614 5
1615 0
1616 6
1617 5
1618 5
1619 5
1620 5
1621 5
1622 5
1623 5
1624 7
1625 6
1626 5
1627 5
1628 7
1629 0
1630 7
1631 6
1632 5
1633 7
1634 7
1635 7
1636 7
1637 5
1638 7
1639 5
1640 7
1641 5
1642 2
1643 5
1644 5
1645 6
1646 5
1647 7
1648 0
1649 7
1650 7
1651 5
1652 5
1653 5
1654 6
1655 7
1656 2
1657 6
1658 5
1659 5
1660 6
1661 7
1662 5
1663 5
1664 7
1665 5
1666 2
1667 7
1668 5
1669 5
1670 5
1671 6
1672 7
1673 6
1674 5
1675 5
1676 0
1677 6
1678 5
1679 6
1680 7
1681 7
1682 7
1683 5
1684 2
1685 5
1686 7
1687 0
1688 5
1689 5
1690 7
1691 7
1692 6
1693 5
1694 6
1695 6
1696 6
1697 5
1698 0
1699 7
1700 5
1701 5
1702 5
1703 7
1704 7
1705 0
1706 7
1707 5
1708 0
1709 7
1710 5
1711 5
1712 5
1713 0
1714 5
1715 7
1716 7
1717 5
1718 9
1719 0
1720 7
1721 5
1722 5
1723 5
1724 5
1725 7
1726 2
1727 7
1728 7
1729 7
1730 5
1731 6
1732 7
1733 0
1734 5
1735 5
1736 5
1737 5
1738 7
1739 7
1740 6
1741 5
1742 7
1743 6
1744 6
1745 7
1746 5
1747 0
1748 7
1749 7
1750 5
1751 7
1752 5
1753 5
1754 5
1755 7
1756 7
1757 5
1758 5
1759 7
1760 5
1761 5
1762 6
1763 6
1764 7
1765 5
1766 6
1767 6
1768 5
1769 5
1770 7
1771 5
1772 5
1773 6
1774 5
1775 5
1776 6
1777 6
1778 6
1779 5
1780 5
1781 7
1782 5
1783 7
1784 0
1785 7
1786 7
1787 0
1788 5
1789 5
1790 6
1791 5
1792 5
1793 5
1794 7
1795 5
1796 5
1797 5
1798 0
1799 5
1800 5
1801 6
1802 0
1803 0
1804 5
1805 5
1806 0
1807 7
1808 6
1809 5
1810 5
1811 5
1812 7
1813 5
1814 6
1815 7
1816 5
1817 5
1818 5
1819 5
1820 7
1821 5
1822 5
1823 5
1824 7
1825 0
1826 5
1827 5
1828 7
1829 6
1830 7
1831 6
1832 5
1833 5
1834 5
1835 5
1836 5
1837 0
1838 5
1839 5
1840 7
1841 7
1842 5
1843 5
1844 6
1845 5
1846 5
1847 7
1848 7
1849 5
1850 7
1851 5
1852 5
1853 6
1854 5
1855 7
1856 5
1857 7
1858 5
1859 7
1860 5
1861 5
1862 7
1863 5
1864 5
1865 5
1866 0
1867 5
1868 5
1869 7
1870 6
1871 7
1872 7
1873 7
1874 5
1875 7
1876 7
1877 5
1878 6
1879 5
1880 0
1881 6
1882 6
1883 5
1884 7
1885 5
1886 5
1887 7
1888 5
1889 5
1890 5
1891 5
1892 0
1893 7
1894 7
1895 0
1896 5
1897 6
1898 5
1899 7
1900 5
1901 6
1902 5
1903 7
1904 7
1905 5
1906 7
1907 7
1908 5
1909 5
1910 6
1911 5
1912 9
1913 9
1914 1
1915 9
1916 9
1917 8
1918 8
1919 1
1920 9
1921 1
1922 9
1923 9
1924 9
1925 8
1926 9
1927 1
1928 1
1929 8
1930 9
1931 1
1932 9
1933 9
1934 9
1935 1
1936 9
1937 9
1938 8
1939 9
1940 9
1941 9
1942 8
1943 8
1944 9
1945 9
1946 8
1947 9
1948 9
1949 9
1950 1
1951 1
1952 9
1953 8
1954 9
1955 9
1956 9
1957 1
1958 1
1959 9
1960 9
1961 9
1962 8
1963 8
1964 9
1965 9
1966 8
1967 9
1968 1
1969 9
1970 9
1971 8
1972 1
1973 1
1974 9
1975 9
1976 1
1977 9
1978 9
1979 8
1980 1
1981 9
1982 9
1983 8
1984 8
1985 8
1986 8
1987 9
1988 9
1989 8
1990 9
1991 1
1992 9
1993 8
1994 9
1995 1
1996 9
1997 8
1998 1
1999 1
2000 1
2001 1
2002 9
2003 9
2004 1
2005 8
2006 1
2007 9
2008 9
2009 1
2010 9
2011 1
2012 1
2013 1
2014 1
2015 9
2016 1
2017 9
2018 1
2019 8
2020 8
2021 8
2022 1
2023 9
2024 1
2025 1
2026 9
2027 1
2028 9
2029 9
2030 8
2031 9
2032 9
2033 8
2034 9
2035 9
2036 9
2037 8
2038 9
2039 9
2040 8
2041 9
2042 9
2043 8
2044 8
2045 8
2046 8
2047 9
2048 9
2049 9
2050 1
2051 9
2052 9
2053 9
2054 9
2055 8
2056 8
2057 9
2058 8
2059 8
2060 8
2061 1
2062 9
2063 8
2064 8
2065 9
2066 9
2067 8
2068 9
2069 8
2070 9
2071 9
2072 9
2073 8
2074 8
2075 9
2076 9
2077 8
2078 8
2079 9
2080 9
2081 9
2082 9
2083 8
2084 8
2085 9
2086 8
2087 9
2088 8
2089 9
2090 8
2091 9
2092 8
2093 8
2094 9
2095 8
2096 9
2097 1
2098 8
2099 9
2100 9
2101 9
2102 9
2103 8
2104 8
2105 9
2106 9
2107 9
2108 8
2109 8
2110 9
2111 9
2112 8
2113 9
2114 9
2115 8
2116 1
2117 9
2118 8
2119 9
2120 9
2121 8
2122 8
2123 8
2124 8
2125 9
2126 9
2127 9
2128 9
2129 9
2130 9
2131 8
2132 9
2133 9
2134 9
2135 9
2136 8
2137 9
2138 9
2139 8
2140 8
2141 9
2142 8
2143 9
2144 9
2145 9
2146 9
2147 8
2148 9
2149 9
2150 8
2151 9
2152 9
2153 9
2154 8
2155 9
2156 9
2157 1
2158 9
2159 1
2160 9
2161 9
2162 9
2163 9
2164 8
2165 8
2166 9
2167 9
2168 9
2169 9
2170 9
2171 1
2172 8
2173 9
2174 9
2175 9
2176 9
2177 9
2178 9
2179 8
2180 9
2181 9
2182 9
2183 9
2184 8
2185 9
2186 9
2187 9
2188 8
2189 9
2190 8
2191 9
2192 1
2193 9
2194 9
2195 9
2196 9
2197 9
2198 9
2199 9
2200 8
2201 8
2202 1
2203 9
2204 9
2205 9
2206 8
2207 9
2208 9
2209 9
2210 8
2211 9
2212 8
2213 8
2214 9
2215 9
2216 8
2217 9
2218 8
2219 9
2220 8
2221 9
2222 9
2223 9
2224 9
2225 1
2226 9
2227 9
2228 9
2229 8
2230 9
2231 9
2232 9
2233 8
2234 8
2235 9
2236 9
2237 8
2238 9
2239 9
2240 8
2241 9
2242 9
2243 9
2244 8
2245 9
2246 9
2247 9
2248 9
2249 9
2250 9
2251 9
2252 9
2253 8
2254 9
2255 9
2256 9
2257 8
2258 8
2259 9
2260 9
2261 8
2262 8
2263 9
2264 9
2265 9
2266 8
2267 9
2268 9
2269 9
2270 9
2271 8
2272 9
2273 9
2274 9
2275 8
2276 8
2277 9
2278 8
2279 9
2280 9
2281 9
2282 9
2283 9
2284 1
2285 9
2286 9
2287 8
2288 8
2289 9
2290 8
2291 9
2292 9
2293 9
2294 9
2295 9
2296 9
2297 1
2298 9
2299 8
2300 8
2301 9
2302 9
2303 8
2304 9
2305 9
2306 8
2307 8
2308 8
2309 8
2310 9
2311 8
2312 9
2313 9
2314 9
2315 9
2316 9
2317 9
2318 9
2319 9
2320 9
2321 9
2322 9
2323 8
2324 8
2325 9
2326 8
2327 9
2328 9
2329 8
2330 9
2331 8
2332 9
2333 9
2334 8
2335 9
2336 9
2337 1
2338 9
2339 8
2340 8
2341 9
2342 9
2343 9
2344 9
2345 9
2346 1
2347 8
2348 8
2349 9
2350 8
2351 9
2352 8
2353 8
2354 8
2355 9
2356 8
2357 9
2358 9
2359 8
2360 9
2361 9
2362 9
2363 8
2364 1
2365 1
2366 9
2367 9
2368 9
2369 8
2370 8
2371 9
2372 9
2373 9
2374 8
2375 9
2376 8
2377 9
2378 1
2379 9
2380 9
2381 8
2382 9
2383 8
2384 9
2385 9
2386 8
2387 8
2388 9
2389 9
2390 9
2391 8
2392 8
2393 8
2394 9
2395 8
2396 9
2397 9
2398 9
2399 9
2400 9
2401 9
2402 9
2403 9
2404 8
2405 9
2406 9
2407 8
2408 8
2409 8
2410 8
2411 9
2412 9
2413 9
2414 8
2415 9
2416 9
2417 9
2418 8
2419 9
2420 9
2421 9
2422 9
2423 8
2424 9
2425 9
2426 9
2427 8
2428 8
2429 8
2430 8
2431 9
2432 9
2433 8
2434 9
2435 1
2436 9
2437 9
2438 9
2439 9
2440 9
2441 9
2442 8
2443 8
2444 9
2445 9
2446 8
2447 1
2448 9
2449 8
2450 9
2451 9
2452 9
2453 9
2454 8
2455 9
2456 9
2457 9
2458 9
2459 1
2460 8
2461 9
2462 8
2463 9
2464 8
2465 9
2466 9
2467 8
2468 8
2469 8
2470 9
2471 9
2472 9
2473 9
2474 9
2475 9
2476 8
2477 8
2478 8
2479 9
2480 9
2481 9
2482 8
2483 9
2484 8
2485 8
2486 9
2487 9
2488 9
2489 8
2490 9
2491 9
2492 8
2493 9
2494 1
2495 8
2496 9
2497 9
2498 9
2499 8
2500 8
2501 9
2502 9
2503 9
2504 8
2505 9
2506 8
2507 8
2508 9
2509 9
2510 9
2511 9
2512 9
2513 9
2514 9
2515 9
2516 9
2517 9
2518 9
2519 9
2520 8
2521 8
2522 9
2523 9
2524 8
2525 9
2526 8
2527 9
2528 9
2529 9
2530 9
2531 9
2532 8
2533 9
2534 9
2535 9
2536 8
2537 9
2538 1
2539 8
2540 9
2541 9
2542 8
2543 8
2544 9
2545 8
2546 8
2547 9
2548 9
2549 8
2550 8
2551 8
2552 8
2553 8
2554 8
2555 9
2556 8
2557 9
2558 9
2559 8
2560 8
2561 8
2562 9
2563 8
2564 8
2565 9
2566 9
2567 9
2568 9
2569 9
2570 9
2571 9
2572 9
2573 8
2574 8
2575 8
2576 8
2577 9
2578 8
2579 8
2580 9
2581 9
2582 9
2583 1
2584 8
2585 1
2586 8
2587 9
2588 9
2589 9
2590 8
2591 8
2592 9
2593 8
2594 9
2595 9
2596 9
2597 9
2598 9
2599 9
2600 8
2601 8
2602 8
2603 9
2604 8
2605 9
2606 8
2607 8
2608 9
2609 9
2610 9
2611 8
2612 9
2613 8
2614 9
2615 8
2616 9
2617 9
2618 9
2619 8
2620 1
2621 9
2622 9
2623 8
2624 8
2625 8
2626 1
2627 1
2628 9
2629 9
2630 8
2631 8
2632 9
2633 1
2634 9
2635 9
2636 1
2637 9
2638 8
2639 1
2640 1
2641 9
2642 9
2643 9
2644 9
2645 1
2646 8
2647 1
2648 1
2649 9
2650 9
2651 9
2652 9
2653 9
2654 8
2655 8
2656 9
2657 1
2658 1
2659 1
2660 1
2661 2
2662 2
2663 4
2664 4
2665 2
2666 4
2667 2
2668 2
2669 4
2670 2
2671 2
2672 2
2673 4
2674 2
2675 2
2676 4
2677 2
2678 2
2679 4
2680 4
2681 4
2682 2
2683 4
2684 2
2685 2
2686 2
2687 2
2688 2
2689 4
2690 2
2691 2
2692 2
2693 2
2694 4
2695 4
2696 2
2697 2
2698 4
2699 2
2700 2
2701 2
2702 2
2703 2
2704 2
2705 4
2706 4
2707 2
2708 2
2709 2
2710 4
2711 2
2712 2
2713 2
2714 2
2715 2
2716 2
2717 4
2718 2
2719 2
2720 2
2721 2
2722 2
2723 2
2724 2
2725 2
2726 4
2727 2
2728 2
2729 4
2730 2
2731 4
2732 2
2733 2
2734 2
2735 2
2736 2
2737 2
2738 4
2739 2
2740 2
2741 4
2742 2
2743 4
2744 2
2745 4
2746 4
2747 2
2748 2
2749 4
2750 4
2751 2
2752 2
2753 2
2754 4
2755 4
2756 4
2757 4
2758 2
2759 4
2760 2
2761 4
2762 2
2763 4
2764 2
2765 2
2766 4
2767 2
2768 2
2769 4
2770 2
2771 2
2772 2
2773 4
2774 2
2775 2
2776 2
2777 4
2778 2
2779 2
2780 2
2781 2
2782 4
2783 2
2784 2
2785 2
2786 4
2787 2
2788 2
2789 4
2790 2
2791 2
2792 2
2793 2
2794 4
2795 2
2796 2
2797 2
2798 4
2799 2
2800 4
2801 2
2802 2
2803 2
2804 2
2805 2
2806 4
2807 4
2808 2
2809 4
2810 4
2811 2
2812 2
2813 2
2814 2
2815 4
2816 2
2817 2
2818 2
2819 2
2820 2
2821 4
2822 2
2823 2
2824 2
2825 2
2826 2
2827 4
2828 2
2829 2
2830 2
2831 2
2832 2
2833 2
2834 2
2835 4
2836 2
2837 4
2838 2
2839 4
2840 2
2841 2
2842 2
2843 2
2844 2
2845 2
2846 2
2847 2
2848 2
2849 2
2850 4
2851 4
2852 4
2853 2
2854 4
2855 2
2856 2
2857 2
2858 2
2859 2
2860 2
2861 2
2862 4
2863 2
2864 4
2865 2
2866 4
2867 4
2868 2
2869 2
2870 2
2871 2
2872 4
2873 4
2874 4
2875 2
2876 2
2877 4
2878 2
2879 2
2880 4
2881 2
2882 2
2883 2
2884 4
2885 2
2886 2
2887 4
2888 4
2889 2
2890 4
2891 4
2892 2
2893 2
2894 2
2895 2
2896 4
2897 4
2898 2
2899 4
2900 2
2901 2
2902 2
2903 2
2904 2
2905 4
2906 4
2907 4
2908 4
2909 4
2910 4
2911 4
2912 4
2913 4
2914 2
2915 4
2916 4
2917 4
2918 2
2919 4
2920 4
2921 2
2922 2
2923 2
2924 4
2925 4
2926 2
2927 4
2928 4
2929 4
2930 2
2931 4
2932 2
2933 2
2934 2
2935 2
2936 2
2937 2
2938 2
2939 2
2940 4
2941 2
2942 2
2943 4
2944 4
2945 4
2946 4
2947 2
2948 4
2949 2
2950 2
2951 2
2952 4
2953 4
2954 2
2955 2
2956 4
2957 2
2958 2
2959 2
2960 4
2961 4
2962 2
2963 4
2964 2
2965 2
2966 4
2967 4
2968 2
2969 4
2970 2
2971 2
2972 2
2973 2
2974 4
2975 2
2976 2
2977 4
2978 4
2979 2
2980 2
2981 4
2982 2
2983 2
2984 2
2985 4
2986 4
2987 4
2988 4
2989 2
2990 2
2991 2
2992 2
2993 4
2994 4
2995 2
2996 2
2997 2
2998 2
2999 2
3000 4
3001 2
3002 2
3003 2
3004 4
3005 2
3006 2
3007 2
3008 2
3009 2
3010 4
3011 2
3012 2
3013 2
3014 4
3015 2
3016 2
3017 2
3018 2
3019 2
3020 2
3021 2
3022 4
3023 4
3024 2
3025 4
3026 4
3027 2
3028 2
3029 4
3030 4
3031 2
3032 2
3033 4
3034 2
3035 2
3036 4
3037 2
3038 2
3039 2
3040 4
3041 2
3042 4
3043 2
3044 4
3045 4
3046 2
3047 4
3048 2
3049 2
3050 2
3051 2
3052 4
3053 2
3054 4
3055 2
3056 4
3057 2
3058 2
3059 4
3060 2
3061 2
3062 2
3063 2
3064 4
3065 4
3066 2
3067 2
3068 2
3069 2
3070 2
3071 2
3072 2
3073 4
3074 2
3075 2
3076 2
3077 2
3078 4
3079 2
3080 4
3081 2
3082 2
3083 2
3084 4
3085 4
3086 2
3087 2
3088 2
3089 2
3090 4
3091 2
3092 4
3093 2
3094 2
3095 4
3096 4
3097 2
3098 4
3099 2
3100 2
3101 2
3102 2
3103 2
3104 4
3105 2
3106 2
3107 2
3108 4
3109 2
3110 2
3111 2
3112 2
3113 2
3114 4
3115 2
3116 2
3117 4
3118 2
3119 4
3120 2
3121 2
3122 2
3123 4
3124 2
3125 2
3126 2
3127 2
3128 2
3129 4
3130 4
3131 2
3132 2
3133 2
3134 2
3135 4
3136 2
3137 4
3138 2
3139 4
3140 2
3141 2
3142 4
3143 4
3144 2
3145 2
3146 2
3147 2
3148 2
3149 4
3150 2
3151 2
3152 2
3153 4
3154 2
3155 2
3156 2
3157 2
3158 4
3159 2
3160 2
3161 2
3162 2
3163 4
3164 2
3165 2
3166 4
3167 2
3168 2
3169 2
3170 2
3171 2
3172 2
3173 2
3174 4
3175 2
3176 2
3177 2
3178 2
3179 2
3180 2
3181 2
3182 2
3183 2
3184 4
3185 2
3186 2
3187 2
3188 2
3189 2
3190 2
3191 2
3192 2
3193 4
3194 2
3195 4
3196 2
3197 2
3198 2
3199 2
3200 2
3201 2
3202 4
3203 2
3204 2
3205 2
3206 2
3207 2
3208 2
3209 2
3210 2
3211 2
3212 2
3213 4
3214 2
3215 2
3216 2
3217 2
3218 2
3219 2
3220 4
3221 2
3222 2
3223 2
3224 2
3225 2
3226 4
3227 4
3228 4
3229 4
3230 2
3231 4
3232 4
3233 2
3234 4
3235 2
3236 2
3237 4
3238 4
3239 2
3240 2
3241 2
3242 2
3243 4
3244 2
3245 2
3246 2
3247 2
3248 2
3249 2
3250 4
3251 2
3252 2
3253 2
3254 2
3255 2
3256 2
3257 4
3258 2
3259 2
3260 2
3261 2
3262 2
3263 2
3264 2
3265 2
3266 2
3267 2
3268 2
3269 4
3270 2
3271 2
3272 2
3273 2
3274 2
3275 2
3276 2
3277 2
3278 2
3279 2
3280 2
3281 2
3282 2
3283 2
3284 4
3285 2
3286 4
3287 2
3288 2
3289 2
3290 2
3291 2
3292 2
3293 4
3294 4
3295 2
3296 2
3297 2
3298 2
3299 2
3300 4
3301 4
3302 2
3303 4
3304 4
3305 2
3306 2
3307 2
3308 2
3309 2
3310 2
3311 2
3312 2
3313 2
3314 2
3315 4
3316 2
3317 4
3318 2
3319 2
3320 2
3321 2
3322 2
3323 2
3324 4
3325 2
3326 2
3327 2
3328 2
3329 2
3330 2
3331 2
3332 2
3333 4
3334 2
3335 2
3336 2
3337 2
3338 2
3339 4
3340 2
3341 2
3342 2
3343 2
3344 2
3345 2
3346 2
3347 2
3348 4
3349 2
3350 2
3351 2
3352 2
3353 2
3354 2
3355 2
3356 2
3357 2
3358 2
3359 2
3360 2
3361 2
3362 4
3363 4
3364 4
3365 2
3366 2
3367 2
3368 2
3369 2
3370 2
3371 2
3372 2
3373 2
3374 2
3375 2
3376 2
3377 2
3378 2
3379 2
3380 2
3381 2
3382 2
3383 2
3384 4
3385 2
3386 2
3387 4
3388 4
3389 2
3390 4
3391 2
3392 4
3393 2
3394 4
3395 2
3396 2
3397 2
3398 2
3399 4
3400 4
3401 2
3402 2
3403 2
3404 2
3405 2
3406 2
3407 2
3408 2
3409 2
3410 2
3411 2
3412 2
3413 4
3414 4
3415 2
3416 2
3417 4
3418 2
3419 2
3420 2
3421 2
3422 2
3423 2
3424 2
3425 2
3426 4
3427 2
3428 4
3429 2
3430 4
3431 2
3432 2
3433 4
3434 2
3435 4
3436 4
3437 0
3438 0
3439 0
3440 0
3441 0
3442 0
3443 0
3444 0
3445 0
3446 0
3447 0
3448 0
3449 0
3450 0
3451 0
3452 0
3453 0
3454 0
3455 0
3456 0
3457 0
3458 0
3459 0
3460 0
3461 0
3462 0
3463 0
3464 0
3465 0
3466 0
3467 0
3468 0
3469 0
3470 0
3471 0
3472 0
3473 0
3474 0
3475 0
3476 0
3477 0
3478 0
3479 0
3480 0
3481 0
3482 0
3483 0
3484 0
3485 0
3486 0
3487 0
3488 0
3489 0
3490 0
3491 0
3492 0
3493 0
3494 0
3495 0
3496 0
3497 0
3498 0
3499 0
3500 0
3501 0
3502 0
3503 0
3504 0
3505 0
3506 0
3507 0
3508 0
3509 0
3510 0
3511 0
3512 0
3513 0
3514 0
3515 0
3516 0
3517 0
3518 0
3519 0
3520 0
3521 0
3522 0
3523 0
3524 0
3525 0
3526 0
3527 0
3528 0
3529 0
3530 0
3531 0
3532 0
3533 0
3534 0
3535 0
3536 0
3537 0
3538 0
3539 0
3540 0
3541 0
3542 0
3543 0
3544 0
3545 0
3546 0
3547 0
3548 0
3549 0
3550 0
3551 0
3552 0
3553 0
3554 0
3555 0
3556 0
3557 0
3558 0
3559 0
3560 0
3561 0
3562 0
3563 0
3564 0
3565 0
3566 0
3567 0
3568 0
3569 0
3570 0
3571 0
3572 0
3573 0
3574 0
3575 0
3576 0
3577 0
3578 0
3579 0
3580 0
3581 0
3582 0
3583 0
3584 0
3585 0
3586 0
3587 0
3588 0
3589 0
3590 0
3591 0
3592 0
3593 0
3594 0
3595 0
3596 0
3597 0
3598 0
3599 0
3600 0
3601 0
3602 0
3603 0
3604 0
3605 0
3606 0
3607 0
3608 0
3609 0
3610 0
3611 0
3612 0
3613 0
3614 0
3615 0
3616 0
3617 0
3618 0
3619 0
3620 0
3621 0
3622 0
3623 0
3624 0
3625 0
3626 0
3627 0
3628 0
3629 0
3630 0
3631 0
3632 0
3633 0
3634 0
3635 0
3636 0
3637 0
3638 0
3639 0
3640 0
3641 0
3642 0
3643 0
3644 0
3645 0
3646 0
3647 0
3648 0
3649 0
3650 0
3651 0
3652 0
3653 0
3654 0
3655 0
3656 0
3657 0
3658 0
3659 0
3660 0
3661 0
3662 0
3663 0
3664 0
3665 0
3666 0
3667 0
3668 0
3669 0
3670 0
3671 0
3672 0
3673 0
3674 0
3675 0
3676 0
3677 0
3678 0
3679 0
3680 0
3681 0
3682 0
3683 0
3684 0
3685 0
3686 0
3687 0
3688 0
3689 0
3690 0
3691 0
3692 0
3693 0
3694 0
3695 0
3696 0
3697 0
3698 0
3699 0
3700 0
3701 0
3702 0
3703 0
3704 0
3705 0
3706 0
3707 0
3708 0
3709 0
3710 0
3711 0
3712 0
3713 0
3714 0
3715 0
3716 0
3717 0
3718 0
3719 0
3720 0
3721 0
3722 0
3723 0
3724 0
3725 0
3726 0
3727 0
3728 0
3729 0
3730 0
3731 0
3732 0
3733 0
3734 0
3735 0
3736 0
3737 0
3738 0
3739 0
3740 0
3741 0
3742 0
3743 0
3744 0
3745 0
3746 0
3747 0
3748 0
3749 0
3750 0
3751 0
3752 0
3753 0
3754 0
3755 0
3756 0
3757 0
3758 0
3759 0
3760 0
3761 0
3762 0
3763 0
3764 0
3765 0
3766 0
3767 0
3768 0
3769 0
3770 0
3771 0
3772 0
3773 0
3774 0
3775 0
3776 0
3777 0
3778 0
3779 0
3780 0
3781 0
3782 0
3783 0
3784 0
3785 0
3786 0
3787 0
3788 0
3789 0
3790 0
3791 0
3792 0
3793 0
3794 0
3795 0
3796 0
3797 0
3798 0
3799 0
3800 0
3801 0
3802 0
3803 0
3804 0
3805 0
3806 0
3807 0
3808 0
3809 0
3810 0
3811 0
3812 0
3813 0
3814 0
3815 0
3816 0
3817 0
3818 0
3819 0
3820 0
3821 0
3822 0
3823 0
3824 0
3825 0
3826 0
3827 0
3828 0
3829 0
3830 0
3831 0
3832 0
3833 0
3834 0
3835 0
3836 0
3837 0
3838 0
3839 0
3840 0
3841 0
3842 0
3843 0
3844 0
3845 0
3846 0
3847 0
3848 0
3849 0
3850 0
3851 0
3852 0
3853 0
3854 0
3855 0
3856 0
3857 0
3858 0
3859 0
3860 0
3861 0
3862 0
3863 0
3864 0
3865 0
3866 0
3867 0
3868 0
3869 0
3870 0
3871 0
3872 0
3873 0
3874 0
3875 0
3876 0
3877 0
3878 0
3879 0
3880 0
3881 0
3882 0
3883 0
3884 0
3885 0
3886 0
3887 0
3888 0
3889 0
3890 0
3891 0
3892 0
3893 0
3894 0
3895 0
3896 0
3897 0
3898 0
3899 0
3900 0
3901 0
3902 0
3903 0
3904 0
3905 0
3906 0
3907 0
3908 0
3909 0
3910 0
3911 0
3912 0
3913 0
3914 0
3915 0
3916 0
3917 0
3918 0
3919 0
3920 0
3921 0
3922 0
3923 0
3924 0
3925 0
3926 0
3927 0
3928 0
3929 0
3930 0
3931 0
3932 0
3933 0
3934 0
3935 0
3936 0
3937 0
3938 0
3939 0
3940 0
3941 0
3942 0
3943 0
3944 0
3945 0
3946 0
3947 0
3948 0
3949 0
3950 0
3951 0
3952 0
3953 0
3954 0
3955 0
3956 0
3957 0
3958 0
3959 0
3960 0
3961 0
3962 0
3963 0
3964 0
3965 0
3966 0
3967 0
3968 0
3969 0
3970 0
3971 0
3972 0
3973 0
3974 0
3975 0
3976 0
3977 0
3978 0
3979 0
3980 2
3981 2
3982 2
3983 2
3984 2
3985 2
3986 2
3987 2
3988 2
3989 2
3990 2
3991 2
3992 2
3993 2
3994 2
3995 2
3996 2
3997 2
3998 2
3999 2
4000 2
4001 2
4002 2
4003 2
4004 2
4005 2
4006 2
4007 2
4008 2
4009 2
4010 2
4011 2
4012 2
4013 2
4014 2
4015 2
4016 2
4017 2
4018 2
4019 2
4020 2
4021 2
4022 2
4023 2
4024 2
4025 2
4026 2
4027 2
4028 2
4029 2
4030 2
4031 2
4032 2
4033 2
4034 2
4035 2
4036 2
4037 2
4038 2
