24
0 6
1 9
2 9
3 9
4 9
5 6
6 6
7 4
8 0
9 11
10 4
11 0
12 4
13 4
14 4
15 4
16 0
17 4
18 0
19 4
20 10
21 9
22 0
23 4
24 10
25 6
26 6
27 6
28 0
29 6
30 6
31 0
32 4
33 0
34 6
35 4
36 0
37 0
38 4
39 0
40 0
41 1
42 1
43 4
44 0
45 9
46 9
47 0
48 4
49 1
50 0
51 4
52 4
53 0
54 0
55 4
56 0
57 4
58 4
59 6
60 4
61 6
62 4
63 4
64 4
65 8
66 0
67 0
68 4
69 4
70 6
71 6
72 0
73 0
74 0
75 4
76 4
77 9
78 0
79 0
80 4
81 4
82 0
83 0
84 4
85 4
86 0
87 0
88 0
89 0
90 9
91 0
92 0
93 14
94 0
95 6
96 4
97 6
98 0
99 0
100 4
101 0
102 0
103 0
104 6
105 6
106 6
107 4
108 4
109 0
110 7
111 7
112 0
113 4
114 6
115 1
116 0
117 4
118 0
119 4
120 1
121 6
122 7
123 0
124 6
125 9
126 0
127 1
128 0
129 4
130 0
131 6
132 0
133 4
134 4
135 4
136 6
137 6
138 4
139 4
140 0
141 1
142 4
143 4
144 4
145 6
146 8
147 4
148 4
149 4
150 4
151 4
152 4
153 4
154 0
155 0
156 4
157 4
158 6
159 0
160 6
161 6
162 1
163 6
164 4
165 4
166 4
167 4
168 4
169 0
170 0
171 0
172 4
173 0
174 4
175 0
176 4
177 6
178 6
179 9
180 0
181 0
182 4
183 0
184 0
185 4
186 0
187 4
188 0
189 4
190 8
191 4
192 0
193 6
194 6
195 4
196 4
197 0
198 0
199 4
200 0
201 0
202 6
203 4
204 10
205 6
206 6
207 0
208 0
209 4
210 0
211 8
212 4
213 0
214 4
215 4
216 4
217 4
218 4
219 4
220 6
221 0
222 4
223 0
224 0
225 8
226 0
227 0
228 2
229 3
230 6
231 6
232 4
233 0
234 6
235 8
236 6
237 7
238 8
239 0
240 0
241 0
242 7
243 1
244 1
245 4
246 0
247 4
248 0
249 0
250 4
251 0
252 8
253 0
254 6
255 4
256 1
257 0
258 0
259 4
260 1
261 0
262 8
263 6
264 4
265 7
266 4
267 0
268 4
269 4
270 0
271 8
272 8
273 4
274 0
275 0
276 4
277 6
278 0
279 4
280 8
281 4
282 0
283 4
284 0
285 4
286 0
287 1
288 0
289 0
290 1
291 1
292 0
293 4
294 4
295 0
296 4
297 1
298 4
299 4
300 0
301 4
302 0
303 10
304 8
305 8
306 4
307 8
308 8
309 6
310 4
311 6
312 4
313 4
314 4
315 4
316 8
317 4
318 8
319 14
320 0
321 0
322 4
323 1
324 0
325 6
326 0
327 10
328 1
329 4
330 4
331 8
332 8
333 0
334 6
335 8
336 8
337 0
338 0
339 0
340 0
341 0
342 4
343 4
344 7
345 0
346 6
347 4
348 8
349 8
350 0
351 8
352 1
353 6
354 4
355 0
356 0
357 4
358 0
359 4
360 0
361 0
362 0
363 4
364 4
365 4
366 0
367 8
368 0
369 0
370 4
371 0
372 0
373 0
374 4
375 8
376 8
377 4
378 4
379 7
380 4
381 4
382 1
383 1
384 0
385 4
386 8
387 8
388 4
389 0
390 4
391 1
392 4
393 8
394 0
395 4
396 6
397 6
398 0
399 0
400 0
401 8
402 0
403 6
404 4
405 6
406 4
407 8
408 4
409 4
410 4
411 4
412 0
413 0
414 1
415 8
416 0
417 0
418 4
419 4
420 0
421 0
422 0
423 0
424 0
425 5
426 5
427 4
428 4
429 0
430 0
431 0
432 8
433 8
434 8
435 1
436 4
437 8
438 8
439 8
440 4
441 0
442 4
443 4
444 4
445 4
446 4
447 0
448 4
449 0
450 4
451 4
452 6
453 4
454 0
455 0
456 7
457 0
458 4
459 4
460 0
461 0
462 4
463 4
464 6
465 4
466 0
467 1
468 0
469 1
470 6
471 8
472 4
473 4
474 4
475 4
476 6
477 4
478 0
479 4
480 8
481 0
482 4
483 9
484 8
485 4
486 0
487 9
488 4
489 0
490 4
491 0
492 1
493 0
494 4
495 0
496 0
497 0
498 6
499 4
500 4
501 4
502 8
503 4
504 0
505 4
506 1
507 0
508 0
509 0
510 0
511 4
512 8
513 8
514 6
515 6
516 8
517 1
518 4
519 8
520 8
521 8
522 4
523 0
524 4
525 6
526 4
527 4
528 4
529 7
530 4
531 8
532 4
533 4
534 8
535 4
536 4
537 4
538 0
539 8
540 4
541 0
542 4
543 4
544 8
545 0
546 0
547 4
548 0
549 4
550 8
551 8
552 4
553 7
554 8
555 4
556 0
557 0
558 0
559 0
560 4
561 8
562 6
563 6
564 0
565 4
566 0
567 1
568 4
569 8
570 8
571 4
572 0
573 6
574 8
575 8
576 6
577 6
578 4
579 6
580 10
581 10
582 4
583 4
584 6
585 0
586 8
587 8
588 8
589 8
590 0
591 4
592 4
593 8
594 4
595 4
596 0
597 4
598 4
599 4
600 4
601 0
602 6
603 8
604 4
605 7
606 4
607 0
608 0
609 1
610 9
611 1
612 1
613 0
614 9
615 8
616 4
617 9
618 0
619 0
620 1
621 0
622 8
623 0
624 9
625 8
626 8
627 6
628 0
629 9
630 9
631 8
632 9
633 8
634 4
635 8
636 0
637 4
638 4
639 0
640 8
641 0
642 1
643 0
644 0
645 7
646 8
647 8
648 8
649 7
650 7
651 6
652 7
653 4
654 8
655 8
656 4
657 4
658 4
659 4
660 7
661 9
662 7
663 8
664 1
665 8
666 0
667 8
668 1
669 8
670 8
671 8
672 4
673 0
674 4
675 8
676 7
677 0
678 6
679 7
680 8
681 4
682 6
683 4
684 1
685 4
686 8
687 6
688 8
689 4
690 7
691 7
692 7
693 7
694 7
695 8
696 4
697 4
698 1
699 8
700 4
701 0
702 8
703 0
704 0
705 9
706 4
707 4
708 8
709 4
710 4
711 4
712 4
713 0
714 0
715 1
716 0
717 0
718 0
719 6
720 4
721 6
722 8
723 0
724 0
725 1
726 0
727 0
728 4
729 4
730 1
731 0
732 0
733 4
734 1
735 0
736 8
737 1
738 8
739 9
740 0
741 4
742 4
743 0
744 8
745 0
746 6
747 0
748 0
749 0
750 9
751 7
752 4
753 8
754 1
755 6
756 8
757 4
758 8
759 8
760 6
761 8
762 4
763 7
764 4
765 4
766 0
767 0
768 8
769 0
770 0
771 6
772 4
773 4
774 9
775 4
776 8
777 8
778 0
779 8
780 1
781 0
782 4
783 4
784 8
785 8
786 6
787 4
788 8
789 1
790 0
791 1
792 1
793 6
794 8
795 6
796 10
797 4
798 4
799 9
800 1
801 4
802 4
803 10
804 7
805 4
806 0
807 1
808 4
809 0
810 8
811 0
812 4
813 9
814 4
815 4
816 4
817 4
818 6
819 4
820 0
821 6
822 4
823 1
824 4
825 9
826 0
827 6
828 6
829 0
830 4
831 4
832 6
833 0
834 4
835 6
836 4
837 4
838 4
839 4
840 1
841 6
842 8
843 4
844 1
845 1
846 0
847 4
848 10
849 4
850 6
851 1
852 4
853 0
854 8
855 6
856 4
857 0
858 8
859 8
860 10
861 4
862 1
863 4
864 0
865 4
866 0
867 4
868 0
869 0
870 0
871 8
872 0
873 4
874 0
875 8
876 4
877 0
878 0
879 4
880 9
881 8
882 6
883 0
884 8
885 4
886 7
887 4
888 4
889 1
890 4
891 4
892 4
893 4
894 4
895 4
896 4
897 4
898 4
899 4
900 4
901 4
902 1
903 4
904 4
905 0
906 0
907 4
908 4
909 4
910 4
911 0
912 4
913 1
914 0
915 0
916 4
917 0
918 1
919 0
920 0
921 1
922 0
923 4
924 9
925 4
926 1
927 4
928 8
929 8
930 4
931 4
932 0
933 0
934 8
935 8
936 4
937 4
938 0
939 0
940 0
941 7
942 7
943 0
944 9
945 7
946 7
947 4
948 0
949 0
950 0
951 4
952 6
953 6
954 1
955 0
956 4
957 4
958 0
959 4
960 1
961 6
962 0
963 8
964 14
965 0
966 4
967 9
968 4
969 1
970 4
971 0
972 4
973 4
974 4
975 0
976 4
977 4
978 0
979 0
980 0
981 0
982 4
983 1
984 4
985 4
986 4
987 4
988 8
989 0
990 0
991 8
992 0
993 0
994 6
995 0
996 4
997 0
998 0
999 0
1000 0
1001 4
1002 6
1003 0
1004 4
1005 1
1006 0
1007 4
1008 0
1009 0
1010 8
1011 8
1012 1
1013 6
1014 4
1015 6
1016 8
1017 1
1018 8
1019 6
1020 4
1021 0
1022 0
1023 4
1024 8
1025 4
1026 6
1027 0
1028 4
1029 4
1030 7
1031 0
1032 0
1033 0
1034 0
1035 0
1036 0
1037 8
1038 4
1039 4
1040 4
1041 0
1042 0
1043 0
1044 0
1045 4
1046 8
1047 8
1048 0
1049 4
1050 8
1051 0
1052 4
1053 8
1054 6
1055 4
1056 0
1057 7
1058 0
1059 8
1060 1
1061 9
1062 0
1063 0
1064 8
1065 0
1066 4
1067 4
1068 4
1069 0
1070 0
1071 4
1072 0
1073 4
1074 1
1075 0
1076 0
1077 4
1078 0
1079 0
1080 7
1081 4
1082 6
1083 6
1084 6
1085 6
1086 1
1087 1
1088 1
1089 9
1090 7
1091 4
1092 0
1093 0
1094 6
1095 4
1096 4
1097 4
1098 4
1099 4
1100 0
1101 8
1102 4
1103 0
1104 1
1105 4
1106 6
1107 6
1108 7
1109 0
1110 4
1111 4
1112 0
1113 8
1114 8
1115 6
1116 8
1117 4
1118 0
1119 8
1120 1
1121 8
1122 1
1123 6
1124 6
1125 4
1126 0
1127 4
1128 6
1129 4
1130 4
1131 4
1132 4
1133 6
1134 4
1135 4
1136 4
1137 4
1138 6
1139 8
1140 6
1141 7
1142 6
1143 6
1144 6
1145 6
1146 6
1147 6
1148 6
1149 6
1150 6
1151 6
1152 0
1153 9
1154 4
1155 6
1156 6
1157 0
1158 6
1159 4
1160 4
1161 6
1162 0
1163 0
1164 1
1165 4
1166 0
1167 8
1168 4
1169 0
1170 8
1171 8
1172 8
1173 0
1174 0
1175 6
1176 0
1177 4
1178 0
1179 1
1180 4
1181 4
1182 1
1183 4
1184 8
1185 0
1186 1
1187 4
1188 0
1189 1
1190 1
1191 9
1192 8
1193 6
1194 4
1195 4
1196 4
1197 4
1198 6
1199 0
1200 8
1201 8
1202 4
1203 6
1204 0
1205 4
1206 10
1207 1
1208 4
1209 10
1210 4
1211 10
1212 0
1213 4
1214 1
1215 4
1216 4
1217 9
1218 9
1219 6
1220 4
1221 0
1222 7
1223 1
1224 1
1225 8
1226 1
1227 8
1228 1
1229 1
1230 4
1231 7
1232 8
1233 4
1234 0
1235 1
1236 9
1237 4
1238 0
1239 0
1240 9
1241 0
1242 4
1243 4
1244 0
1245 4
1246 4
1247 6
1248 9
1249 8
1250 4
1251 0
1252 1
1253 0
1254 4
1255 9
1256 4
1257 11
1258 1
1259 4
1260 4
1261 1
1262 0
1263 1
1264 0
1265 1
1266 1
1267 7
1268 7
1269 1
1270 6
1271 0
1272 0
1273 1
1274 0
1275 6
1276 4
1277 0
1278 1
1279 4
1280 1
1281 6
1282 1
1283 1
1284 0
1285 7
1286 1
1287 9
1288 8
1289 0
1290 1
1291 4
1292 4
1293 1
1294 1
1295 4
1296 1
1297 8
1298 4
1299 0
1300 7
1301 4
1302 0
1303 4
1304 0
1305 4
1306 1
1307 4
1308 1
1309 0
1310 0
1311 4
1312 4
1313 8
1314 1
1315 4
1316 1
1317 1
1318 8
1319 0
1320 1
1321 4
1322 6
1323 4
1324 1
1325 1
1326 0
1327 8
1328 1
1329 4
1330 8
1331 0
1332 1
1333 0
1334 7
1335 4
1336 1
1337 4
1338 0
1339 1
1340 1
1341 7
1342 4
1343 4
1344 1
1345 4
1346 0
1347 4
1348 1
1349 1
1350 4
1351 1
1352 6
1353 1
1354 1
1355 1
1356 1
1357 4
1358 7
1359 1
1360 1
1361 4
1362 10
1363 1
1364 1
1365 0
1366 1
1367 7
1368 0
1369 0
1370 9
1371 6
1372 1
1373 1
1374 9
1375 4
1376 0
1377 1
1378 0
1379 4
1380 0
1381 1
1382 1
1383 8
1384 4
1385 1
1386 4
1387 8
1388 0
1389 1
1390 4
1391 10
1392 1
1393 0
1394 4
1395 0
1396 0
1397 6
1398 7
1399 4
1400 6
1401 4
1402 4
1403 9
1404 6
1405 0
1406 1
1407 0
1408 1
1409 6
1410 0
1411 4
1412 9
1413 1
1414 1
1415 0
1416 4
1417 1
1418 4
1419 4
1420 8
1421 7
1422 4
1423 8
1424 0
1425 4
1426 8
1427 1
1428 12
1429 4
1430 4
1431 8
1432 0
1433 4
1434 4
1435 4
1436 4
1437 0
1438 0
1439 1
1440 0
1441 6
1442 4
1443 6
1444 9
1445 1
1446 0
1447 9
1448 8
1449 4
1450 1
1451 4
1452 4
1453 0
1454 1
1455 7
1456 7
1457 7
1458 7
1459 7
1460 1
1461 4
1462 1
1463 10
1464 10
1465 13
1466 4
1467 4
1468 1
1469 4
1470 10
1471 0
1472 10
1473 9
1474 0
1475 8
1476 1
1477 4
1478 0
1479 0
1480 4
1481 1
1482 4
1483 0
1484 1
1485 0
1486 6
1487 1
1488 8
1489 6
1490 4
1491 1
1492 4
1493 0
1494 1
1495 1
1496 4
1497 4
1498 1
1499 0
1500 4
1501 7
1502 7
1503 1
1504 4
1505 1
1506 8
1507 0
1508 1
1509 1
1510 1
1511 1
1512 4
1513 1
1514 1
1515 0
1516 0
1517 4
1518 4
1519 0
1520 4
1521 0
1522 0
1523 4
1524 0
1525 0
1526 0
1527 1
1528 9
1529 9
1530 9
1531 1
1532 8
1533 8
1534 4
1535 1
1536 1
1537 0
1538 0
1539 4
1540 4
1541 1
1542 0
1543 0
1544 4
1545 4
1546 1
1547 4
1548 0
1549 1
1550 8
1551 9
1552 9
1553 4
1554 1
1555 0
1556 0
1557 1
1558 1
1559 4
1560 1
1561 0
1562 4
1563 0
1564 4
1565 1
1566 1
1567 4
1568 0
1569 4
1570 4
1571 12
1572 4
1573 6
1574 1
1575 0
1576 4
1577 9
1578 4
1579 4
1580 0
1581 1
1582 6
1583 0
1584 4
1585 1
1586 4
1587 8
1588 4
1589 4
1590 1
1591 0
1592 8
1593 4
1594 4
1595 1
1596 1
1597 1
1598 1
1599 4
1600 0
1601 10
1602 4
1603 0
1604 4
1605 8
1606 1
1607 4
1608 9
1609 1
1610 1
1611 1
1612 1
1613 0
1614 8
1615 4
1616 1
1617 4
1618 0
1619 9
1620 1
1621 4
1622 0
1623 4
1624 6
1625 6
1626 0
1627 4
1628 4
1629 0
1630 0
1631 0
1632 6
1633 8
1634 1
1635 1
1636 4
1637 6
1638 4
1639 4
1640 4
1641 6
1642 4
1643 4
1644 4
1645 4
1646 4
1647 4
1648 4
1649 4
1650 4
1651 4
1652 0
1653 0
1654 4
1655 0
1656 0
1657 0
1658 4
1659 1
1660 0
1661 9
1662 1
1663 4
1664 4
1665 4
1666 0
1667 9
1668 0
1669 4
1670 8
1671 0
1672 6
1673 4
1674 4
1675 0
1676 0
1677 10
1678 0
1679 9
1680 1
1681 4
1682 4
1683 4
1684 1
1685 0
1686 4
1687 0
1688 4
1689 1
1690 1
1691 4
1692 7
1693 7
1694 0
1695 1
1696 0
1697 0
1698 1
1699 0
1700 4
1701 0
1702 1
1703 1
1704 0
1705 4
1706 0
1707 4
1708 7
1709 4
1710 9
1711 13
1712 0
1713 4
1714 4
1715 0
1716 0
1717 4
1718 4
1719 1
1720 0
1721 1
1722 1
1723 4
1724 0
1725 13
1726 6
1727 6
1728 4
1729 4
1730 4
1731 4
1732 4
1733 0
1734 0
1735 0
1736 1
1737 0
1738 4
1739 0
1740 0
1741 4
1742 6
1743 1
1744 4
1745 0
1746 4
1747 1
1748 4
1749 0
1750 9
1751 4
1752 4
1753 0
1754 4
1755 0
1756 0
1757 22
1758 4
1759 4
1760 0
1761 1
1762 4
1763 4
1764 6
1765 4
1766 4
1767 4
1768 4
1769 4
1770 1
1771 0
1772 6
1773 0
1774 4
1775 4
1776 4
1777 4
1778 6
1779 0
1780 4
1781 1
1782 0
1783 9
1784 4
1785 0
1786 1
1787 4
1788 4
1789 6
1790 6
1791 6
1792 1
1793 4
1794 9
1795 4
1796 15
1797 16
1798 0
1799 17
1800 17
1801 17
1802 4
1803 4
1804 4
1805 0
1806 4
1807 4
1808 4
1809 0
1810 0
1811 18
1812 19
1813 0
1814 0
1815 4
1816 0
1817 0
1818 0
1819 0
1820 0
1821 0
1822 0
1823 0
1824 0
1825 0
1826 0
1827 4
1828 4
1829 1
1830 4
1831 4
1832 4
1833 8
1834 8
1835 1
1836 8
1837 4
1838 4
1839 20
1840 0
1841 4
1842 21
1843 22
1844 21
1845 0
1846 4
1847 4
1848 4
1849 0
1850 0
1851 0
1852 4
1853 4
1854 4
1855 4
1856 4
1857 4
1858 4
1859 4
1860 4
1861 0
1862 1
1863 0
1864 4
1865 0
1866 0
1867 0
1868 4
1869 1
1870 0
1871 4
1872 0
1873 0
1874 1
1875 0
1876 1
1877 0
1878 4
1879 4
1880 6
1881 10
1882 8
1883 1
1884 1
1885 1
1886 1
1887 1
1888 1
1889 6
1890 4
1891 0
1892 23
1893 1
1894 0
1895 6
1896 4
1897 0
1898 0
