8
0 3
1 5
2 3
3 7
4 7
5 4
6 1
7 5
8 3
9 5
10 0
11 2
12 4
13 5
14 6
15 6
16 0
17 0
18 0
19 6
20 3
21 5
22 0
23 2
24 0
25 7
26 0
27 0
28 0
29 2
30 6
31 7
32 6
33 6
34 5
35 0
36 0
37 0
38 0
39 6
40 1
41 0
42 3
43 6
44 0
45 6
46 0
47 6
48 5
49 1
50 0
51 3
52 5
53 5
54 6
55 3
56 5
57 4
58 2
59 3
60 3
61 2
62 5
63 1
64 4
65 3
66 1
67 0
68 3
69 0
70 1
71 0
72 1
73 6
74 6
75 3
76 7
77 1
78 2
79 0
80 7
81 3
82 5
83 0
84 1
85 4
86 6
87 6
88 6
89 1
90 0
91 3
92 0
93 4
94 1
95 0
96 3
97 4
98 6
99 7
100 5
101 0
102 6
103 3
104 7
105 5
106 7
107 6
108 0
109 6
110 6
111 6
112 4
113 1
114 6
115 4
116 7
117 4
118 7
119 7
120 4
121 4
122 2
123 1
124 3
125 3
126 4
127 5
128 2
129 0
130 3
131 2
132 7
133 2
134 4
135 7
136 5
137 7
138 0
139 2
140 4
141 5
142 2
143 3
144 4
145 1
146 6
147 0
148 2
149 4
150 0
151 7
152 7
153 5
154 0
155 3
156 3
157 7
158 0
159 4
160 0
161 5
162 6
163 0
164 1
165 4
166 2
167 3
168 0
169 1
170 0
171 3
172 0
173 4
174 0
175 4
176 2
177 3
178 3
179 2
180 0
181 0
182 5
183 0
184 0
185 0
186 7
187 3
188 6
189 6
190 0
191 3
192 3
193 0
194 3
195 2
196 6
197 6
198 3
199 0
200 4
201 2
202 4
203 5
204 4
205 5
206 5
207 5
208 4
209 5
210 0
211 7
212 5
213 0
214 3
215 0
216 6
217 0
218 2
219 4
220 4
221 0
222 0
223 6
224 0
225 5
226 4
227 0
228 4
229 1
230 2
231 5
232 0
233 4
234 6
235 1
236 6
237 0
238 0
239 5
240 7
241 7
242 0
243 0
244 3
245 7
246 6
247 4
248 0
249 5
250 6
251 3
252 3
253 4
254 7
255 6
256 4
257 1
258 6
259 0
260 6
261 5
262 7
263 7
264 2
265 6
266 5
267 5
268 5
269 0
270 4
271 6
272 7
273 7
274 4
275 5
276 2
277 4
278 4
279 4
280 5
281 0
282 5
283 3
284 1
285 5
286 0
287 3
288 3
289 4
290 4
291 4
292 0
293 1
294 6
295 5
296 0
297 4
298 3
299 4
300 4
301 0
302 6
303 6
304 6
305 2
306 0
307 6
308 0
309 6
310 0
311 0
312 4
313 4
314 6
315 6
316 3
317 6
318 4
319 7
320 5
321 4
322 4
323 2
324 5
325 3
326 0
327 0
328 3
329 5
330 6
331 0
332 3
333 5
334 3
335 5
336 2
337 2
338 4
339 4
340 1
341 3
342 0
343 4
344 7
345 1
346 5
347 0
348 6
349 7
350 6
351 0
352 6
353 7
354 0
355 3
356 2
357 2
358 0
359 0
360 5
361 6
362 7
363 6
364 1
365 1
366 5
367 4
368 2
369 3
370 5
371 3
372 5
373 6
374 0
375 4
376 4
377 0
378 1
379 0
380 7
381 4
382 5
383 6
384 7
385 6
386 6
387 3
388 0
389 3
390 7
391 0
392 0
393 5
394 2
395 3
396 5
397 0
398 6
399 5
400 2
401 2
402 4
403 5
404 6
405 5
406 6
407 0
408 3
409 3
410 3
411 7
412 3
413 7
414 3
415 0
416 1
417 0
418 4
419 3
420 4
421 3
422 6
423 6
424 7
425 7
426 1
427 7
428 4
429 0
430 3
431 3
432 0
433 7
434 1
435 6
436 0
437 5
438 2
439 3
440 4
441 0
442 0
443 6
444 6
445 0
446 7
447 0
448 0
449 3
450 6
451 6
452 7
453 3
454 6
455 4
456 4
457 2
458 3
459 5
460 7
461 0
462 3
463 5
464 7
465 0
466 3
467 4
468 0
469 0
470 0
471 4
472 3
473 3
474 0
475 2
476 4
477 7
478 1
479 5
480 0
481 5
482 7
483 0
484 1
485 0
486 0
487 2
488 3
489 4
490 0
491 5
492 0
493 0
494 6
495 7
496 0
497 1
498 3
499 3
