6
0 1
1 0
2 0
3 5
4 0
5 0
6 0
7 5
8 5
9 1
10 4
11 4
12 1
13 5
14 5
15 5
16 5
17 0
18 4
19 1
20 2
21 0
22 5
23 0
24 0
25 0
26 1
27 5
28 0
29 5
30 4
31 0
32 1
33 3
34 5
35 3
36 1
37 4
38 2
39 4
40 5
41 4
42 5
43 5
44 3
45 3
46 0
47 1
48 0
49 0
50 1
51 2
52 5
53 3
54 4
55 0
56 0
57 1
58 1
59 0
60 0
61 5
62 5
63 0
64 3
65 5
66 5
67 0
68 5
69 4
70 1
71 3
72 4
73 0
74 0
75 4
76 4
77 0
78 3
79 3
80 1
81 4
82 0
83 0
84 5
85 4
86 3
87 1
88 2
89 0
90 5
91 0
92 0
93 1
94 1
95 3
96 4
97 3
98 3
99 1
100 0
101 3
102 0
103 4
104 1
105 3
106 1
107 3
108 4
109 2
110 3
111 4
112 3
113 0
114 0
115 4
116 5
117 3
118 4
119 1
120 5
121 1
122 3
123 5
124 4
125 1
126 4
127 3
128 5
129 3
130 1
131 4
132 1
133 2
134 1
135 1
136 0
137 0
138 5
139 4
140 4
141 0
142 0
143 4
144 1
145 1
146 0
147 0
148 0
149 1
150 5
151 5
152 5
153 0
154 1
155 5
156 1
157 1
158 0
159 2
160 4
161 5
162 5
163 0
164 1
165 4
166 2
167 4
168 5
169 4
170 0
171 3
172 1
173 0
174 0
175 3
176 3
177 4
178 3
179 0
180 2
181 3
182 1
183 4
184 3
185 4
186 5
187 1
188 0
189 1
190 0
191 4
192 5
193 3
194 4
195 4
196 5
197 5
198 0
199 4
200 0
201 5
202 4
203 5
204 4
205 3
206 2
207 3
208 0
209 5
210 4
211 4
212 4
213 0
214 1
215 5
216 3
217 0
218 4
219 4
220 0
221 1
222 4
223 1
224 4
225 4
226 1
227 3
228 5
229 4
230 1
231 0
232 1
233 5
234 4
235 0
236 0
237 0
238 0
239 0
240 4
241 5
242 5
243 4
244 5
245 3
246 4
247 1
248 4
249 1
250 5
251 0
252 0
253 1
254 3
255 1
256 5
257 1
258 3
259 1
260 4
261 5
262 4
263 5
264 3
265 3
266 0
267 1
268 4
269 1
270 0
271 5
272 0
273 0
274 0
275 1
276 1
277 3
278 4
279 5
280 4
281 3
282 1
283 0
284 1
285 0
286 3
287 1
288 4
289 3
290 5
291 1
292 4
293 0
294 1
295 4
296 1
297 4
298 1
299 5
300 0
301 1
302 0
303 3
304 5
305 4
306 4
307 3
308 4
309 4
310 4
311 4
312 1
313 1
314 0
315 1
316 5
317 2
318 5
319 2
320 3
321 3
322 1
323 5
324 2
325 1
326 0
327 0
328 0
329 2
330 4
331 0
332 5
333 0
334 5
335 5
336 5
337 3
338 3
339 4
340 4
341 5
342 4
343 0
344 3
345 5
346 5
347 0
348 1
349 3
350 3
351 4
352 3
353 0
354 5
355 4
356 1
357 5
358 3
359 0
360 4
361 3
362 1
363 1
364 3
365 2
366 0
367 1
368 4
369 4
370 5
371 4
372 1
373 0
374 3
375 3
376 1
377 2
378 1
379 4
380 4
381 1
382 0
383 4
384 3
385 4
386 5
387 5
388 0
389 4
390 3
391 1
392 1
393 5
394 4
395 0
396 3
397 5
398 0
399 0
400 5
401 3
402 3
403 0
404 5
405 3
406 0
407 3
408 0
409 3
410 1
411 4
412 1
413 1
414 0
415 0
416 4
417 5
418 3
419 5
420 4
421 5
422 4
423 1
424 4
425 3
426 4
427 4
428 1
429 3
430 5
431 5
432 3
433 5
434 3
435 0
436 4
437 0
438 0
439 5
440 0
441 4
442 0
443 3
444 1
445 1
446 5
447 1
448 3
449 0
450 3
451 5
452 5
453 5
454 4
455 0
456 4
457 1
458 5
459 2
460 5
461 0
462 5
463 3
464 1
465 1
466 5
467 0
468 3
469 3
470 5
471 4
472 0
473 3
474 3
475 5
476 1
477 1
478 4
479 0
480 2
481 5
482 1
483 1
484 4
485 4
486 1
487 0
488 3
489 4
490 0
491 0
492 0
493 0
494 0
495 3
496 4
497 0
498 1
499 1
500 1
501 0
502 0
503 5
504 4
505 0
506 0
507 4
508 3
509 3
510 1
511 5
512 4
513 4
514 3
515 2
516 4
517 4
518 3
519 0
520 1
521 0
522 4
523 3
524 3
525 1
526 4
527 5
528 2
529 4
530 4
531 0
532 0
533 0
534 1
535 1
536 3
537 5
538 2
539 0
540 5
541 3
542 3
543 5
544 3
545 1
546 2
547 5
548 3
549 5
550 4
551 4
552 0
553 3
554 0
555 4
556 1
557 0
558 2
559 1
560 3
561 1
562 3
563 3
564 1
565 0
566 4
567 3
568 4
569 2
570 1
571 3
572 0
573 5
574 1
575 1
576 5
577 2
578 4
579 1
580 3
581 0
582 4
583 1
584 0
585 5
586 4
587 4
588 2
589 0
590 0
591 3
592 0
593 4
594 3
595 0
596 1
597 0
598 4
599 0
600 4
601 1
602 3
603 5
604 0
605 4
606 1
607 5
608 2
609 4
610 0
611 1
612 3
613 5
614 1
615 5
616 0
617 4
618 0
619 5
620 4
621 0
622 3
623 0
624 4
625 5
626 0
627 4
628 2
629 4
630 3
631 4
632 5
633 1
634 1
635 3
636 0
637 3
638 3
639 1
640 4
641 0
642 0
643 5
644 3
645 0
646 4
647 5
648 1
649 4
650 0
651 3
652 0
653 4
654 4
655 4
656 0
657 5
658 0
659 5
660 4
661 0
662 1
663 0
664 4
665 2
666 1
667 1
668 4
669 0
670 0
671 2
672 3
673 4
674 1
675 1
676 5
677 1
678 3
679 1
680 4
681 5
682 3
683 1
684 4
685 1
686 5
687 0
688 0
689 5
690 5
691 4
692 3
693 4
694 4
695 5
696 3
697 5
698 5
699 3
700 5
701 5
702 5
703 1
704 0
705 1
706 4
707 0
708 4
709 5
710 0
711 5
712 0
713 1
714 1
715 0
716 1
717 1
718 3
719 0
720 0
721 5
722 3
723 3
724 3
725 4
726 0
727 3
728 1
729 5
730 5
731 4
732 1
733 4
734 2
735 1
736 0
737 2
738 3
739 0
740 5
741 1
742 1
743 2
744 3
745 1
746 1
747 3
748 5
749 3
750 4
751 4
752 0
753 3
754 4
755 3
756 0
757 0
758 3
759 0
760 5
761 0
762 1
763 3
764 3
765 1
766 3
767 5
768 5
769 0
770 3
771 0
772 1
773 3
774 5
775 4
776 4
777 3
778 4
779 4
780 4
781 4
782 0
783 5
784 3
785 4
786 3
787 1
788 1
789 0
790 4
791 0
792 0
793 2
794 0
795 5
796 5
797 4
798 4
799 4
800 3
801 5
802 4
803 4
804 0
805 5
806 0
807 4
808 4
809 5
810 0
811 0
812 1
813 5
814 1
815 4
816 3
817 0
818 0
819 4
820 0
821 1
822 3
823 3
824 1
825 1
826 3
827 0
828 3
829 1
830 0
831 1
832 5
833 0
834 5
835 0
836 0
837 3
838 0
839 1
840 5
841 0
842 0
843 1
844 4
845 3
846 3
847 3
848 0
849 1
850 0
851 1
852 0
853 4
854 0
855 1
856 1
857 4
858 5
859 5
860 5
861 3
862 1
863 3
864 0
865 0
866 3
867 0
868 1
869 1
870 1
871 0
872 1
873 4
874 1
875 4
876 0
877 4
878 5
879 4
880 5
881 5
882 1
883 0
884 4
885 5
886 4
887 4
888 1
889 5
890 3
891 0
892 5
893 5
894 3
895 1
896 4
897 0
898 5
899 1
900 4
901 3
902 3
903 5
904 4
905 0
906 4
907 5
908 0
909 3
910 0
911 1
912 0
913 1
914 3
915 1
916 0
917 3
918 4
919 4
920 5
921 5
922 5
923 1
924 0
925 1
926 0
927 0
928 5
929 3
930 2
931 3
932 3
933 4
934 0
935 4
936 5
937 2
938 5
939 4
940 1
941 4
942 5
943 4
944 5
945 5
946 0
947 0
948 1
949 4
950 1
951 1
952 3
953 4
954 3
955 5
956 3
957 2
958 5
959 1
960 0
961 0
962 0
963 4
964 4
965 3
966 3
967 3
968 3
969 1
970 3
971 1
972 1
973 4
974 4
975 5
976 0
977 4
978 0
979 0
980 0
981 5
982 1
983 1
984 5
985 3
986 3
987 4
988 3
989 3
990 0
991 5
992 3
993 5
994 0
995 5
996 5
997 5
998 0
999 0
1000 0
1001 4
1002 1
1003 2
1004 0
1005 4
1006 5
1007 1
1008 3
1009 5
1010 5
1011 0
1012 1
1013 3
1014 4
1015 3
1016 3
1017 5
1018 1
1019 0
1020 4
1021 0
1022 3
1023 0
1024 1
1025 0
1026 1
1027 1
1028 5
1029 3
1030 0
1031 5
1032 2
1033 0
1034 5
1035 1
1036 0
1037 0
1038 5
1039 4
1040 1
1041 3
1042 5
1043 0
1044 2
1045 4
1046 4
1047 4
1048 1
1049 4
1050 1
1051 0
1052 0
1053 3
1054 3
1055 0
1056 4
1057 5
1058 1
1059 4
1060 4
1061 1
1062 1
1063 0
1064 3
1065 4
1066 4
1067 0
1068 1
1069 0
1070 0
1071 0
1072 0
1073 2
1074 4
1075 5
1076 0
1077 0
1078 3
1079 1
1080 3
1081 0
1082 1
1083 5
1084 0
1085 1
1086 2
1087 3
1088 1
1089 3
1090 0
1091 3
1092 4
1093 1
1094 4
1095 3
1096 1
1097 4
1098 4
1099 4
1100 0
1101 0
1102 4
1103 4
1104 1
1105 3
1106 3
1107 3
1108 5
1109 4
1110 1
1111 0
1112 1
1113 3
1114 1
1115 3
1116 1
1117 4
1118 1
1119 3
1120 5
1121 4
1122 5
1123 0
1124 4
1125 0
1126 0
1127 0
1128 0
1129 2
1130 4
1131 0
1132 4
1133 3
1134 1
1135 0
1136 5
1137 5
1138 3
1139 1
1140 3
1141 0
1142 5
1143 0
1144 4
1145 1
1146 5
1147 1
1148 0
1149 3
1150 5
1151 5
1152 1
1153 1
1154 1
1155 0
1156 5
1157 5
1158 4
1159 4
1160 2
1161 5
1162 5
1163 4
1164 0
1165 5
1166 0
1167 2
1168 3
1169 0
1170 0
1171 0
1172 4
1173 0
1174 3
1175 1
1176 1
1177 0
1178 2
1179 0
1180 0
1181 3
1182 0
1183 3
1184 1
1185 0
1186 4
1187 5
1188 3
1189 0
1190 0
1191 0
1192 4
1193 3
1194 4
1195 0
1196 4
1197 4
1198 0
1199 3
1200 3
1201 3
1202 2
1203 4
1204 3
1205 0
1206 0
1207 0
1208 2
1209 5
1210 4
1211 4
1212 0
1213 4
1214 4
1215 5
1216 4
1217 5
1218 2
1219 4
1220 1
1221 1
1222 5
1223 0
1224 1
1225 3
1226 3
1227 3
1228 5
1229 0
1230 0
1231 1
1232 5
1233 5
1234 5
1235 4
1236 5
1237 5
1238 3
1239 2
1240 0
1241 3
1242 5
1243 2
1244 0
1245 2
1246 5
1247 4
1248 4
1249 5
1250 1
1251 0
1252 5
1253 5
1254 5
1255 1
1256 4
1257 1
1258 1
1259 1
1260 4
1261 4
1262 3
1263 3
1264 4
1265 5
1266 5
1267 0
1268 0
1269 1
1270 1
1271 3
1272 4
1273 3
1274 5
1275 4
1276 4
1277 5
1278 1
1279 1
1280 4
1281 0
1282 4
1283 4
1284 1
1285 0
1286 0
1287 5
1288 3
1289 1
1290 0
1291 0
1292 1
1293 1
1294 4
1295 4
1296 0
1297 3
1298 5
1299 3
1300 5
1301 0
1302 4
1303 3
1304 1
1305 0
1306 4
1307 4
1308 1
1309 0
1310 5
1311 4
1312 3
1313 5
1314 5
1315 0
1316 0
1317 5
1318 4
1319 0
1320 2
1321 3
1322 0
1323 4
1324 0
1325 4
1326 0
1327 1
1328 4
1329 4
1330 3
1331 1
1332 1
1333 5
1334 4
1335 0
1336 1
1337 0
1338 0
1339 1
1340 5
1341 5
1342 3
1343 4
1344 2
1345 5
1346 0
1347 4
1348 5
1349 4
1350 3
1351 0
1352 4
1353 5
1354 5
1355 4
1356 1
1357 5
1358 1
1359 0
1360 4
1361 5
1362 0
1363 2
1364 2
1365 3
1366 0
1367 0
1368 1
1369 4
1370 0
1371 0
1372 1
1373 4
1374 5
1375 2
1376 5
1377 0
1378 4
1379 5
1380 4
1381 4
1382 5
1383 0
1384 4
1385 3
1386 1
1387 5
1388 5
1389 4
1390 5
1391 1
1392 1
1393 1
1394 0
1395 3
1396 1
1397 4
1398 0
1399 5
1400 1
1401 3
1402 4
1403 4
1404 3
1405 4
1406 4
1407 3
1408 4
1409 5
1410 1
1411 5
1412 3
1413 1
1414 3
1415 4
1416 0
1417 4
1418 5
1419 0
1420 4
1421 2
1422 1
1423 0
1424 0
1425 3
1426 0
1427 5
1428 4
1429 4
1430 0
1431 0
1432 0
1433 5
1434 1
1435 0
1436 5
1437 0
1438 1
1439 5
1440 5
1441 4
1442 0
1443 3
1444 0
1445 2
1446 5
1447 4
1448 4
1449 3
1450 0
1451 2
1452 0
1453 4
1454 4
1455 3
1456 5
1457 3
1458 5
1459 0
1460 3
1461 5
1462 3
1463 4
1464 4
1465 2
1466 4
1467 2
1468 0
1469 1
1470 5
1471 1
1472 5
1473 3
1474 5
1475 0
1476 5
1477 0
1478 0
1479 0
1480 5
1481 0
1482 4
1483 2
1484 4
1485 4
1486 0
1487 1
1488 0
1489 5
1490 0
1491 4
1492 4
1493 4
1494 0
1495 4
1496 4
1497 4
1498 4
1499 0
1500 4
1501 0
1502 0
1503 4
1504 5
1505 0
1506 5
1507 0
1508 4
1509 4
1510 0
1511 4
1512 5
1513 4
1514 4
1515 5
1516 0
1517 1
1518 4
1519 1
1520 0
1521 4
1522 0
1523 4
1524 1
1525 5
1526 4
1527 1
1528 5
1529 0
1530 0
1531 2
1532 0
1533 0
1534 5
1535 0
1536 4
1537 0
1538 4
1539 0
1540 4
1541 5
1542 3
1543 0
1544 4
1545 5
1546 1
1547 1
1548 5
1549 0
1550 4
1551 5
1552 3
1553 3
1554 1
1555 0
1556 4
1557 5
1558 1
1559 4
1560 4
1561 2
1562 1
1563 0
1564 3
1565 0
1566 3
1567 3
1568 3
1569 4
1570 4
1571 4
1572 4
1573 0
1574 3
1575 0
1576 3
1577 5
1578 5
1579 0
1580 3
1581 4
1582 4
1583 3
1584 4
1585 5
1586 5
1587 1
1588 3
1589 3
1590 0
1591 4
1592 4
1593 2
1594 4
1595 0
1596 4
1597 0
1598 4
1599 1
1600 3
1601 4
1602 4
1603 5
1604 4
1605 4
1606 1
1607 0
1608 1
1609 4
1610 1
1611 3
1612 1
1613 4
1614 3
1615 3
1616 5
1617 3
1618 0
1619 3
1620 1
1621 1
1622 3
1623 4
1624 4
1625 0
1626 0
1627 4
1628 3
1629 3
1630 4
1631 1
1632 0
1633 0
1634 4
1635 4
1636 2
1637 3
1638 5
1639 0
1640 4
1641 5
1642 4
1643 5
1644 5
1645 5
1646 1
1647 1
1648 1
1649 5
1650 5
1651 4
1652 4
1653 3
1654 1
1655 0
1656 0
1657 0
1658 0
1659 4
1660 1
1661 1
1662 5
1663 0
1664 4
1665 4
1666 0
1667 4
1668 0
1669 3
1670 2
1671 5
1672 0
1673 5
1674 1
1675 2
1676 0
1677 5
1678 4
1679 3
1680 4
1681 1
1682 3
1683 3
1684 1
1685 0
1686 0
1687 5
1688 0
1689 0
1690 4
1691 0
1692 3
1693 0
1694 1
1695 3
1696 0
1697 0
1698 3
1699 4
1700 0
1701 4
1702 5
1703 0
1704 0
1705 4
1706 3
1707 1
1708 4
1709 4
1710 4
1711 1
1712 4
1713 3
1714 5
1715 3
1716 4
1717 0
1718 3
1719 0
1720 4
1721 0
1722 5
1723 3
1724 3
1725 0
1726 4
1727 1
1728 5
1729 0
1730 3
1731 4
1732 4
1733 4
1734 3
1735 0
1736 5
1737 0
1738 0
1739 1
1740 1
1741 0
1742 4
1743 5
1744 4
1745 0
1746 3
1747 3
1748 2
1749 1
1750 5
1751 4
1752 0
1753 0
1754 5
1755 3
1756 4
1757 0
1758 1
1759 4
1760 1
1761 0
1762 3
1763 2
1764 5
1765 0
1766 4
1767 1
1768 0
1769 3
1770 1
1771 3
1772 0
1773 5
1774 5
1775 2
1776 3
1777 5
1778 4
1779 4
1780 0
1781 1
1782 5
1783 4
1784 1
1785 4
1786 0
1787 3
1788 4
1789 2
1790 4
1791 4
1792 5
1793 4
1794 0
1795 1
1796 0
1797 3
1798 4
1799 0
1800 5
1801 5
1802 0
1803 4
1804 0
1805 4
1806 2
1807 5
1808 5
1809 5
1810 5
1811 5
1812 5
1813 4
1814 4
1815 3
1816 0
1817 0
1818 4
1819 5
1820 3
1821 3
1822 4
1823 5
1824 4
1825 0
1826 3
1827 3
1828 5
1829 3
1830 4
1831 5
1832 3
1833 3
1834 4
1835 5
1836 5
1837 1
1838 1
1839 0
1840 0
1841 2
1842 2
1843 0
1844 4
1845 0
1846 4
1847 0
1848 0
1849 1
1850 0
1851 0
1852 5
1853 4
1854 5
1855 1
1856 5
1857 5
1858 1
1859 0
1860 4
1861 4
1862 1
1863 0
1864 4
1865 4
1866 4
1867 0
1868 3
1869 0
1870 5
1871 1
1872 2
1873 3
1874 3
1875 4
1876 1
1877 5
1878 0
1879 5
1880 1
1881 1
1882 0
1883 0
1884 0
1885 5
1886 4
1887 1
1888 5
1889 3
1890 0
1891 4
1892 1
1893 4
1894 4
1895 5
1896 3
1897 0
1898 0
1899 1
1900 4
1901 1
1902 4
1903 0
1904 1
1905 1
1906 3
1907 4
1908 4
1909 3
1910 0
1911 0
1912 4
1913 4
1914 4
1915 5
1916 1
1917 3
1918 0
1919 1
1920 4
1921 1
1922 5
1923 4
1924 4
1925 1
1926 4
1927 4
1928 5
1929 4
1930 3
1931 1
1932 4
1933 5
1934 5
1935 3
1936 1
1937 1
1938 4
1939 3
1940 0
1941 0
1942 2
1943 3
1944 5
1945 4
1946 1
1947 4
1948 0
1949 1
1950 0
1951 4
1952 2
1953 0
1954 3
1955 0
1956 1
1957 5
1958 4
1959 5
1960 3
1961 4
1962 0
1963 5
1964 1
1965 1
1966 4
1967 0
1968 1
1969 4
1970 1
1971 4
1972 4
1973 3
1974 4
1975 4
1976 4
1977 3
1978 2
1979 1
1980 0
1981 5
1982 0
1983 4
1984 5
1985 1
1986 5
1987 2
1988 3
1989 4
1990 5
1991 5
1992 4
1993 0
1994 4
1995 4
1996 5
1997 0
1998 4
1999 3
2000 4
2001 3
2002 5
2003 5
2004 0
2005 4
2006 4
2007 0
2008 0
2009 4
2010 1
2011 4
2012 0
2013 3
2014 4
2015 4
2016 1
2017 4
2018 2
2019 3
2020 4
2021 4
2022 0
2023 5
2024 4
2025 0
2026 4
2027 3
2028 3
2029 4
2030 0
2031 3
2032 0
2033 4
2034 5
2035 4
2036 5
2037 4
2038 3
2039 4
2040 0
2041 3
2042 5
2043 5
2044 0
2045 4
2046 1
2047 0
2048 5
2049 2
2050 3
2051 1
2052 1
2053 2
2054 5
2055 4
2056 4
2057 5
2058 0
2059 3
2060 0
2061 3
2062 4
2063 1
2064 0
2065 4
2066 4
2067 4
2068 0
2069 4
2070 3
2071 5
2072 4
2073 0
2074 5
2075 3
2076 1
2077 2
2078 3
2079 5
2080 0
2081 5
2082 1
2083 0
2084 0
2085 0
2086 5
2087 3
2088 5
2089 1
2090 3
2091 3
2092 3
2093 0
2094 4
2095 1
2096 0
2097 5
2098 4
2099 0
2100 0
2101 1
2102 0
2103 5
2104 5
2105 5
2106 4
2107 4
2108 4
2109 5
2110 5
2111 1
2112 1
2113 0
2114 0
2115 3
2116 1
2117 3
2118 2
2119 3
2120 0
2121 4
2122 4
2123 4
2124 3
2125 0
2126 0
2127 5
2128 3
2129 4
2130 4
2131 4
2132 1
2133 1
2134 4
2135 0
2136 5
2137 4
2138 1
2139 3
2140 3
2141 5
2142 4
2143 0
2144 5
2145 3
2146 0
2147 0
2148 4
2149 4
2150 5
2151 5
2152 4
2153 0
2154 4
2155 1
2156 1
2157 4
2158 1
2159 1
2160 0
2161 0
2162 1
2163 3
2164 4
2165 3
2166 3
2167 3
2168 3
2169 4
2170 0
2171 1
2172 3
2173 0
2174 0
2175 1
2176 0
2177 1
2178 4
2179 0
2180 5
2181 5
2182 2
2183 1
2184 4
2185 2
2186 1
2187 0
2188 5
2189 4
2190 1
2191 4
2192 0
2193 3
2194 0
2195 5
2196 1
2197 3
2198 0
2199 3
2200 5
2201 0
2202 5
2203 3
2204 0
2205 2
2206 0
2207 4
2208 4
2209 3
2210 0
2211 1
2212 4
2213 1
2214 1
2215 3
2216 0
2217 0
2218 1
2219 4
2220 0
2221 4
2222 0
2223 3
2224 0
2225 5
2226 1
2227 1
2228 1
2229 3
2230 0
2231 5
2232 4
2233 2
2234 4
2235 4
2236 0
2237 0
2238 4
2239 3
2240 4
2241 1
2242 1
2243 5
2244 3
2245 0
2246 4
2247 4
2248 5
2249 4
2250 2
2251 1
2252 3
2253 4
2254 5
2255 3
2256 3
2257 0
2258 1
2259 3
2260 0
2261 4
2262 0
2263 0
2264 0
2265 1
2266 1
2267 5
2268 5
2269 4
2270 1
2271 3
2272 4
2273 3
2274 3
2275 1
2276 0
2277 0
2278 5
2279 4
2280 4
2281 3
2282 0
2283 1
2284 2
2285 3
2286 4
2287 1
2288 5
2289 0
2290 1
2291 0
2292 1
2293 0
2294 4
2295 0
2296 4
2297 1
2298 5
2299 2
2300 1
2301 0
2302 0
2303 3
2304 3
2305 5
2306 1
2307 0
2308 0
2309 0
2310 3
2311 5
2312 4
2313 0
2314 4
2315 5
2316 3
2317 0
2318 5
2319 3
2320 5
2321 5
2322 0
2323 0
2324 4
2325 3
2326 0
2327 5
2328 4
2329 4
2330 5
2331 4
2332 3
2333 5
2334 1
2335 5
2336 3
2337 5
2338 1
2339 4
2340 5
2341 1
2342 2
2343 4
2344 0
2345 5
2346 1
2347 1
2348 0
2349 4
2350 5
2351 4
2352 0
2353 5
2354 1
2355 5
2356 3
2357 5
2358 4
2359 0
2360 4
2361 4
2362 5
2363 0
2364 1
2365 3
2366 4
2367 0
2368 4
2369 0
2370 4
2371 2
2372 4
2373 4
2374 4
2375 0
2376 4
2377 0
2378 1
2379 2
2380 4
2381 3
2382 5
2383 2
2384 4
2385 1
2386 4
2387 5
2388 3
2389 0
2390 1
2391 5
2392 1
2393 3
2394 4
2395 0
2396 0
2397 4
2398 0
2399 3
2400 4
2401 5
2402 3
2403 3
2404 4
2405 5
2406 1
2407 5
2408 5
2409 4
2410 4
2411 3
2412 0
2413 3
2414 0
2415 4
2416 0
2417 3
2418 0
2419 5
2420 4
2421 0
2422 4
2423 5
2424 1
2425 3
2426 1
2427 0
2428 0
2429 2
2430 0
2431 2
2432 4
2433 0
2434 4
2435 5
2436 0
2437 3
2438 4
2439 0
2440 1
2441 0
2442 0
2443 1
2444 1
2445 5
2446 3
2447 3
2448 0
2449 5
2450 1
2451 4
2452 2
2453 4
2454 2
2455 3
2456 5
2457 5
2458 4
2459 3
2460 3
2461 1
2462 4
2463 4
2464 0
2465 1
2466 3
2467 0
2468 4
2469 1
2470 2
2471 5
2472 4
2473 0
2474 1
2475 4
2476 0
2477 3
2478 4
2479 0
2480 0
2481 5
2482 1
2483 3
2484 0
2485 4
2486 1
2487 4
2488 1
2489 1
2490 1
2491 4
2492 2
2493 5
2494 0
2495 4
2496 0
2497 4
2498 0
2499 5
2500 1
2501 0
2502 4
2503 0
2504 5
2505 4
2506 5
2507 0
2508 4
2509 4
2510 4
2511 5
2512 0
2513 5
2514 0
2515 2
2516 2
2517 2
2518 4
2519 0
2520 1
2521 0
2522 1
2523 1
2524 4
2525 3
2526 0
2527 0
2528 0
2529 1
2530 3
2531 3
2532 3
2533 0
2534 0
2535 1
2536 0
2537 4
2538 3
2539 4
2540 2
2541 3
2542 0
2543 4
2544 2
2545 3
2546 3
2547 4
2548 5
2549 0
2550 0
2551 3
2552 4
2553 0
2554 0
2555 0
2556 1
2557 0
2558 5
2559 1
2560 0
2561 1
2562 4
2563 1
2564 4
2565 5
2566 3
2567 3
2568 2
2569 1
2570 5
2571 3
2572 0
2573 5
2574 3
2575 0
2576 0
2577 1
2578 2
2579 3
2580 5
2581 2
2582 0
2583 5
2584 0
2585 5
2586 1
2587 4
2588 2
2589 1
2590 1
2591 0
2592 4
2593 0
2594 2
2595 0
2596 4
2597 0
2598 5
2599 1
2600 2
2601 5
2602 5
2603 1
2604 0
2605 5
2606 4
2607 4
2608 1
2609 5
2610 1
2611 4
2612 4
2613 1
2614 3
2615 3
2616 3
2617 0
2618 4
2619 0
2620 1
2621 4
2622 0
2623 4
2624 4
2625 1
2626 4
2627 0
2628 3
2629 1
2630 1
2631 5
2632 1
2633 3
2634 2
2635 5
2636 1
2637 1
2638 1
2639 3
2640 5
2641 0
2642 4
2643 0
2644 0
2645 4
2646 1
2647 4
2648 5
2649 0
2650 3
2651 1
2652 2
2653 5
2654 5
2655 4
2656 4
2657 5
2658 4
2659 5
2660 5
2661 0
2662 3
2663 1
2664 0
2665 4
2666 3
2667 1
2668 1
2669 3
2670 0
2671 0
2672 1
2673 4
2674 5
2675 1
2676 5
2677 4
2678 3
2679 5
2680 3
2681 5
2682 0
2683 3
2684 4
2685 1
2686 1
2687 5
2688 4
2689 1
2690 3
2691 4
2692 3
2693 1
2694 4
2695 3
2696 0
2697 1
2698 0
2699 1
2700 0
2701 3
2702 4
2703 4
2704 1
2705 5
2706 0
2707 1
2708 1
2709 0
2710 2
2711 0
2712 0
2713 3
2714 3
2715 2
2716 5
2717 4
2718 0
2719 3
2720 0
2721 1
2722 4
2723 5
2724 4
2725 4
2726 5
2727 1
2728 0
2729 5
2730 4
2731 1
2732 4
2733 4
2734 4
2735 1
2736 3
2737 0
2738 0
2739 3
2740 1
2741 3
2742 4
2743 5
2744 1
2745 4
2746 4
2747 4
2748 4
2749 0
2750 0
2751 5
2752 1
2753 0
2754 4
2755 0
2756 4
2757 1
2758 1
2759 3
2760 2
2761 0
2762 4
2763 1
2764 5
2765 0
2766 1
2767 3
2768 4
2769 3
2770 5
2771 1
2772 1
2773 5
2774 5
2775 0
2776 0
2777 3
2778 4
2779 4
2780 1
2781 1
2782 4
2783 1
2784 2
2785 3
2786 5
2787 1
2788 4
2789 4
2790 1
2791 0
2792 3
2793 1
2794 4
2795 0
2796 4
2797 5
2798 4
2799 5
2800 5
2801 5
2802 0
2803 0
2804 5
2805 5
2806 1
2807 3
2808 4
2809 3
2810 0
2811 0
2812 4
2813 1
2814 4
2815 3
2816 1
2817 5
2818 0
2819 0
2820 0
2821 4
2822 0
2823 0
2824 1
2825 1
2826 5
2827 0
2828 1
2829 4
2830 0
2831 0
2832 4
2833 1
2834 1
2835 0
2836 3
2837 3
2838 5
2839 5
2840 5
2841 1
2842 1
2843 0
2844 0
2845 3
2846 0
2847 2
2848 4
2849 1
2850 5
2851 3
2852 0
2853 0
2854 3
2855 1
2856 0
2857 5
2858 3
2859 3
2860 5
2861 4
2862 1
2863 1
2864 4
2865 0
2866 3
2867 3
2868 5
2869 3
2870 5
2871 1
2872 1
2873 3
2874 1
2875 4
2876 3
2877 0
2878 4
2879 3
2880 3
2881 0
2882 0
2883 0
2884 1
2885 4
2886 4
2887 0
2888 1
2889 1
2890 3
2891 4
2892 4
2893 3
2894 5
2895 5
2896 4
2897 0
2898 5
2899 3
2900 5
2901 0
2902 3
2903 3
2904 1
2905 0
2906 0
2907 5
2908 1
2909 0
2910 0
2911 4
2912 1
2913 1
2914 4
2915 0
2916 5
2917 1
2918 5
2919 0
2920 5
2921 3
2922 0
2923 5
2924 1
2925 3
2926 2
2927 4
2928 0
2929 4
2930 4
2931 0
2932 1
2933 0
2934 1
2935 4
2936 0
2937 5
2938 3
2939 3
2940 3
2941 5
2942 0
2943 4
2944 5
2945 1
2946 4
2947 1
2948 1
2949 2
2950 5
2951 4
2952 0
2953 5
2954 4
2955 0
2956 0
2957 4
2958 3
2959 0
2960 5
2961 0
2962 5
2963 5
2964 0
2965 4
2966 0
2967 3
2968 4
2969 0
2970 0
2971 4
2972 0
2973 5
2974 4
2975 1
2976 3
2977 0
2978 0
2979 4
2980 4
2981 0
2982 0
2983 5
2984 4
2985 4
2986 4
2987 1
2988 4
2989 2
2990 1
2991 3
2992 2
2993 4
2994 3
2995 0
2996 1
2997 4
2998 4
2999 5
