9
0 7
1 8
2 8
3 3
4 8
5 0
6 0
7 7
8 7
9 0
10 0
11 1
12 8
13 6
14 4
15 7
16 1
17 6
18 5
19 2
20 7
21 6
22 7
23 0
24 2
25 7
26 5
27 0
28 6
29 4
30 8
31 2
32 7
33 0
34 8
35 1
36 3
37 6
38 2
39 1
40 5
41 5
42 8
43 7
44 6
45 0
46 7
47 2
48 6
49 5
50 3
51 1
52 5
53 2
54 1
55 0
56 8
57 2
58 2
59 7
60 4
61 7
62 7
63 1
64 6
65 5
66 7
67 7
68 5
69 8
70 1
71 0
72 2
73 2
74 0
75 1
76 2
77 8
78 2
79 2
80 6
81 1
82 7
83 2
84 0
85 8
86 0
87 5
88 2
89 8
90 0
91 5
92 1
93 2
94 2
95 6
96 8
97 1
98 0
99 7
100 3
101 6
102 1
103 5
104 5
105 6
106 8
107 8
108 0
109 6
110 2
111 1
112 7
113 5
114 5
115 2
116 8
117 2
118 3
119 0
120 6
121 2
122 1
123 2
124 3
125 2
126 8
127 6
128 2
129 6
130 6
131 5
132 8
133 4
134 3
135 8
136 3
137 0
138 0
139 6
140 1
141 6
142 8
143 5
144 2
145 8
146 1
147 2
148 1
149 4
150 0
151 0
152 2
153 3
154 6
155 6
156 2
157 3
158 8
159 2
160 8
161 7
162 6
163 8
164 1
165 2
166 8
167 6
168 3
169 5
170 3
171 1
172 7
173 5
174 5
175 8
176 5
177 6
178 7
179 6
180 4
181 6
182 0
183 3
184 6
185 8
186 3
187 0
188 8
189 5
190 3
191 2
192 0
193 6
194 7
195 1
196 6
197 8
198 5
199 5
200 8
201 2
202 5
203 3
204 2
205 2
206 6
207 1
208 8
209 8
210 1
211 1
212 2
213 7
214 1
215 5
216 8
217 3
218 3
219 2
220 0
221 3
222 2
223 8
224 1
225 2
226 6
227 8
228 6
229 1
230 0
231 5
232 0
233 8
234 2
235 6
236 5
237 0
238 1
239 7
240 2
241 8
242 6
243 2
244 5
245 8
246 5
247 3
248 7
249 8
250 2
251 0
252 3
253 1
254 0
255 8
256 6
257 6
258 8
259 5
260 2
261 5
262 4
263 6
264 8
265 4
266 8
267 8
268 3
269 8
270 4
271 2
272 2
273 6
274 8
275 7
276 3
277 8
278 3
279 6
280 2
281 1
282 0
283 5
284 2
285 8
286 6
287 1
288 8
289 5
290 6
291 6
292 3
293 0
294 2
295 2
296 0
297 8
298 6
299 2
300 2
301 8
302 8
303 0
304 5
305 5
306 2
307 5
308 0
309 1
310 4
311 8
312 2
313 8
314 5
315 8
316 1
317 7
318 5
319 6
320 6
321 5
322 2
323 7
324 1
325 2
326 0
327 1
328 1
329 8
330 7
331 6
332 8
333 8
334 8
335 8
336 8
337 2
338 1
339 7
340 5
341 2
342 8
343 6
344 1
345 0
346 7
347 2
348 5
349 1
350 8
351 8
352 8
353 8
354 5
355 1
356 8
357 2
358 8
359 8
360 7
361 3
362 7
363 7
364 8
365 8
366 1
367 2
368 7
369 8
370 7
371 0
372 0
373 8
374 3
375 1
376 2
377 5
378 0
379 2
380 8
381 7
382 2
383 3
384 1
385 8
386 3
387 7
388 2
389 0
390 6
391 6
392 1
393 2
394 3
395 7
396 6
397 1
398 8
399 0
400 2
401 8
402 0
403 1
404 0
405 8
406 7
407 8
408 0
409 0
410 3
411 8
412 6
413 8
414 1
415 3
416 6
417 8
418 2
419 1
420 2
421 8
422 7
423 5
424 5
425 1
426 6
427 8
428 7
429 3
430 5
431 2
432 8
433 3
434 5
435 0
436 2
437 2
438 1
439 8
440 2
441 2
442 7
443 8
444 3
445 3
446 8
447 4
448 1
449 5
450 0
451 2
452 8
453 2
454 7
455 2
456 1
457 1
458 7
459 6
460 5
461 8
462 2
463 2
464 5
465 6
466 7
467 6
468 7
469 4
470 0
471 8
472 2
473 6
474 1
475 8
476 6
477 4
478 0
479 1
480 8
481 2
482 7
483 6
484 2
485 8
486 5
487 5
488 6
489 0
490 7
491 7
492 5
493 7
494 8
495 5
496 0
497 0
498 2
499 2
500 8
501 2
502 8
503 6
504 2
505 5
506 8
507 8
508 8
509 2
510 7
511 0
512 5
513 2
514 6
515 5
516 8
517 7
518 4
519 1
520 5
521 0
522 6
523 6
524 6
525 2
526 8
527 3
528 5
529 3
530 6
531 0
532 1
533 8
534 2
535 8
536 0
537 0
538 2
539 2
540 0
541 2
542 0
543 8
544 8
545 6
546 2
547 8
548 4
549 8
550 1
551 3
552 0
553 8
554 8
555 7
556 0
557 0
558 0
559 2
560 0
561 5
562 6
563 1
564 4
565 8
566 3
567 8
568 0
569 2
570 6
571 6
572 8
573 3
574 4
575 1
576 6
577 8
578 1
579 0
580 1
581 2
582 0
583 4
584 2
585 2
586 2
587 8
588 7
589 8
590 8
591 6
592 7
593 1
594 1
595 2
596 2
597 0
598 5
599 7
600 2
601 8
602 2
603 2
604 6
605 0
606 6
607 8
608 2
609 7
610 2
611 2
612 1
613 8
614 3
615 8
616 2
617 8
618 0
619 2
620 2
621 3
622 8
623 7
624 4
625 0
626 8
627 1
628 8
629 3
630 2
631 8
632 5
633 5
634 8
635 6
636 5
637 5
638 0
639 6
640 4
641 6
642 1
643 1
644 8
645 0
646 2
647 8
648 2
649 0
650 2
651 1
652 1
653 7
654 2
655 7
656 5
657 8
658 7
659 2
660 8
661 0
662 7
663 2
664 2
665 7
666 5
667 2
668 6
669 8
670 3
671 2
672 5
673 1
674 8
675 2
676 8
677 0
678 1
679 8
680 7
681 8
682 8
683 8
684 6
685 2
686 8
687 7
688 3
689 2
690 2
691 3
692 6
693 1
694 6
695 1
696 6
697 2
698 3
699 2
700 3
701 1
702 4
703 7
704 6
705 0
706 1
707 8
708 5
709 7
710 7
711 1
712 1
713 8
714 1
715 8
716 5
717 5
718 1
719 0
720 0
721 2
722 8
723 2
724 8
725 6
726 1
727 0
728 3
729 6
730 2
731 8
732 8
733 4
734 8
735 8
736 0
737 1
738 0
739 4
740 6
741 7
742 0
743 2
744 8
745 1
746 6
747 2
748 7
749 0
750 2
751 2
752 7
753 1
754 8
755 6
756 2
757 8
758 5
759 5
760 8
761 8
762 2
763 0
764 2
765 7
766 2
767 1
768 6
769 5
770 1
771 1
772 1
773 8
774 4
775 1
776 8
777 1
778 8
779 8
780 6
781 2
782 4
783 0
784 1
785 8
786 6
787 7
788 7
789 2
790 5
791 5
792 5
793 1
794 7
795 6
796 8
797 0
798 6
799 8
800 8
801 2
802 8
803 4
804 7
805 2
806 3
807 1
808 5
809 8
810 8
811 1
812 4
813 5
814 7
815 2
816 1
817 1
818 3
819 1
820 3
821 0
822 1
823 5
824 4
825 7
826 8
827 1
828 6
829 2
830 1
831 1
832 1
833 7
834 1
835 1
836 1
837 8
838 8
839 1
840 2
841 2
842 1
843 5
844 1
845 5
846 7
847 8
848 6
849 0
850 8
851 2
852 0
853 8
854 8
855 1
856 8
857 5
858 6
859 2
860 1
861 6
862 8
863 7
864 0
865 7
866 2
867 3
868 2
869 2
870 3
871 2
872 2
873 6
874 7
875 6
876 0
877 3
878 5
879 0
880 2
881 3
882 2
883 7
884 7
885 1
886 2
887 6
888 2
889 7
890 2
891 1
892 5
893 5
894 8
895 3
896 2
897 1
898 5
899 2
900 6
901 1
902 1
903 3
904 3
905 1
906 1
907 2
908 1
909 1
910 8
911 7
912 5
913 0
914 8
915 8
916 8
917 7
918 0
919 4
920 6
921 2
922 2
923 8
924 2
925 5
926 8
927 4
928 8
929 1
930 1
931 2
932 3
933 8
934 8
935 3
936 0
937 8
938 8
939 8
940 3
941 0
942 0
943 7
944 8
945 2
946 1
947 2
948 4
949 8
950 2
951 7
952 0
953 4
954 5
955 2
956 0
957 7
958 1
959 2
960 8
961 0
962 2
963 1
964 2
965 2
966 2
967 2
968 7
969 6
970 8
971 2
972 8
973 2
974 8
975 1
976 8
977 7
978 8
979 2
980 0
981 8
982 2
983 2
984 1
985 8
986 3
987 7
988 3
989 2
990 2
991 8
992 2
993 0
994 2
995 8
996 2
997 3
998 2
999 3
