6
0 3
1 4
2 3
3 4
4 2
5 2
6 1
7 3
8 5
9 5
10 5
11 1
12 4
13 1
14 3
15 1
16 4
17 2
18 5
19 2
20 4
21 2
22 2
23 3
24 1
25 1
26 3
27 3
28 3
29 4
30 1
31 4
32 4
33 5
34 4
35 4
36 1
37 2
38 2
39 5
40 3
41 3
42 2
43 5
44 2
45 3
46 1
47 1
48 0
49 3
50 5
51 1
52 2
53 5
54 2
55 0
56 2
57 3
58 3
59 1
60 4
61 3
62 3
63 1
64 2
65 2
66 5
67 2
68 5
69 2
70 4
71 0
72 2
73 1
74 1
75 0
76 3
77 1
78 2
79 4
80 2
81 4
82 2
83 5
84 3
85 5
86 3
87 5
88 1
89 0
90 2
91 5
92 4
93 2
94 1
95 1
96 1
97 0
98 4
99 4
100 4
101 5
102 2
103 0
104 1
105 2
106 4
107 2
108 0
109 3
110 4
111 3
112 0
113 4
114 5
115 4
116 5
117 3
118 2
119 5
120 3
121 5
122 5
123 3
124 5
125 4
126 3
127 4
128 1
129 1
130 4
131 5
132 1
133 1
134 1
135 0
136 3
137 1
138 1
139 1
140 3
141 5
142 3
143 1
144 3
145 3
146 1
147 1
148 2
149 1
150 3
151 3
152 2
153 3
154 0
155 5
156 1
157 4
158 2
159 3
160 1
161 3
162 0
163 0
164 0
165 5
166 3
167 1
168 0
169 3
170 1
171 3
172 1
173 3
174 1
175 2
176 1
177 5
178 3
179 1
180 4
181 4
182 0
183 4
184 1
185 1
186 0
187 3
188 0
189 2
190 5
191 1
192 1
193 5
194 2
195 2
196 4
197 2
198 1
199 4
200 1
201 2
202 3
203 0
204 2
205 3
206 1
207 5
208 0
209 0
210 1
211 0
212 1
213 5
214 2
215 2
216 2
217 1
218 1
219 4
220 3
221 3
222 5
223 4
224 5
225 2
226 5
227 2
228 0
229 1
230 0
231 1
232 4
233 3
234 2
235 1
236 2
237 3
238 5
239 3
240 5
241 1
242 4
243 5
244 3
245 0
246 4
247 5
248 5
249 1
250 2
251 0
252 4
253 1
254 5
255 5
256 3
257 1
258 5
259 1
260 3
261 5
262 1
263 3
264 2
265 3
266 1
267 5
268 1
269 1
270 5
271 1
272 5
273 4
274 3
275 3
276 4
277 2
278 4
279 3
280 4
281 2
282 1
283 1
284 5
285 1
286 5
287 0
288 5
289 1
290 3
291 4
292 1
293 2
294 3
295 1
296 2
297 0
298 4
299 4
300 1
301 3
302 1
303 2
304 3
305 4
306 5
307 0
308 1
309 2
310 0
311 5
312 4
313 5
314 2
315 3
316 1
317 0
318 3
319 4
320 5
321 3
322 2
323 5
324 1
325 3
326 1
327 5
328 3
329 5
330 4
331 2
332 2
333 5
334 4
335 0
336 4
337 3
338 3
339 4
340 3
341 5
342 3
343 4
344 4
345 5
346 1
347 1
348 5
349 1
350 5
351 3
352 0
353 2
354 1
355 3
356 3
357 5
358 5
359 5
360 5
361 0
362 0
363 2
364 3
365 1
366 3
367 2
368 2
369 4
370 3
371 4
372 2
373 1
374 1
375 1
376 2
377 1
378 3
379 5
380 5
381 2
382 4
383 1
384 5
385 4
386 2
387 5
388 0
389 0
390 2
391 1
392 2
393 1
394 1
395 3
396 5
397 4
398 5
399 0
400 5
401 5
402 0
403 5
404 4
405 4
406 3
407 5
408 0
409 3
410 4
411 5
412 5
413 3
414 5
415 1
416 0
417 4
418 4
419 4
420 3
421 2
422 5
423 5
424 2
425 3
426 3
427 3
428 4
429 3
430 1
431 4
432 3
433 0
434 4
435 4
436 4
437 4
438 4
439 4
440 3
441 4
442 2
443 1
444 5
445 0
446 4
447 5
448 5
449 3
450 1
451 3
452 1
453 3
454 0
455 1
456 0
457 4
458 3
459 4
460 4
461 0
462 4
463 4
464 5
465 1
466 4
467 4
468 2
469 1
470 0
471 4
472 3
473 3
474 1
475 2
476 1
477 1
478 2
479 1
480 2
481 2
482 3
483 2
484 4
485 5
486 3
487 3
488 4
489 1
490 3
491 1
492 5
493 4
494 0
495 1
496 4
497 0
498 3
499 4
500 1
501 3
502 5
503 3
504 5
505 3
506 3
507 2
508 1
509 2
510 3
511 2
512 4
513 3
514 3
515 2
516 3
517 1
518 1
519 5
520 2
521 4
522 1
523 2
524 3
525 4
526 5
527 4
528 2
529 3
530 3
531 3
532 0
533 5
534 4
535 2
536 1
537 2
538 2
539 4
540 2
541 3
542 0
543 5
544 3
545 4
546 0
547 2
548 3
549 5
550 2
551 1
552 0
553 2
554 2
555 5
556 3
557 4
558 3
559 0
560 1
561 5
562 1
563 1
564 2
565 2
566 1
567 1
568 1
569 4
570 3
571 5
572 3
573 3
574 4
575 2
576 5
577 4
578 4
579 1
580 4
581 0
582 3
583 1
584 3
585 4
586 0
587 3
588 5
589 3
590 3
591 1
592 1
593 1
594 1
595 2
596 4
597 5
598 3
599 4
600 1
601 4
602 1
603 1
604 0
605 2
606 0
607 0
608 1
609 3
610 4
611 3
612 3
613 4
614 3
615 5
616 3
617 4
618 5
619 3
620 1
621 3
622 2
623 5
624 0
625 3
626 2
627 5
628 1
629 4
630 1
631 5
632 1
633 1
634 1
635 2
636 0
637 1
638 3
639 3
640 1
641 2
642 3
643 4
644 1
645 1
646 4
647 2
648 2
649 3
650 2
651 3
652 1
653 2
654 1
655 3
656 0
657 5
658 1
659 4
660 4
661 1
662 4
663 4
664 3
665 4
666 5
667 2
668 0
669 3
670 0
671 3
672 1
673 2
674 5
675 4
676 2
677 3
678 5
679 2
680 5
681 4
682 5
683 5
684 5
685 1
686 4
687 2
688 4
689 0
690 5
691 1
692 5
693 1
694 3
695 4
696 3
697 1
698 3
699 0
700 1
701 1
702 5
703 3
704 5
705 3
706 5
707 3
708 1
709 0
710 2
711 5
712 3
713 2
714 0
715 5
716 4
717 5
718 2
719 4
720 2
721 5
722 2
723 4
724 5
725 5
726 3
727 4
728 1
729 5
730 0
731 4
732 2
733 4
734 3
735 2
736 2
737 5
738 3
739 3
740 3
741 3
742 0
743 0
744 2
745 4
746 1
747 1
748 2
749 0
750 4
751 5
752 0
753 4
754 3
755 1
756 5
757 2
758 0
759 1
760 1
761 4
762 5
763 5
764 2
765 1
766 5
767 1
768 3
769 3
770 3
771 0
772 3
773 4
774 5
775 0
776 5
777 5
778 3
779 5
780 3
781 2
782 2
783 1
784 1
785 4
786 0
787 1
788 2
789 1
790 5
791 5
792 3
793 0
794 0
795 4
796 3
797 3
798 1
799 0
800 1
801 0
802 3
803 3
804 4
805 4
806 0
807 3
808 2
809 5
810 5
811 1
812 4
813 3
814 4
815 2
816 3
817 4
818 4
819 1
820 3
821 1
822 0
823 2
824 2
825 3
826 4
827 4
828 0
829 3
830 3
831 4
832 5
833 2
834 5
835 3
836 5
837 3
838 1
839 3
840 4
841 3
842 2
843 3
844 4
845 1
846 1
847 4
848 1
849 4
850 4
851 1
852 3
853 0
854 4
855 3
856 3
857 3
858 4
859 3
860 1
861 5
862 1
863 0
864 5
865 4
866 3
867 2
868 4
869 3
870 4
871 1
872 1
873 3
874 1
875 0
876 0
877 3
878 0
879 5
880 1
881 2
882 5
883 1
884 2
885 3
886 5
887 2
888 0
889 3
890 2
891 5
892 5
893 4
894 5
895 4
896 5
897 0
898 2
899 1
900 1
901 1
902 3
903 3
904 1
905 1
906 2
907 5
908 3
909 5
910 1
911 3
912 3
913 4
914 4
915 1
916 1
917 1
918 1
919 2
920 1
921 1
922 0
923 1
924 3
925 1
926 1
927 2
928 4
929 0
930 5
931 4
932 0
933 0
934 4
935 2
936 4
937 3
938 5
939 1
940 5
941 3
942 5
943 3
944 3
945 1
946 1
947 3
948 5
949 1
950 4
951 4
952 1
953 4
954 3
955 1
956 1
957 4
958 4
959 0
960 2
961 0
962 5
963 1
964 4
965 4
966 4
967 3
968 1
969 4
970 4
971 1
972 2
973 4
974 3
975 0
976 5
977 4
978 3
979 5
980 3
981 3
982 5
983 3
984 3
985 5
986 1
987 3
988 1
989 0
990 5
991 1
992 3
993 5
994 4
995 3
996 1
997 5
998 1
999 3
1000 4
1001 0
1002 4
1003 1
1004 5
1005 4
1006 3
1007 3
1008 2
1009 4
1010 1
1011 1
1012 1
1013 0
1014 4
1015 5
1016 5
1017 2
1018 1
1019 2
1020 1
1021 2
1022 4
1023 1
1024 3
1025 1
1026 4
1027 0
1028 4
1029 1
1030 3
1031 2
1032 1
1033 5
1034 3
1035 3
1036 3
1037 4
1038 3
1039 3
1040 0
1041 1
1042 3
1043 1
1044 3
1045 1
1046 5
1047 2
1048 1
1049 5
1050 3
1051 1
1052 3
1053 3
1054 3
1055 1
1056 1
1057 3
1058 5
1059 0
1060 4
1061 1
1062 0
1063 2
1064 3
1065 1
1066 5
1067 4
1068 4
1069 3
1070 4
1071 1
1072 3
1073 1
1074 5
1075 3
1076 0
1077 4
1078 2
1079 5
1080 4
1081 1
1082 1
1083 3
1084 2
1085 3
1086 2
1087 2
1088 3
1089 1
1090 3
1091 2
1092 2
1093 5
1094 1
1095 4
1096 1
1097 5
1098 1
1099 4
1100 0
1101 0
1102 1
1103 3
1104 5
1105 2
1106 1
1107 4
1108 5
1109 5
1110 3
1111 4
1112 1
1113 4
1114 0
1115 1
1116 1
1117 5
1118 5
1119 1
1120 3
1121 1
1122 4
1123 1
1124 3
1125 3
1126 0
1127 5
1128 5
1129 3
1130 1
1131 1
1132 5
1133 4
1134 5
1135 1
1136 4
1137 3
1138 3
1139 4
1140 1
1141 1
1142 1
1143 1
1144 5
1145 3
1146 3
1147 1
1148 2
1149 3
1150 3
1151 1
1152 0
1153 5
1154 1
1155 1
1156 5
1157 5
1158 5
1159 3
1160 0
1161 3
1162 1
1163 2
1164 1
1165 1
1166 2
1167 1
1168 4
1169 4
1170 4
1171 1
1172 2
1173 3
1174 3
1175 3
1176 4
1177 4
1178 1
1179 4
1180 5
1181 3
1182 4
1183 3
1184 1
1185 0
1186 0
1187 4
1188 4
1189 1
1190 2
1191 3
1192 0
1193 1
1194 5
1195 2
1196 5
1197 5
1198 2
1199 2
1200 4
1201 4
1202 1
1203 5
1204 1
1205 1
1206 4
1207 1
1208 1
1209 1
1210 1
1211 5
1212 4
1213 3
1214 5
1215 5
1216 2
1217 2
1218 1
1219 5
1220 4
1221 1
1222 4
1223 5
1224 5
1225 5
1226 1
1227 4
1228 4
1229 3
1230 1
1231 1
1232 2
1233 5
1234 2
1235 2
1236 4
1237 3
1238 1
1239 4
1240 4
1241 3
1242 4
1243 1
1244 1
1245 3
1246 4
1247 5
1248 4
1249 3
1250 0
1251 5
1252 0
1253 3
1254 3
1255 1
1256 3
1257 0
1258 4
1259 1
1260 0
1261 4
1262 4
1263 5
1264 1
1265 5
1266 3
1267 4
1268 3
1269 0
1270 4
1271 5
1272 4
1273 2
1274 2
1275 1
1276 5
1277 5
1278 1
1279 2
1280 1
1281 4
1282 0
1283 4
1284 3
1285 3
1286 2
1287 2
1288 1
1289 1
1290 1
1291 4
1292 1
1293 2
1294 1
1295 4
1296 0
1297 5
1298 1
1299 2
1300 3
1301 2
1302 3
1303 3
1304 0
1305 1
1306 3
1307 0
1308 1
1309 0
1310 5
1311 1
1312 1
1313 4
1314 1
1315 1
1316 2
1317 1
1318 4
1319 2
1320 5
1321 1
1322 0
1323 2
1324 1
1325 0
1326 5
1327 3
1328 4
1329 0
1330 0
1331 3
1332 1
1333 5
1334 5
1335 5
1336 4
1337 2
1338 5
1339 4
1340 2
1341 5
1342 3
1343 0
1344 4
1345 5
1346 1
1347 4
1348 0
1349 1
1350 1
1351 3
1352 2
1353 4
1354 1
1355 3
1356 4
1357 2
1358 3
1359 4
1360 0
1361 5
1362 4
1363 4
1364 3
1365 2
1366 5
1367 2
1368 3
1369 2
1370 3
1371 1
1372 4
1373 3
1374 5
1375 5
1376 3
1377 1
1378 4
1379 4
1380 2
1381 4
1382 1
1383 1
1384 4
1385 4
1386 5
1387 0
1388 5
1389 4
1390 4
1391 4
1392 2
1393 3
1394 2
1395 2
1396 2
1397 3
1398 5
1399 5
1400 1
1401 4
1402 4
1403 1
1404 1
1405 5
1406 2
1407 4
1408 1
1409 2
1410 4
1411 0
1412 3
1413 5
1414 5
1415 4
1416 0
1417 1
1418 1
1419 2
1420 2
1421 1
1422 1
1423 1
1424 5
1425 3
1426 1
1427 1
1428 1
1429 3
1430 1
1431 4
1432 2
1433 4
1434 3
1435 3
1436 1
1437 3
1438 5
1439 4
1440 3
1441 2
1442 1
1443 1
1444 1
1445 3
1446 2
1447 2
1448 4
1449 1
1450 3
1451 3
1452 1
1453 3
1454 1
1455 1
1456 4
1457 2
1458 3
1459 0
1460 5
1461 4
1462 3
1463 0
1464 2
1465 5
1466 1
1467 3
1468 4
1469 1
1470 4
1471 4
1472 1
1473 3
1474 4
1475 5
1476 1
1477 1
1478 4
1479 5
1480 3
1481 3
1482 1
1483 1
1484 1
1485 1
1486 1
1487 3
1488 3
1489 5
1490 4
1491 2
1492 5
1493 3
1494 3
1495 3
1496 1
1497 5
1498 1
1499 4
1500 3
1501 3
1502 4
1503 2
1504 2
1505 1
1506 1
1507 5
1508 3
1509 5
1510 1
1511 2
1512 4
1513 3
1514 3
1515 3
1516 3
1517 5
1518 2
1519 5
1520 3
1521 0
1522 3
1523 1
1524 5
1525 0
1526 4
1527 1
1528 3
1529 4
1530 4
1531 5
1532 3
1533 3
1534 3
1535 0
1536 2
1537 3
1538 5
1539 3
1540 1
1541 5
1542 3
1543 4
1544 3
1545 0
1546 0
1547 4
1548 1
1549 0
1550 3
1551 5
1552 2
1553 5
1554 0
1555 3
1556 1
1557 1
1558 3
1559 1
1560 0
1561 3
1562 5
1563 3
1564 3
1565 4
1566 2
1567 5
1568 2
1569 1
1570 3
1571 2
1572 3
1573 5
1574 1
1575 4
1576 2
1577 4
1578 3
1579 2
1580 3
1581 3
1582 0
1583 3
1584 3
1585 4
1586 2
1587 2
1588 3
1589 4
1590 2
1591 4
1592 3
1593 4
1594 3
1595 4
1596 0
1597 0
1598 1
1599 4
1600 3
1601 4
1602 5
1603 1
1604 1
1605 3
1606 3
1607 0
1608 1
1609 5
1610 2
1611 5
1612 3
1613 3
1614 1
1615 5
1616 4
1617 4
1618 3
1619 1
1620 5
1621 4
1622 4
1623 5
1624 4
1625 5
1626 5
1627 3
1628 4
1629 3
1630 2
1631 3
1632 4
1633 0
1634 3
1635 4
1636 3
1637 3
1638 2
1639 5
1640 1
1641 1
1642 1
1643 3
1644 3
1645 2
1646 5
1647 2
1648 2
1649 4
1650 3
1651 4
1652 1
1653 2
1654 5
1655 1
1656 0
1657 3
1658 5
1659 5
1660 1
1661 1
1662 5
1663 4
1664 1
1665 1
1666 3
1667 1
1668 4
1669 1
1670 1
1671 5
1672 3
1673 1
1674 5
1675 3
1676 1
1677 1
1678 3
1679 3
1680 5
1681 4
1682 2
1683 4
1684 4
1685 4
1686 3
1687 4
1688 2
1689 3
1690 5
1691 2
1692 1
1693 3
1694 0
1695 0
1696 1
1697 4
1698 5
1699 2
1700 3
1701 4
1702 3
1703 5
1704 2
1705 4
1706 1
1707 3
1708 4
1709 4
1710 3
1711 4
1712 4
1713 4
1714 3
1715 3
1716 4
1717 1
1718 5
1719 1
1720 4
1721 5
1722 5
1723 5
1724 3
1725 1
1726 3
1727 4
1728 2
1729 1
1730 1
1731 3
1732 1
1733 5
1734 2
1735 3
1736 1
1737 3
1738 4
1739 4
1740 1
1741 4
1742 4
1743 5
1744 3
1745 3
1746 1
1747 5
1748 2
1749 1
1750 4
1751 1
1752 1
1753 4
1754 5
1755 0
1756 1
1757 3
1758 4
1759 5
1760 2
1761 2
1762 4
1763 4
1764 2
1765 3
1766 5
1767 2
1768 1
1769 4
1770 1
1771 0
1772 5
1773 0
1774 3
1775 4
1776 4
1777 5
1778 5
1779 3
1780 2
1781 2
1782 5
1783 3
1784 2
1785 3
1786 2
1787 3
1788 1
1789 1
1790 1
1791 3
1792 5
1793 0
1794 3
1795 0
1796 1
1797 2
1798 0
1799 1
1800 0
1801 4
1802 1
1803 4
1804 1
1805 4
1806 2
1807 2
1808 2
1809 3
1810 0
1811 1
1812 4
1813 2
1814 5
1815 3
1816 3
1817 5
1818 5
1819 1
1820 4
1821 3
1822 0
1823 1
1824 1
1825 2
1826 1
1827 1
1828 1
1829 5
1830 4
1831 3
1832 2
1833 3
1834 3
1835 3
1836 3
1837 3
1838 3
1839 1
1840 1
1841 2
1842 1
1843 1
1844 1
1845 0
1846 1
1847 2
1848 0
1849 0
1850 1
1851 4
1852 1
1853 1
1854 4
1855 1
1856 5
1857 4
1858 4
1859 5
1860 0
1861 4
1862 4
1863 3
1864 2
1865 1
1866 2
1867 2
1868 3
1869 2
1870 5
1871 1
1872 5
1873 1
1874 2
1875 2
1876 1
1877 2
1878 3
1879 3
1880 1
1881 0
1882 5
1883 3
1884 1
1885 4
1886 3
1887 3
1888 4
1889 4
1890 3
1891 1
1892 2
1893 5
1894 1
1895 4
1896 0
1897 5
1898 5
1899 1
1900 5
1901 1
1902 0
1903 4
1904 1
1905 0
1906 5
1907 5
1908 2
1909 1
1910 5
1911 5
1912 2
1913 3
1914 5
1915 3
1916 4
1917 2
1918 3
1919 0
1920 4
1921 3
1922 1
1923 3
1924 3
1925 0
1926 1
1927 4
1928 3
1929 5
1930 4
1931 0
1932 5
1933 5
1934 0
1935 1
1936 1
1937 4
1938 1
1939 1
1940 4
1941 3
1942 4
1943 1
1944 5
1945 4
1946 1
1947 4
1948 5
1949 2
1950 4
1951 2
1952 1
1953 0
1954 2
1955 5
1956 3
1957 3
1958 4
1959 5
1960 1
1961 5
1962 3
1963 2
1964 3
1965 3
1966 5
1967 1
1968 4
1969 0
1970 4
1971 5
1972 4
1973 5
1974 0
1975 5
1976 3
1977 3
1978 1
1979 1
1980 0
1981 4
1982 5
1983 0
1984 0
1985 1
1986 5
1987 3
1988 3
1989 3
1990 3
1991 2
1992 2
1993 4
1994 2
1995 0
1996 5
1997 1
1998 4
1999 3
2000 1
2001 5
2002 5
2003 5
2004 0
2005 3
2006 1
2007 4
2008 2
2009 2
2010 2
2011 2
2012 2
2013 2
2014 2
2015 2
2016 3
2017 4
2018 3
2019 1
2020 3
2021 5
2022 1
2023 4
2024 0
2025 5
2026 4
2027 3
2028 2
2029 4
2030 4
2031 4
2032 0
2033 1
2034 4
2035 5
2036 4
2037 2
2038 0
2039 4
2040 0
2041 4
2042 3
2043 1
2044 5
2045 4
2046 1
2047 1
2048 2
2049 1
2050 5
2051 3
2052 1
2053 3
2054 5
2055 1
2056 3
2057 5
2058 5
2059 2
2060 4
2061 1
2062 1
2063 1
2064 5
2065 5
2066 1
2067 5
2068 3
2069 1
2070 1
2071 4
2072 1
2073 4
2074 3
2075 5
2076 3
2077 2
2078 1
2079 3
2080 1
2081 1
2082 1
2083 1
2084 5
2085 2
2086 1
2087 1
2088 3
2089 2
2090 1
2091 0
2092 4
2093 2
2094 4
2095 4
2096 1
2097 3
2098 2
2099 1
2100 4
2101 3
2102 3
2103 0
2104 2
2105 5
2106 1
2107 1
2108 0
2109 1
2110 1
2111 5
2112 3
2113 0
2114 2
2115 4
2116 5
2117 3
2118 4
2119 1
2120 3
2121 1
2122 1
2123 0
2124 4
2125 4
2126 2
2127 1
2128 1
2129 1
2130 5
2131 5
2132 5
2133 3
2134 0
2135 3
2136 1
2137 3
2138 1
2139 3
2140 4
2141 2
2142 1
2143 3
2144 5
2145 3
2146 2
2147 5
2148 4
2149 2
2150 5
2151 2
2152 5
2153 4
2154 1
2155 0
2156 3
2157 3
2158 3
2159 1
2160 0
2161 3
2162 2
2163 0
2164 2
2165 0
2166 0
2167 3
2168 5
2169 3
2170 4
2171 5
2172 3
2173 4
2174 3
2175 5
2176 0
2177 3
2178 4
2179 3
2180 3
2181 5
2182 5
2183 3
2184 1
2185 4
2186 5
2187 0
2188 0
2189 5
2190 2
2191 1
2192 2
2193 5
2194 3
2195 1
2196 2
2197 1
2198 4
2199 5
2200 3
2201 1
2202 5
2203 5
2204 2
2205 4
2206 2
2207 0
2208 0
2209 4
2210 4
2211 3
2212 3
2213 3
2214 3
2215 5
2216 0
2217 3
2218 1
2219 5
2220 3
2221 5
2222 1
2223 4
2224 1
2225 1
2226 1
2227 3
2228 0
2229 3
2230 3
2231 2
2232 5
2233 0
2234 1
2235 2
2236 1
2237 3
2238 1
2239 5
2240 4
2241 4
2242 1
2243 0
2244 3
2245 1
2246 1
2247 3
2248 1
2249 3
2250 4
2251 0
2252 1
2253 3
2254 5
2255 3
2256 3
2257 4
2258 5
2259 2
2260 2
2261 0
2262 5
2263 3
2264 3
2265 5
2266 3
2267 1
2268 4
2269 0
2270 5
2271 2
2272 5
2273 2
2274 4
2275 0
2276 1
2277 1
2278 5
2279 1
2280 5
2281 2
2282 0
2283 3
2284 0
2285 0
2286 5
2287 1
2288 5
2289 5
2290 0
2291 4
2292 3
2293 0
2294 1
2295 4
2296 3
2297 5
2298 0
2299 5
2300 3
2301 4
2302 4
2303 4
2304 1
2305 5
2306 0
2307 3
2308 4
2309 4
2310 2
2311 1
2312 0
2313 4
2314 1
2315 0
2316 4
2317 5
2318 1
2319 3
2320 4
2321 3
2322 0
2323 0
2324 3
2325 1
2326 1
2327 1
2328 5
2329 1
2330 3
2331 0
2332 1
2333 1
2334 2
2335 5
2336 1
2337 3
2338 3
2339 0
2340 3
2341 5
2342 5
2343 4
2344 5
2345 4
2346 2
2347 5
2348 2
2349 0
2350 0
2351 0
2352 1
2353 1
2354 4
2355 5
2356 3
2357 3
2358 5
2359 1
2360 5
2361 3
2362 1
2363 5
2364 2
2365 4
2366 2
2367 2
2368 3
2369 4
2370 3
2371 3
2372 2
2373 1
2374 5
2375 1
2376 2
2377 5
2378 2
2379 4
2380 3
2381 3
2382 4
2383 4
2384 2
2385 3
2386 1
2387 3
2388 3
2389 1
2390 0
2391 5
2392 3
2393 1
2394 3
2395 0
2396 2
2397 4
2398 4
2399 4
2400 3
2401 4
2402 2
2403 4
2404 4
2405 4
2406 4
2407 3
2408 1
2409 3
2410 1
2411 2
2412 0
2413 1
2414 3
2415 1
2416 1
2417 1
2418 4
2419 4
2420 4
2421 1
2422 1
2423 5
2424 3
2425 5
2426 3
2427 3
2428 5
2429 2
2430 3
2431 4
2432 3
2433 4
2434 5
2435 1
2436 2
2437 3
2438 3
2439 5
2440 3
2441 1
2442 0
2443 1
2444 1
2445 4
2446 5
2447 5
2448 3
2449 1
2450 1
2451 2
2452 1
2453 1
2454 2
2455 2
2456 5
2457 2
2458 4
2459 2
2460 3
2461 4
2462 5
2463 5
2464 2
2465 1
2466 4
2467 2
2468 5
2469 1
2470 0
2471 0
2472 5
2473 4
2474 5
2475 1
2476 1
2477 2
2478 3
2479 5
2480 1
2481 1
2482 2
2483 3
2484 1
2485 1
2486 5
2487 2
2488 0
2489 3
2490 3
2491 1
2492 0
2493 4
2494 3
2495 3
2496 4
2497 1
2498 1
2499 1
2500 3
2501 5
2502 4
2503 5
2504 5
2505 3
2506 1
2507 0
2508 3
2509 4
2510 1
2511 2
2512 3
2513 2
2514 4
2515 5
2516 5
2517 5
2518 4
2519 3
2520 5
2521 5
2522 4
2523 4
2524 1
2525 3
2526 4
2527 0
2528 1
2529 1
2530 3
2531 2
2532 1
2533 2
2534 3
2535 1
2536 4
2537 5
2538 1
2539 3
2540 2
2541 5
2542 3
2543 5
2544 3
2545 2
2546 5
2547 1
2548 0
2549 2
2550 3
2551 3
2552 1
2553 4
2554 1
2555 4
2556 4
2557 4
2558 1
2559 4
2560 2
2561 5
2562 5
2563 3
2564 1
2565 3
2566 0
2567 3
2568 3
2569 1
2570 3
2571 5
2572 2
2573 4
2574 1
2575 5
2576 0
2577 2
2578 3
2579 1
2580 3
2581 2
2582 1
2583 2
2584 3
2585 1
2586 0
2587 1
2588 4
2589 0
2590 5
2591 5
2592 5
2593 4
2594 5
2595 5
2596 5
2597 5
2598 5
2599 1
2600 2
2601 0
2602 4
2603 2
2604 4
2605 5
2606 4
2607 5
2608 3
2609 2
2610 3
2611 3
2612 4
2613 5
2614 1
2615 4
2616 3
2617 4
2618 1
2619 0
2620 5
2621 1
2622 0
2623 3
2624 3
2625 5
2626 2
2627 3
2628 0
2629 2
2630 4
2631 5
2632 3
2633 2
2634 1
2635 1
2636 4
2637 3
2638 1
2639 4
2640 5
2641 5
2642 1
2643 3
2644 3
2645 1
2646 5
2647 4
2648 2
2649 2
2650 1
2651 4
2652 2
2653 5
2654 5
2655 3
2656 4
2657 0
2658 3
2659 5
2660 3
2661 2
2662 3
2663 2
2664 3
2665 4
2666 1
2667 1
2668 3
2669 4
2670 5
2671 1
2672 3
2673 2
2674 3
2675 2
2676 1
2677 1
2678 2
2679 1
2680 0
2681 0
2682 5
2683 5
2684 1
2685 0
2686 1
2687 2
2688 1
2689 4
2690 2
2691 1
2692 4
2693 3
2694 0
2695 1
2696 5
2697 2
2698 3
2699 0
2700 3
2701 2
2702 4
2703 1
2704 1
2705 4
2706 3
2707 3
2708 4
2709 5
2710 1
2711 4
2712 1
2713 2
2714 1
2715 1
2716 4
2717 3
2718 1
2719 5
2720 0
2721 4
2722 1
2723 5
2724 2
2725 2
2726 4
2727 0
2728 1
2729 4
2730 2
2731 3
2732 3
2733 3
2734 5
2735 4
2736 0
2737 1
2738 1
2739 4
2740 4
2741 1
2742 0
2743 3
2744 3
2745 4
2746 4
2747 0
2748 4
2749 3
2750 1
2751 1
2752 5
2753 4
2754 1
2755 1
2756 1
2757 4
2758 1
2759 3
2760 3
2761 4
2762 5
2763 4
2764 3
2765 3
2766 4
2767 4
2768 1
2769 4
2770 3
2771 5
2772 3
2773 5
2774 3
2775 3
2776 1
2777 5
2778 3
2779 2
2780 1
2781 0
2782 2
2783 4
2784 2
2785 1
2786 1
2787 1
2788 1
2789 3
2790 4
2791 3
2792 5
2793 3
2794 2
2795 1
2796 4
2797 5
2798 5
2799 3
2800 4
2801 3
2802 5
2803 1
2804 3
2805 3
2806 4
2807 3
2808 3
2809 2
2810 3
2811 0
2812 2
2813 1
2814 4
2815 2
2816 2
2817 1
2818 3
2819 1
2820 4
2821 4
2822 1
2823 4
2824 4
2825 1
2826 5
2827 1
2828 5
2829 2
2830 3
2831 3
2832 3
2833 1
2834 3
2835 5
2836 0
2837 5
2838 4
2839 1
2840 1
2841 1
2842 5
2843 0
2844 2
2845 4
2846 1
2847 1
2848 2
2849 2
2850 2
2851 3
2852 3
2853 1
2854 3
2855 3
2856 5
2857 4
2858 3
2859 4
2860 0
2861 5
2862 4
2863 0
2864 0
2865 5
2866 3
2867 5
2868 4
2869 3
2870 4
2871 5
2872 0
2873 0
2874 1
2875 3
2876 2
2877 1
2878 3
2879 4
2880 1
2881 1
2882 3
2883 3
2884 0
2885 1
2886 4
2887 3
2888 4
2889 1
2890 0
2891 1
2892 5
2893 1
2894 2
2895 2
2896 2
2897 3
2898 4
2899 1
2900 1
2901 3
2902 1
2903 2
2904 3
2905 2
2906 2
2907 3
2908 5
2909 5
2910 1
2911 4
2912 3
2913 0
2914 3
2915 3
2916 1
2917 3
2918 1
2919 4
2920 3
2921 2
2922 3
2923 2
2924 3
2925 3
2926 2
2927 3
2928 3
2929 1
2930 5
2931 3
2932 3
2933 5
2934 2
2935 4
2936 3
2937 5
2938 4
2939 3
2940 1
2941 1
2942 3
2943 3
2944 4
2945 1
2946 3
2947 4
2948 4
2949 2
2950 5
2951 1
2952 5
2953 0
2954 1
2955 0
2956 3
2957 0
2958 5
2959 5
2960 4
2961 4
2962 1
2963 2
2964 2
2965 4
2966 5
2967 4
2968 3
2969 4
2970 3
2971 1
2972 1
2973 3
2974 3
2975 3
2976 5
2977 1
2978 3
2979 4
2980 5
2981 0
2982 4
2983 1
2984 5
2985 4
2986 0
2987 3
2988 1
2989 2
2990 0
2991 5
2992 4
2993 2
2994 4
2995 3
2996 2
2997 4
2998 1
2999 0
3000 5
3001 1
3002 0
3003 1
3004 3
3005 4
3006 0
3007 4
3008 0
3009 3
3010 2
3011 0
3012 0
3013 4
3014 3
3015 3
3016 4
3017 4
3018 3
3019 1
3020 1
3021 5
3022 3
3023 1
3024 4
3025 5
3026 5
3027 1
3028 0
3029 3
3030 1
3031 1
3032 3
3033 1
3034 1
3035 1
3036 1
3037 2
3038 5
3039 1
3040 1
3041 3
3042 1
3043 4
3044 5
3045 4
3046 5
3047 1
3048 3
3049 4
3050 3
3051 4
3052 5
3053 5
3054 4
3055 0
3056 0
3057 3
3058 4
3059 4
3060 4
3061 4
3062 4
3063 2
3064 3
3065 3
3066 3
3067 4
3068 4
3069 1
3070 3
3071 3
3072 0
3073 2
3074 2
3075 5
3076 2
3077 3
3078 4
3079 5
3080 4
3081 1
3082 1
3083 3
3084 3
3085 1
3086 3
3087 2
3088 5
3089 2
3090 3
3091 3
3092 2
3093 4
3094 5
3095 3
3096 3
3097 5
3098 4
3099 2
3100 3
3101 4
3102 0
3103 1
3104 3
3105 3
3106 5
3107 3
3108 4
3109 1
3110 3
3111 1
3112 0
3113 0
3114 5
3115 4
3116 5
3117 4
3118 1
3119 4
3120 2
3121 5
3122 1
3123 0
3124 1
3125 3
3126 0
3127 3
3128 4
3129 1
3130 3
3131 4
3132 1
3133 3
3134 4
3135 1
3136 2
3137 4
3138 5
3139 3
3140 1
3141 5
3142 1
3143 5
3144 2
3145 2
3146 3
3147 4
3148 3
3149 0
3150 5
3151 2
3152 1
3153 4
3154 5
3155 1
3156 2
3157 3
3158 5
3159 1
3160 1
3161 4
3162 1
3163 5
3164 0
3165 4
3166 1
3167 1
3168 3
3169 5
3170 3
3171 5
3172 0
3173 2
3174 4
3175 5
3176 0
3177 5
3178 4
3179 1
3180 5
3181 3
3182 4
3183 0
3184 4
3185 1
3186 5
3187 4
3188 3
3189 1
3190 5
3191 4
3192 3
3193 5
3194 3
3195 3
3196 1
3197 4
3198 4
3199 3
3200 3
3201 3
3202 3
3203 1
3204 2
3205 0
3206 0
3207 3
3208 3
3209 2
3210 0
3211 1
3212 2
3213 2
3214 1
3215 4
3216 4
3217 4
3218 4
3219 3
3220 4
3221 5
3222 3
3223 1
3224 4
3225 5
3226 3
3227 4
3228 1
3229 2
3230 0
3231 2
3232 5
3233 1
3234 3
3235 4
3236 5
3237 1
3238 3
3239 3
3240 0
3241 2
3242 5
3243 3
3244 5
3245 5
3246 3
3247 4
3248 1
3249 3
3250 3
3251 2
3252 1
3253 4
3254 5
3255 3
3256 5
3257 5
3258 1
3259 1
3260 1
3261 3
3262 5
3263 5
3264 1
3265 3
3266 4
3267 4
3268 5
3269 3
3270 3
3271 0
3272 2
3273 1
3274 1
3275 3
3276 5
3277 4
3278 3
3279 5
3280 4
3281 1
3282 3
3283 4
3284 5
3285 2
3286 3
3287 3
3288 3
3289 1
3290 2
3291 0
3292 2
3293 1
3294 3
3295 0
3296 1
3297 3
3298 2
3299 1
3300 3
3301 5
3302 4
3303 4
3304 3
3305 0
3306 1
3307 1
3308 1
3309 2
3310 4
3311 1
3312 3
3313 1
3314 2
3315 5
3316 3
3317 5
3318 3
3319 5
3320 4
3321 1
3322 4
3323 4
3324 3
3325 3
3326 2
3327 5
3328 4
3329 3
3330 3
3331 3
3332 0
3333 3
3334 3
3335 5
3336 5
3337 0
3338 1
3339 3
3340 0
3341 1
3342 1
3343 1
3344 3
3345 0
3346 3
3347 3
3348 1
3349 1
3350 0
3351 0
3352 2
3353 2
3354 4
3355 3
3356 2
3357 5
3358 4
3359 1
3360 4
3361 2
3362 5
3363 0
3364 0
3365 3
3366 0
3367 4
3368 3
3369 2
3370 3
3371 2
3372 1
3373 1
3374 2
3375 1
3376 2
3377 3
3378 1
3379 2
3380 3
3381 1
3382 3
3383 4
3384 1
3385 5
3386 1
3387 3
3388 3
3389 1
3390 4
3391 5
3392 4
3393 4
3394 5
3395 5
3396 3
3397 4
3398 1
3399 4
3400 1
3401 1
3402 5
3403 4
3404 4
3405 4
3406 1
3407 4
3408 1
3409 2
3410 4
3411 4
3412 2
3413 5
3414 1
3415 3
3416 5
3417 4
3418 3
3419 1
3420 1
3421 0
3422 5
3423 5
3424 1
3425 3
3426 3
3427 1
3428 1
3429 2
3430 4
3431 5
3432 5
3433 4
3434 4
3435 1
3436 0
3437 1
3438 1
3439 5
3440 4
3441 4
3442 1
3443 4
3444 4
3445 1
3446 4
3447 5
3448 1
3449 2
3450 5
3451 5
3452 2
3453 3
3454 0
3455 5
3456 1
3457 1
3458 2
3459 1
3460 1
3461 5
3462 4
3463 4
3464 1
3465 0
3466 3
3467 1
3468 1
3469 4
3470 1
3471 1
3472 5
3473 5
3474 4
3475 0
3476 4
3477 1
3478 3
3479 4
3480 4
3481 5
3482 4
3483 5
3484 3
3485 1
3486 3
3487 4
3488 4
3489 3
3490 3
3491 3
3492 4
3493 5
3494 2
3495 1
3496 5
3497 3
3498 0
3499 3
3500 4
3501 0
3502 1
3503 5
3504 3
3505 5
3506 4
3507 2
3508 1
3509 4
3510 0
3511 1
3512 0
3513 4
3514 1
3515 2
3516 5
3517 0
3518 2
3519 1
3520 2
3521 3
3522 2
3523 1
3524 0
3525 1
3526 5
3527 2
3528 4
3529 2
3530 1
3531 2
3532 4
3533 5
3534 5
3535 3
3536 5
3537 3
3538 4
3539 3
3540 3
3541 3
3542 4
3543 5
3544 1
3545 3
3546 1
3547 1
3548 3
3549 3
3550 2
3551 4
3552 0
3553 0
3554 2
3555 3
3556 2
3557 1
3558 3
3559 4
3560 4
3561 1
3562 3
3563 3
3564 3
3565 3
3566 3
3567 5
3568 5
3569 5
3570 1
3571 5
3572 3
3573 4
3574 1
3575 1
3576 0
3577 0
3578 5
3579 4
3580 1
3581 4
3582 3
3583 2
3584 3
3585 1
3586 5
3587 2
3588 3
3589 2
3590 3
3591 5
3592 2
3593 5
3594 3
3595 0
3596 3
3597 3
3598 1
3599 2
3600 5
3601 0
3602 4
3603 1
3604 1
3605 0
3606 1
3607 3
3608 3
3609 2
3610 5
3611 2
3612 2
3613 5
3614 4
3615 1
3616 3
3617 1
3618 4
3619 0
3620 3
3621 4
3622 1
3623 4
3624 4
3625 3
3626 5
3627 3
3628 3
3629 3
3630 3
3631 4
3632 0
3633 0
3634 1
3635 1
3636 3
3637 2
3638 3
3639 2
3640 3
3641 1
3642 0
3643 3
3644 3
3645 2
3646 5
3647 4
3648 5
3649 0
3650 4
3651 3
3652 5
3653 3
3654 4
3655 3
3656 5
3657 1
3658 2
3659 2
3660 2
3661 4
3662 2
3663 5
3664 1
3665 5
3666 4
3667 4
3668 4
3669 4
3670 1
3671 3
3672 3
3673 3
3674 1
3675 3
3676 2
3677 5
3678 5
3679 5
3680 1
3681 2
3682 4
3683 2
3684 5
3685 4
3686 5
3687 4
3688 3
3689 3
3690 1
3691 4
3692 1
3693 3
3694 0
3695 1
3696 4
3697 1
3698 1
3699 5
3700 4
3701 4
3702 5
3703 4
3704 4
3705 4
3706 5
3707 0
3708 1
3709 4
3710 2
3711 1
3712 1
3713 4
3714 1
3715 1
3716 4
3717 3
3718 4
3719 1
3720 0
3721 5
3722 4
3723 1
3724 3
3725 4
3726 3
3727 4
3728 1
3729 0
3730 3
3731 2
3732 4
3733 3
3734 3
3735 1
3736 1
3737 2
3738 5
3739 3
3740 5
3741 4
3742 1
3743 5
3744 1
3745 5
3746 4
3747 3
3748 5
3749 2
3750 5
3751 3
3752 4
3753 4
3754 2
3755 1
3756 1
3757 4
3758 1
3759 4
3760 2
3761 5
3762 1
3763 1
3764 5
3765 3
3766 1
3767 1
3768 2
3769 2
3770 5
3771 2
3772 1
3773 1
3774 5
3775 4
3776 5
3777 1
3778 3
3779 3
3780 4
3781 1
3782 5
3783 1
3784 1
3785 0
3786 2
3787 1
3788 0
3789 2
3790 2
3791 2
3792 4
3793 4
3794 1
3795 4
3796 1
3797 3
3798 1
3799 2
3800 5
3801 4
3802 2
3803 1
3804 5
3805 5
3806 3
3807 3
3808 2
3809 1
3810 3
3811 1
3812 5
3813 3
3814 1
3815 0
3816 3
3817 1
3818 1
3819 5
3820 0
3821 5
3822 1
3823 0
3824 4
3825 3
3826 0
3827 1
3828 1
3829 1
3830 3
3831 3
3832 2
3833 5
3834 1
3835 5
3836 1
3837 3
3838 1
3839 4
3840 5
3841 4
3842 5
3843 4
3844 4
3845 1
3846 1
3847 3
3848 1
3849 2
3850 1
3851 2
3852 3
3853 4
3854 3
3855 3
3856 3
3857 1
3858 4
3859 4
3860 4
3861 2
3862 4
3863 1
3864 5
3865 3
3866 3
3867 3
3868 4
3869 2
3870 3
3871 2
3872 3
3873 5
3874 0
3875 4
3876 1
3877 3
3878 1
3879 1
3880 5
3881 3
3882 3
3883 3
3884 3
3885 2
3886 1
3887 1
3888 2
3889 2
3890 3
3891 4
3892 4
3893 0
3894 1
3895 5
3896 4
3897 4
3898 0
3899 3
3900 3
3901 5
3902 0
3903 4
3904 2
3905 3
3906 5
3907 0
3908 1
3909 1
3910 1
3911 1
3912 5
3913 3
3914 3
3915 1
3916 5
3917 3
3918 3
3919 5
3920 0
3921 1
3922 5
3923 1
3924 1
3925 4
3926 4
3927 2
3928 3
3929 1
3930 1
3931 5
3932 1
3933 3
3934 5
3935 3
3936 3
3937 1
3938 1
3939 2
3940 1
3941 4
3942 1
3943 2
3944 5
3945 5
3946 1
3947 0
3948 5
3949 3
3950 0
3951 4
3952 0
3953 5
3954 3
3955 5
3956 3
3957 0
3958 5
3959 2
3960 1
3961 5
3962 1
3963 5
3964 3
3965 0
3966 1
3967 2
3968 2
3969 1
3970 1
3971 4
3972 4
3973 4
3974 3
3975 1
3976 5
3977 1
3978 3
3979 3
3980 1
3981 1
3982 3
3983 4
3984 0
3985 1
3986 5
3987 1
3988 5
3989 3
3990 3
3991 1
3992 3
3993 3
3994 4
3995 4
3996 1
3997 1
3998 1
3999 5
4000 0
4001 5
4002 5
4003 3
4004 2
4005 5
4006 1
4007 4
4008 4
4009 3
4010 4
4011 1
4012 1
4013 4
4014 3
4015 2
4016 0
4017 4
4018 1
4019 2
4020 2
4021 1
4022 3
4023 3
4024 5
4025 4
4026 2
4027 4
4028 3
4029 3
4030 4
4031 2
4032 3
4033 1
4034 5
4035 4
4036 5
4037 4
4038 2
4039 5
4040 5
4041 1
4042 2
4043 4
4044 4
4045 4
4046 3
4047 4
4048 1
4049 2
4050 1
4051 1
4052 1
4053 0
4054 5
4055 1
4056 4
4057 3
4058 3
4059 3
4060 2
4061 2
4062 1
4063 4
4064 2
4065 0
4066 0
4067 5
4068 0
4069 2
4070 4
4071 3
4072 1
4073 2
4074 1
4075 2
4076 3
4077 3
4078 1
4079 1
4080 3
4081 3
4082 4
4083 2
4084 3
4085 5
4086 5
4087 4
4088 3
4089 5
4090 3
4091 1
4092 5
4093 0
4094 1
4095 4
4096 3
4097 1
4098 4
4099 1
4100 5
4101 4
4102 3
4103 0
4104 1
4105 3
4106 0
4107 3
4108 5
4109 1
4110 3
4111 3
4112 1
4113 2
4114 3
4115 3
4116 4
4117 3
4118 4
4119 3
4120 1
4121 4
4122 1
4123 0
4124 2
4125 0
4126 1
4127 1
4128 2
4129 4
4130 0
4131 2
4132 3
4133 5
4134 3
4135 5
4136 1
4137 4
4138 4
4139 0
4140 1
4141 5
4142 2
4143 1
4144 1
4145 2
4146 3
4147 5
4148 4
4149 3
4150 5
4151 5
4152 1
4153 4
4154 5
4155 2
4156 1
4157 4
4158 2
4159 2
4160 1
4161 4
4162 4
4163 1
4164 3
4165 0
4166 2
4167 3
4168 5
4169 4
4170 1
4171 2
4172 1
4173 2
4174 3
4175 5
4176 3
4177 4
4178 3
4179 4
4180 1
4181 4
4182 3
4183 3
4184 1
4185 5
4186 1
4187 4
4188 4
4189 3
4190 0
4191 3
4192 1
4193 1
4194 1
4195 3
4196 1
4197 5
4198 1
4199 5
4200 4
4201 3
4202 5
4203 3
4204 2
4205 0
4206 1
4207 3
4208 3
4209 4
4210 0
4211 4
4212 5
4213 4
4214 3
4215 3
4216 3
4217 1
4218 3
4219 2
4220 5
4221 3
4222 3
4223 3
4224 3
4225 1
4226 3
4227 3
4228 4
4229 4
4230 1
4231 2
4232 0
4233 5
4234 0
4235 3
4236 1
4237 3
4238 2
4239 5
4240 5
4241 1
4242 1
4243 5
4244 1
4245 1
4246 4
4247 3
4248 2
4249 1
4250 0
4251 0
4252 0
4253 2
4254 2
4255 3
4256 2
4257 0
4258 2
4259 4
4260 3
4261 2
4262 1
4263 3
4264 5
4265 3
4266 2
4267 0
4268 4
4269 5
4270 5
4271 1
4272 3
4273 1
4274 1
4275 3
4276 0
4277 5
4278 5
4279 4
4280 4
4281 5
4282 4
4283 3
4284 4
4285 1
4286 5
4287 1
4288 5
4289 1
4290 2
4291 4
4292 1
4293 2
4294 0
4295 1
4296 0
4297 5
4298 0
4299 1
4300 5
4301 5
4302 4
4303 2
4304 3
4305 3
4306 0
4307 5
4308 3
4309 1
4310 2
4311 3
4312 2
4313 0
4314 2
4315 1
4316 1
4317 4
4318 3
4319 3
4320 3
4321 3
4322 3
4323 4
4324 5
4325 3
4326 1
4327 4
4328 4
4329 0
4330 3
4331 2
4332 3
4333 4
4334 4
4335 1
4336 2
4337 3
4338 4
4339 3
4340 1
4341 5
4342 4
4343 1
4344 5
4345 1
4346 4
4347 1
4348 5
4349 5
4350 4
4351 3
4352 1
4353 5
4354 1
4355 4
4356 4
4357 0
4358 4
4359 4
4360 4
4361 1
4362 4
4363 3
4364 1
4365 4
4366 1
4367 5
4368 1
4369 3
4370 4
4371 1
4372 2
4373 1
4374 1
4375 0
4376 3
4377 5
4378 1
4379 5
4380 1
4381 4
4382 1
4383 3
4384 1
4385 2
4386 3
4387 1
4388 4
4389 0
4390 3
4391 5
4392 5
4393 4
4394 2
4395 3
4396 1
4397 3
4398 1
4399 5
4400 5
4401 4
4402 3
4403 3
4404 1
4405 3
4406 1
4407 2
4408 2
4409 5
4410 3
4411 1
4412 4
4413 5
4414 1
4415 0
4416 4
4417 4
4418 3
4419 3
4420 5
4421 2
4422 3
4423 2
4424 4
4425 5
4426 1
4427 3
4428 1
4429 2
4430 1
4431 3
4432 1
4433 4
4434 5
4435 2
4436 5
4437 3
4438 0
4439 2
4440 4
4441 3
4442 0
4443 1
4444 5
4445 0
4446 5
4447 1
4448 3
4449 1
4450 1
4451 4
4452 1
4453 1
4454 1
4455 2
4456 0
4457 1
4458 0
4459 1
4460 3
4461 1
4462 2
4463 5
4464 3
4465 5
4466 3
4467 0
4468 1
4469 5
4470 1
4471 2
4472 5
4473 4
4474 4
4475 2
4476 2
4477 4
4478 4
4479 5
4480 3
4481 2
4482 2
4483 4
4484 4
4485 3
4486 2
4487 5
4488 1
4489 4
4490 5
4491 0
4492 4
4493 0
4494 4
4495 5
4496 1
4497 4
4498 1
4499 5
4500 3
4501 2
4502 3
4503 3
4504 2
4505 3
4506 2
4507 1
4508 4
4509 5
4510 3
4511 3
4512 5
4513 0
4514 3
4515 5
4516 3
4517 5
4518 2
4519 4
4520 1
4521 5
4522 1
4523 0
4524 0
4525 0
4526 1
4527 1
4528 0
4529 2
4530 4
4531 2
4532 2
4533 0
4534 1
4535 0
4536 1
4537 3
4538 4
4539 4
4540 5
4541 3
4542 4
4543 4
4544 3
4545 1
4546 4
4547 1
4548 2
4549 3
4550 4
4551 3
4552 0
4553 1
4554 3
4555 5
4556 3
4557 5
4558 0
4559 4
4560 2
4561 2
4562 2
4563 1
4564 4
4565 4
4566 5
4567 5
4568 5
4569 3
4570 1
4571 2
4572 1
4573 1
4574 3
4575 5
4576 3
4577 1
4578 1
4579 3
4580 5
4581 0
4582 2
4583 0
4584 0
4585 0
4586 1
4587 5
4588 5
4589 3
4590 4
4591 4
4592 4
4593 4
4594 2
4595 3
4596 3
4597 3
4598 0
4599 1
4600 4
4601 1
4602 3
4603 2
4604 4
4605 5
4606 1
4607 2
4608 5
4609 1
4610 3
4611 0
4612 5
4613 3
4614 4
4615 1
4616 5
4617 3
4618 0
4619 1
4620 5
4621 4
4622 5
4623 2
4624 4
4625 1
4626 1
4627 4
4628 2
4629 2
4630 4
4631 3
4632 4
4633 4
4634 1
4635 3
4636 0
4637 1
4638 0
4639 3
4640 5
4641 5
4642 1
4643 5
4644 5
4645 5
4646 1
4647 0
4648 3
4649 1
4650 5
4651 1
4652 4
4653 0
4654 4
4655 3
4656 4
4657 3
4658 4
4659 5
4660 3
4661 4
4662 5
4663 4
4664 0
4665 1
4666 2
4667 4
4668 2
4669 3
4670 4
4671 1
4672 5
4673 5
4674 1
4675 1
4676 4
4677 3
4678 1
4679 1
4680 2
4681 2
4682 4
4683 3
4684 4
4685 5
4686 4
4687 4
4688 1
4689 0
4690 4
4691 3
4692 2
4693 4
4694 5
4695 3
4696 1
4697 1
4698 1
4699 1
4700 1
4701 4
4702 4
4703 4
4704 5
4705 5
4706 3
4707 1
4708 3
4709 4
4710 5
4711 4
4712 5
4713 4
4714 1
4715 3
4716 5
4717 3
4718 0
4719 1
4720 4
4721 5
4722 3
4723 4
4724 4
4725 2
4726 1
4727 5
4728 4
4729 1
4730 4
4731 5
4732 3
4733 2
4734 5
4735 1
4736 4
4737 4
4738 4
4739 0
4740 1
4741 5
4742 0
4743 3
4744 2
4745 3
4746 4
4747 5
4748 1
4749 3
4750 0
4751 1
4752 0
4753 3
4754 1
4755 1
4756 3
4757 1
4758 1
4759 2
4760 0
4761 1
4762 5
4763 4
4764 5
4765 2
4766 2
4767 1
4768 5
4769 4
4770 3
4771 3
4772 5
4773 4
4774 5
4775 0
4776 2
4777 1
4778 3
4779 4
4780 5
4781 1
4782 1
4783 1
4784 2
4785 1
4786 1
4787 1
4788 4
4789 4
4790 2
4791 5
4792 3
4793 2
4794 1
4795 2
4796 5
4797 4
4798 1
4799 3
4800 1
4801 4
4802 2
4803 1
4804 0
4805 1
4806 0
4807 4
4808 3
4809 0
4810 2
4811 3
4812 5
4813 1
4814 2
4815 3
4816 0
4817 4
4818 3
4819 1
4820 1
4821 0
4822 4
4823 1
4824 4
4825 4
4826 1
4827 1
4828 4
4829 3
4830 5
4831 4
4832 5
4833 1
4834 5
4835 4
4836 3
4837 3
4838 4
4839 0
4840 3
4841 4
4842 3
4843 2
4844 2
4845 2
4846 5
4847 5
4848 2
4849 5
4850 4
4851 5
4852 4
4853 5
4854 1
4855 1
4856 4
4857 5
4858 5
4859 2
4860 1
4861 3
4862 3
4863 4
4864 1
4865 2
4866 4
4867 4
4868 5
4869 4
4870 3
4871 4
4872 2
4873 3
4874 2
4875 1
4876 5
4877 3
4878 1
4879 4
4880 0
4881 5
4882 1
4883 0
4884 0
4885 5
4886 4
4887 4
4888 5
4889 4
4890 2
4891 3
4892 1
4893 4
4894 3
4895 3
4896 3
4897 3
4898 3
4899 2
4900 0
4901 5
4902 2
4903 3
4904 3
4905 2
4906 3
4907 1
4908 3
4909 4
4910 3
4911 3
4912 0
4913 3
4914 2
4915 3
4916 1
4917 1
4918 5
4919 3
4920 2
4921 3
4922 1
4923 4
4924 3
4925 3
4926 0
4927 1
4928 3
4929 3
4930 5
4931 3
4932 2
4933 1
4934 2
4935 4
4936 3
4937 3
4938 3
4939 2
4940 1
4941 2
4942 4
4943 4
4944 5
4945 5
4946 3
4947 0
4948 2
4949 0
4950 5
4951 3
4952 4
4953 0
4954 3
4955 3
4956 5
4957 0
4958 4
4959 4
4960 1
4961 3
4962 5
4963 3
4964 1
4965 1
4966 2
4967 2
4968 0
4969 2
4970 0
4971 3
4972 4
4973 4
4974 1
4975 2
4976 2
4977 3
4978 5
4979 4
4980 0
4981 1
4982 1
4983 3
4984 5
4985 4
4986 3
4987 2
4988 4
4989 3
4990 5
4991 4
4992 3
4993 3
4994 4
4995 1
4996 3
4997 1
4998 5
4999 0
5000 3
5001 5
5002 4
5003 4
5004 0
5005 4
5006 3
5007 3
5008 3
5009 0
5010 5
5011 4
5012 3
5013 1
5014 0
5015 0
5016 0
5017 4
5018 3
5019 4
5020 5
5021 5
5022 3
5023 1
5024 5
5025 1
5026 0
5027 3
5028 4
5029 5
5030 3
5031 1
5032 3
5033 5
5034 1
5035 4
5036 3
5037 3
5038 1
5039 0
5040 1
5041 3
5042 4
5043 5
5044 4
5045 3
5046 5
5047 0
5048 0
5049 4
5050 1
5051 1
5052 2
5053 3
5054 2
5055 1
5056 4
5057 4
5058 1
5059 4
5060 1
5061 1
5062 0
5063 3
5064 1
5065 4
5066 3
5067 1
5068 2
5069 5
5070 3
5071 1
5072 3
5073 0
5074 2
5075 4
5076 1
5077 5
5078 3
5079 3
5080 0
5081 4
5082 0
5083 3
5084 5
5085 3
5086 3
5087 4
5088 4
5089 3
5090 0
5091 3
5092 1
5093 0
5094 1
5095 3
5096 1
5097 4
5098 2
5099 0
5100 0
5101 5
5102 1
5103 1
5104 3
5105 0
5106 2
5107 3
5108 3
5109 1
5110 1
5111 1
5112 1
5113 4
5114 1
5115 1
5116 3
5117 5
5118 1
5119 5
5120 4
5121 3
5122 2
5123 4
5124 4
5125 3
5126 5
5127 1
5128 2
5129 4
5130 2
5131 2
5132 4
5133 1
5134 1
5135 4
5136 3
5137 3
5138 5
5139 1
5140 5
5141 3
5142 4
5143 3
5144 4
5145 1
5146 5
5147 4
5148 3
5149 4
5150 1
5151 1
5152 4
5153 3
5154 3
5155 5
5156 2
5157 5
5158 5
5159 2
5160 0
5161 5
5162 1
5163 2
5164 1
5165 3
5166 3
5167 5
5168 3
5169 4
5170 2
5171 4
5172 1
5173 5
5174 4
5175 4
5176 4
5177 4
5178 2
5179 1
5180 5
5181 0
5182 3
5183 3
5184 4
5185 3
5186 0
5187 1
5188 4
5189 1
5190 5
5191 2
5192 3
5193 4
5194 4
5195 4
5196 1
5197 4
5198 3
5199 4
5200 5
5201 4
5202 4
5203 1
5204 3
5205 1
5206 3
5207 0
5208 5
5209 3
5210 5
5211 2
5212 1
5213 4
5214 1
5215 5
5216 2
5217 5
5218 5
5219 2
5220 2
5221 2
5222 0
5223 1
5224 5
5225 3
5226 3
5227 4
5228 4
5229 3
5230 0
5231 0
5232 4
5233 3
5234 2
5235 3
5236 4
5237 1
5238 1
5239 3
5240 4
5241 3
5242 3
5243 1
5244 5
5245 4
5246 4
5247 1
5248 2
5249 3
5250 3
5251 0
5252 3
5253 1
5254 0
5255 2
5256 5
5257 2
5258 5
5259 0
5260 3
5261 1
5262 4
5263 4
5264 2
5265 1
5266 1
5267 4
5268 3
5269 1
5270 4
5271 0
5272 2
5273 2
5274 4
5275 3
5276 3
5277 4
5278 1
5279 4
5280 1
5281 2
5282 4
5283 5
5284 4
5285 1
5286 4
5287 4
5288 2
5289 5
5290 5
5291 4
5292 0
5293 4
5294 3
5295 3
5296 1
5297 2
5298 1
5299 5
5300 4
5301 3
5302 2
5303 3
5304 1
5305 3
5306 4
5307 3
5308 0
5309 1
5310 2
5311 4
5312 2
5313 0
5314 3
5315 2
5316 1
5317 3
5318 5
5319 5
5320 0
5321 1
5322 2
5323 2
5324 3
5325 4
5326 1
5327 3
5328 5
5329 3
5330 5
5331 1
5332 1
5333 3
5334 3
5335 5
5336 2
5337 4
5338 3
5339 2
5340 3
5341 1
5342 2
5343 1
5344 2
5345 0
5346 5
5347 2
5348 5
5349 4
5350 3
5351 1
5352 1
5353 5
5354 3
5355 2
5356 3
5357 3
5358 3
5359 3
5360 5
5361 2
5362 4
5363 3
5364 4
5365 3
5366 3
5367 2
5368 4
5369 3
5370 3
5371 5
5372 1
5373 3
5374 2
5375 1
5376 0
5377 5
5378 4
5379 2
5380 4
5381 3
5382 2
5383 5
5384 5
5385 5
5386 1
5387 4
5388 1
5389 3
5390 3
5391 5
5392 3
5393 3
5394 3
5395 0
5396 3
5397 4
5398 2
5399 2
5400 5
5401 4
5402 1
5403 2
5404 3
5405 3
5406 4
5407 1
5408 3
5409 5
5410 5
5411 5
5412 3
5413 1
5414 5
5415 3
5416 5
5417 5
5418 3
5419 3
5420 4
5421 4
5422 1
5423 0
5424 1
5425 2
5426 1
5427 2
5428 5
5429 4
5430 3
5431 2
5432 2
5433 1
5434 2
5435 2
5436 5
5437 5
5438 1
5439 2
5440 3
5441 2
5442 1
5443 0
5444 1
5445 4
5446 5
5447 2
5448 1
5449 1
5450 1
5451 1
5452 5
5453 4
5454 1
5455 2
5456 1
5457 1
5458 2
5459 2
5460 3
5461 1
5462 4
5463 1
5464 4
5465 4
5466 2
5467 3
5468 1
5469 3
5470 1
5471 2
5472 1
5473 3
5474 3
5475 1
5476 1
5477 3
5478 2
5479 4
5480 5
5481 4
5482 3
5483 5
5484 4
5485 5
5486 3
5487 5
5488 2
5489 1
5490 2
5491 0
5492 2
5493 1
5494 3
5495 1
5496 4
5497 1
5498 2
5499 5
5500 5
5501 4
5502 1
5503 1
5504 4
5505 2
5506 1
5507 3
5508 2
5509 3
5510 1
5511 4
5512 2
5513 4
5514 3
5515 5
5516 2
5517 3
5518 3
5519 4
5520 0
5521 5
5522 2
5523 3
5524 2
5525 1
5526 2
5527 1
5528 0
5529 5
5530 4
5531 1
5532 5
5533 5
5534 3
5535 3
5536 4
5537 0
5538 4
5539 0
5540 3
5541 0
5542 4
5543 4
5544 3
5545 4
5546 1
5547 2
5548 5
5549 3
5550 5
5551 4
5552 1
5553 3
5554 0
5555 2
5556 3
5557 2
5558 2
5559 2
5560 1
5561 3
5562 1
5563 1
5564 0
5565 2
5566 1
5567 4
5568 1
5569 0
5570 1
5571 1
5572 3
5573 2
5574 1
5575 1
5576 5
5577 3
5578 4
5579 4
5580 5
5581 3
5582 0
5583 0
5584 1
5585 0
5586 5
5587 1
5588 0
5589 3
5590 0
5591 3
5592 5
5593 4
5594 1
5595 3
5596 3
5597 3
5598 0
5599 5
5600 3
5601 1
5602 3
5603 3
5604 5
5605 5
5606 2
5607 1
5608 3
5609 2
5610 0
5611 2
5612 3
5613 0
5614 3
5615 0
5616 4
5617 4
5618 3
5619 1
5620 3
5621 3
5622 4
5623 1
5624 4
5625 3
5626 1
5627 1
5628 1
5629 4
5630 4
5631 3
5632 1
5633 3
5634 4
5635 5
5636 1
5637 3
5638 2
5639 5
5640 3
5641 4
5642 5
5643 1
5644 0
5645 5
5646 0
5647 1
5648 5
5649 1
5650 4
5651 5
5652 3
5653 0
5654 1
5655 3
5656 4
5657 3
5658 2
5659 3
5660 2
5661 4
5662 3
5663 5
5664 1
5665 1
5666 5
5667 4
5668 3
5669 0
5670 2
5671 1
5672 5
5673 3
5674 1
5675 3
5676 2
5677 3
5678 5
5679 3
5680 3
5681 0
5682 4
5683 1
5684 1
5685 1
5686 0
5687 1
5688 5
5689 4
5690 1
5691 5
5692 3
5693 5
5694 0
5695 2
5696 4
5697 3
5698 5
5699 3
5700 4
5701 1
5702 4
5703 3
5704 5
5705 5
5706 0
5707 1
5708 3
5709 3
5710 4
5711 3
5712 1
5713 3
5714 3
5715 5
5716 3
5717 4
5718 2
5719 4
5720 4
5721 3
5722 4
5723 0
5724 5
5725 1
5726 1
5727 2
5728 1
5729 3
5730 2
5731 3
5732 2
5733 4
5734 1
5735 4
5736 5
5737 2
5738 2
5739 2
5740 5
5741 0
5742 0
5743 5
5744 1
5745 3
5746 2
5747 3
5748 5
5749 5
5750 0
5751 2
5752 3
5753 4
5754 4
5755 1
5756 2
5757 1
5758 1
5759 3
5760 2
5761 3
5762 1
5763 5
5764 2
5765 4
5766 4
5767 2
5768 3
5769 2
5770 3
5771 1
5772 2
5773 0
5774 0
5775 1
5776 2
5777 2
5778 1
5779 2
5780 1
5781 0
5782 1
5783 3
5784 4
5785 0
5786 3
5787 5
5788 3
5789 2
5790 4
5791 0
5792 2
5793 0
5794 3
5795 4
5796 2
5797 5
5798 1
5799 4
5800 3
5801 0
5802 5
5803 4
5804 1
5805 5
5806 1
5807 5
5808 0
5809 5
5810 5
5811 5
5812 5
5813 3
5814 3
5815 2
5816 1
5817 4
5818 0
5819 5
5820 1
5821 5
5822 0
5823 4
5824 3
5825 4
5826 4
5827 0
5828 5
5829 5
5830 0
5831 1
5832 1
5833 2
5834 4
5835 2
5836 5
5837 4
5838 3
5839 2
5840 0
5841 0
5842 4
5843 4
5844 4
5845 1
5846 0
5847 3
5848 5
5849 3
5850 3
5851 3
5852 2
5853 3
5854 2
5855 4
5856 5
5857 4
5858 0
5859 3
5860 5
5861 4
5862 4
5863 3
5864 2
5865 1
5866 1
5867 4
5868 2
5869 2
5870 0
5871 0
5872 3
5873 1
5874 3
5875 3
5876 4
5877 4
5878 1
5879 5
5880 3
5881 0
5882 5
5883 4
5884 2
5885 2
5886 5
5887 5
5888 0
5889 5
5890 4
5891 1
5892 3
5893 5
5894 5
5895 0
5896 3
5897 4
5898 3
5899 4
5900 2
5901 4
5902 1
5903 2
5904 1
5905 0
5906 4
5907 2
5908 1
5909 4
5910 4
5911 3
5912 1
5913 1
5914 0
5915 3
5916 3
5917 2
5918 1
5919 4
5920 5
5921 4
5922 3
5923 5
5924 3
5925 4
5926 3
5927 1
5928 1
5929 1
5930 2
5931 3
5932 1
5933 2
5934 1
5935 5
5936 4
5937 4
5938 1
5939 1
5940 5
5941 1
5942 4
5943 5
5944 5
5945 3
5946 4
5947 4
5948 4
5949 3
5950 2
5951 1
5952 1
5953 2
5954 4
5955 5
5956 2
5957 2
5958 1
5959 4
5960 5
5961 2
5962 1
5963 3
5964 1
5965 3
5966 5
5967 1
5968 3
5969 3
5970 4
5971 4
5972 2
5973 1
5974 3
5975 1
5976 3
5977 4
5978 0
5979 1
5980 3
5981 5
5982 5
5983 1
5984 2
5985 3
5986 0
5987 3
5988 1
5989 1
5990 4
5991 3
5992 4
5993 0
5994 3
5995 3
5996 2
5997 4
5998 1
5999 5
6000 0
6001 0
6002 5
6003 3
6004 5
6005 3
6006 4
6007 4
6008 4
6009 5
6010 3
6011 0
6012 5
6013 3
6014 5
6015 3
6016 4
6017 5
6018 5
6019 1
6020 1
6021 4
6022 4
6023 0
6024 2
6025 1
6026 2
6027 1
6028 4
6029 4
6030 0
6031 3
6032 2
6033 1
6034 3
6035 1
6036 5
6037 4
6038 1
6039 3
6040 2
6041 0
6042 3
6043 1
6044 4
6045 1
6046 1
6047 3
6048 3
6049 2
6050 0
6051 3
6052 3
6053 5
6054 1
6055 0
6056 1
6057 3
6058 5
6059 5
6060 5
6061 1
6062 4
6063 4
6064 3
6065 5
6066 0
6067 1
6068 5
6069 1
6070 2
6071 2
6072 3
6073 5
6074 4
6075 5
6076 4
6077 5
6078 0
6079 2
6080 5
6081 2
6082 5
6083 3
6084 2
6085 5
6086 1
6087 4
6088 4
6089 0
6090 1
6091 4
6092 0
6093 5
6094 2
6095 5
6096 1
6097 4
6098 2
6099 1
6100 1
6101 3
6102 5
6103 4
6104 1
6105 2
6106 3
6107 4
6108 3
6109 2
6110 2
6111 1
6112 2
6113 4
6114 3
6115 0
6116 0
6117 5
6118 5
6119 0
6120 3
6121 5
6122 1
6123 4
6124 3
6125 3
6126 5
6127 3
6128 5
6129 0
6130 0
6131 2
6132 4
6133 1
6134 5
6135 1
6136 4
6137 5
6138 1
6139 1
6140 5
6141 2
6142 5
6143 5
6144 2
6145 4
6146 2
6147 1
6148 5
6149 1
6150 4
6151 5
6152 0
6153 3
6154 1
6155 2
6156 2
6157 3
6158 4
6159 5
6160 5
6161 0
6162 1
6163 2
6164 2
6165 1
6166 1
6167 1
6168 2
6169 0
6170 5
6171 4
6172 3
6173 3
6174 5
6175 2
6176 1
6177 3
6178 1
6179 3
6180 2
6181 2
6182 3
6183 4
6184 1
6185 4
6186 5
6187 4
6188 4
6189 0
6190 3
6191 2
6192 4
6193 4
6194 1
6195 4
6196 0
6197 1
6198 5
6199 4
6200 2
6201 4
6202 0
6203 1
6204 1
6205 2
6206 5
6207 1
6208 2
6209 5
6210 1
6211 1
6212 3
6213 1
6214 3
6215 3
6216 4
6217 4
6218 0
6219 5
6220 4
6221 0
6222 1
6223 3
6224 5
6225 3
6226 2
6227 5
6228 0
6229 2
6230 4
6231 2
6232 3
6233 3
6234 2
6235 3
6236 3
6237 2
6238 3
6239 1
6240 3
6241 4
6242 5
6243 5
6244 0
6245 3
6246 1
6247 3
6248 4
6249 4
6250 3
6251 2
6252 4
6253 5
6254 3
6255 3
6256 5
6257 3
6258 1
6259 1
6260 4
6261 4
6262 3
6263 3
6264 3
6265 4
6266 2
6267 4
6268 3
6269 2
6270 4
6271 0
6272 4
6273 4
6274 2
6275 3
6276 5
6277 4
6278 3
6279 3
6280 3
6281 5
6282 2
6283 1
6284 3
6285 3
6286 4
6287 1
6288 1
6289 5
6290 5
6291 4
6292 2
6293 1
6294 4
6295 1
6296 4
6297 2
6298 3
6299 4
6300 0
6301 5
6302 5
6303 0
6304 5
6305 3
6306 2
6307 5
6308 3
6309 0
6310 5
6311 2
6312 5
6313 3
6314 3
6315 3
6316 1
6317 5
6318 5
6319 5
6320 3
6321 4
6322 5
6323 5
6324 1
6325 1
6326 1
6327 0
6328 3
6329 3
6330 1
6331 3
6332 3
6333 3
6334 4
6335 1
6336 3
6337 2
6338 3
6339 3
6340 5
6341 2
6342 4
6343 3
6344 1
6345 1
6346 3
6347 0
6348 0
6349 5
6350 2
6351 1
6352 4
6353 1
6354 1
6355 3
6356 0
6357 3
6358 1
6359 4
6360 1
6361 4
6362 1
6363 3
6364 0
6365 5
6366 1
6367 4
6368 0
6369 2
6370 1
6371 2
6372 0
6373 1
6374 0
6375 1
6376 4
6377 3
6378 4
6379 2
6380 2
6381 5
6382 2
6383 5
6384 2
6385 5
6386 4
6387 1
6388 3
6389 5
6390 1
6391 4
6392 3
6393 1
6394 4
6395 5
6396 3
6397 4
6398 4
6399 2
6400 2
6401 3
6402 2
6403 3
6404 5
6405 1
6406 5
6407 2
6408 3
6409 1
6410 4
6411 1
6412 1
6413 0
6414 1
6415 1
6416 3
6417 4
6418 1
6419 3
6420 0
6421 5
6422 4
6423 1
6424 1
6425 1
6426 5
6427 5
6428 5
6429 3
6430 0
6431 4
6432 1
6433 5
6434 1
6435 1
6436 1
6437 0
6438 4
6439 2
6440 3
6441 3
6442 5
6443 1
6444 1
6445 1
6446 0
6447 5
6448 5
6449 4
6450 4
6451 1
6452 0
6453 1
6454 3
6455 4
6456 3
6457 0
6458 3
6459 2
6460 3
6461 1
6462 3
6463 5
6464 3
6465 1
6466 1
6467 3
6468 3
6469 2
6470 1
6471 1
6472 3
6473 5
6474 3
6475 4
6476 2
6477 4
6478 3
6479 3
6480 3
6481 4
6482 1
6483 3
6484 4
6485 3
6486 3
6487 5
6488 1
6489 2
6490 5
6491 1
6492 4
6493 0
6494 3
6495 5
6496 3
6497 5
6498 2
6499 0
6500 5
6501 3
6502 5
6503 2
6504 2
6505 4
6506 3
6507 4
6508 4
6509 0
6510 0
6511 3
6512 3
6513 5
6514 4
6515 1
6516 4
6517 1
6518 2
6519 3
6520 3
6521 1
6522 3
6523 5
6524 1
6525 1
6526 2
6527 0
6528 1
6529 5
6530 2
6531 4
6532 3
6533 3
6534 4
6535 3
6536 4
6537 1
6538 4
6539 4
6540 4
6541 0
6542 5
6543 4
6544 2
6545 1
6546 2
6547 0
6548 3
6549 3
6550 4
6551 1
6552 5
6553 3
6554 3
6555 2
6556 2
6557 5
6558 5
6559 5
6560 2
6561 5
6562 0
6563 2
6564 4
6565 3
6566 1
6567 3
6568 1
6569 5
6570 1
6571 1
6572 5
6573 0
6574 5
6575 2
6576 3
6577 1
6578 1
6579 5
6580 3
6581 0
6582 2
6583 1
6584 2
6585 1
6586 3
6587 5
6588 0
6589 0
6590 2
6591 0
6592 3
6593 3
6594 1
6595 0
6596 3
6597 0
6598 4
6599 1
6600 1
6601 1
6602 3
6603 5
6604 1
6605 3
6606 3
6607 1
6608 4
6609 4
6610 3
6611 3
6612 0
6613 3
6614 1
6615 3
6616 1
6617 5
6618 2
6619 5
6620 3
6621 5
6622 5
6623 5
6624 3
6625 3
6626 3
6627 4
6628 1
6629 0
6630 4
6631 1
6632 4
6633 3
6634 5
6635 0
6636 0
6637 2
6638 1
6639 5
6640 1
6641 2
6642 4
6643 3
6644 1
6645 5
6646 5
6647 4
6648 0
6649 1
6650 3
6651 3
6652 1
6653 4
6654 2
6655 3
6656 2
6657 0
6658 1
6659 5
6660 1
6661 0
6662 5
6663 1
6664 2
6665 4
6666 3
6667 2
6668 3
6669 0
6670 5
6671 4
6672 1
6673 0
6674 1
6675 2
6676 1
6677 1
6678 1
6679 3
6680 0
6681 3
6682 0
6683 2
6684 4
6685 0
6686 2
6687 4
6688 5
6689 1
6690 3
6691 1
6692 5
6693 4
6694 5
6695 4
6696 2
6697 3
6698 3
6699 5
6700 3
6701 4
6702 5
6703 1
6704 3
6705 1
6706 2
6707 4
6708 3
6709 4
6710 1
6711 5
6712 4
6713 5
6714 2
6715 0
6716 2
6717 4
6718 5
6719 2
6720 4
6721 1
6722 3
6723 2
6724 3
6725 0
6726 3
6727 1
6728 0
6729 5
6730 2
6731 5
6732 5
6733 2
6734 0
6735 1
6736 5
6737 2
6738 3
6739 5
6740 1
6741 5
6742 4
6743 2
6744 0
6745 4
6746 5
6747 4
6748 3
6749 4
6750 3
6751 3
6752 5
6753 1
6754 2
6755 5
6756 4
6757 4
6758 3
6759 1
6760 0
6761 1
6762 2
6763 0
6764 0
6765 3
6766 0
6767 4
6768 4
6769 3
6770 5
6771 3
6772 1
6773 1
6774 3
6775 4
6776 1
6777 5
6778 3
6779 4
6780 1
6781 3
6782 1
6783 3
6784 4
6785 1
6786 0
6787 3
6788 3
6789 5
6790 3
6791 5
6792 3
6793 1
6794 4
6795 3
6796 2
6797 3
6798 0
6799 3
6800 4
6801 1
6802 1
6803 3
6804 3
6805 1
6806 1
6807 0
6808 3
6809 4
6810 1
6811 5
6812 5
6813 2
6814 1
6815 3
6816 5
6817 1
6818 5
6819 3
6820 2
6821 3
6822 3
6823 4
6824 0
6825 3
6826 1
6827 1
6828 5
6829 0
6830 4
6831 3
6832 5
6833 3
6834 1
6835 5
6836 4
6837 1
6838 1
6839 4
6840 5
6841 4
6842 0
6843 2
6844 2
6845 0
6846 3
6847 3
6848 1
6849 1
6850 1
6851 0
6852 4
6853 5
6854 4
6855 5
6856 1
6857 5
6858 1
6859 5
6860 5
6861 0
6862 2
6863 4
6864 3
6865 3
6866 5
6867 1
6868 4
6869 0
6870 0
6871 2
6872 0
6873 3
6874 1
6875 1
6876 3
6877 5
6878 5
6879 2
6880 5
6881 5
6882 4
6883 0
6884 2
6885 1
6886 4
6887 2
6888 2
6889 5
6890 3
6891 1
6892 3
6893 2
6894 5
6895 3
6896 5
6897 1
6898 2
6899 3
6900 2
6901 1
6902 2
6903 2
6904 0
6905 1
6906 0
6907 4
6908 1
6909 1
6910 5
6911 4
6912 4
6913 4
6914 2
6915 1
6916 0
6917 4
6918 3
6919 4
6920 0
6921 0
6922 3
6923 1
6924 1
6925 1
6926 3
6927 3
6928 1
6929 3
6930 3
6931 5
6932 3
6933 5
6934 3
6935 2
6936 3
6937 1
6938 5
6939 3
6940 5
6941 3
6942 2
6943 3
6944 1
6945 4
6946 4
6947 0
6948 3
6949 1
6950 3
6951 3
6952 3
6953 2
6954 1
6955 3
6956 5
6957 3
6958 4
6959 1
6960 3
6961 1
6962 1
6963 5
6964 1
6965 1
6966 4
6967 5
6968 1
6969 3
6970 1
6971 5
6972 3
6973 2
6974 1
6975 4
6976 1
6977 1
6978 1
6979 3
6980 4
6981 0
6982 3
6983 2
6984 3
6985 1
6986 1
6987 1
6988 1
6989 1
6990 5
6991 3
6992 1
6993 3
6994 2
6995 1
6996 5
6997 2
6998 3
6999 1
7000 1
7001 1
7002 4
7003 5
7004 0
7005 1
7006 2
7007 5
7008 3
7009 1
7010 4
7011 5
7012 5
7013 4
7014 4
7015 1
7016 5
7017 0
7018 5
7019 2
7020 4
7021 5
7022 3
7023 0
7024 4
7025 1
7026 5
7027 4
7028 5
7029 2
7030 2
7031 5
7032 1
7033 1
7034 5
7035 2
7036 4
7037 2
7038 3
7039 2
7040 3
7041 0
7042 5
7043 3
7044 1
7045 2
7046 4
7047 3
7048 2
7049 1
7050 5
7051 1
7052 5
7053 2
7054 3
7055 1
7056 4
7057 1
7058 5
7059 5
7060 1
7061 2
7062 3
7063 1
7064 3
7065 2
7066 1
7067 3
7068 5
7069 1
7070 5
7071 1
7072 4
7073 4
7074 3
7075 1
7076 3
7077 5
7078 3
7079 5
7080 1
7081 4
7082 5
7083 4
7084 2
7085 5
7086 2
7087 4
7088 5
7089 2
7090 3
7091 2
7092 5
7093 2
7094 5
7095 1
7096 5
7097 5
7098 3
7099 4
7100 5
7101 2
7102 3
7103 1
7104 4
7105 4
7106 0
7107 1
7108 3
7109 1
7110 3
7111 5
7112 2
7113 2
7114 1
7115 5
7116 4
7117 5
7118 5
7119 3
7120 2
7121 5
7122 4
7123 0
7124 1
7125 3
7126 1
7127 4
7128 5
7129 4
7130 4
7131 1
7132 4
7133 0
7134 5
7135 4
7136 5
7137 1
7138 3
7139 4
7140 5
7141 0
7142 1
7143 0
7144 0
7145 4
7146 1
7147 3
7148 4
7149 1
7150 5
7151 3
7152 3
7153 0
7154 4
7155 4
7156 3
7157 1
7158 4
7159 2
7160 2
7161 3
7162 2
7163 1
7164 3
7165 5
7166 1
7167 1
7168 2
7169 5
7170 0
7171 5
7172 3
7173 5
7174 4
7175 0
7176 4
7177 3
7178 3
7179 1
7180 3
7181 2
7182 3
7183 5
7184 5
7185 5
7186 4
7187 4
7188 0
7189 5
7190 5
7191 4
7192 0
7193 3
7194 3
7195 0
7196 1
7197 4
7198 4
7199 0
7200 1
7201 0
7202 2
7203 5
7204 3
7205 3
7206 5
7207 3
7208 4
7209 5
7210 5
7211 3
7212 2
7213 5
7214 4
7215 3
7216 5
7217 0
7218 1
7219 4
7220 3
7221 4
7222 1
7223 3
7224 1
7225 5
7226 3
7227 0
7228 3
7229 1
7230 2
7231 1
7232 5
7233 1
7234 3
7235 2
7236 5
7237 1
7238 1
7239 3
7240 3
7241 0
7242 5
7243 0
7244 3
7245 4
7246 5
7247 2
7248 0
7249 2
7250 5
7251 3
7252 1
7253 1
7254 5
7255 5
7256 3
7257 5
7258 1
7259 5
7260 3
7261 3
7262 1
7263 2
7264 3
7265 1
7266 3
7267 1
7268 4
7269 5
7270 4
7271 4
7272 1
7273 1
7274 1
7275 3
7276 3
7277 3
7278 2
7279 1
7280 1
7281 4
7282 4
7283 2
7284 4
7285 4
7286 5
7287 1
7288 3
7289 4
7290 3
7291 5
7292 5
7293 3
7294 5
7295 4
7296 4
7297 2
7298 2
7299 5
7300 1
7301 1
7302 0
7303 4
7304 3
7305 2
7306 4
7307 2
7308 2
7309 4
7310 0
7311 3
7312 3
7313 2
7314 5
7315 4
7316 5
7317 1
7318 1
7319 1
7320 3
7321 4
7322 3
7323 3
7324 1
7325 2
7326 3
7327 5
7328 1
7329 3
7330 1
7331 1
7332 2
7333 3
7334 3
7335 1
7336 2
7337 1
7338 3
7339 1
7340 0
7341 5
7342 2
7343 4
7344 1
7345 4
7346 3
7347 1
7348 2
7349 3
7350 1
7351 5
7352 1
7353 3
7354 1
7355 5
7356 3
7357 3
7358 3
7359 2
7360 1
7361 4
7362 4
7363 1
7364 1
7365 4
7366 2
7367 4
7368 2
7369 5
7370 2
7371 1
7372 3
7373 4
7374 3
7375 1
7376 4
7377 5
7378 4
7379 0
7380 3
7381 4
7382 1
7383 4
7384 3
7385 5
7386 4
7387 1
7388 5
7389 5
7390 1
7391 5
7392 1
7393 4
7394 2
7395 1
7396 2
7397 4
7398 5
7399 5
7400 4
7401 4
7402 2
7403 3
7404 1
7405 2
7406 3
7407 4
7408 3
7409 3
7410 3
7411 3
7412 0
7413 5
7414 3
7415 0
7416 3
7417 3
7418 3
7419 5
7420 1
7421 4
7422 3
7423 0
7424 3
7425 4
7426 4
7427 3
7428 1
7429 5
7430 2
7431 1
7432 3
7433 2
7434 5
7435 5
7436 2
7437 1
7438 5
7439 0
7440 3
7441 3
7442 5
7443 4
7444 4
7445 1
7446 3
7447 5
7448 1
7449 1
7450 3
7451 0
7452 3
7453 1
7454 3
7455 1
7456 1
7457 1
7458 0
7459 3
7460 5
7461 5
7462 1
7463 2
7464 1
7465 4
7466 5
7467 1
7468 5
7469 4
7470 5
7471 4
7472 2
7473 1
7474 1
7475 3
7476 5
7477 3
7478 1
7479 3
7480 1
7481 2
7482 1
7483 5
7484 5
7485 4
7486 1
7487 3
7488 4
7489 2
7490 5
7491 5
7492 3
7493 1
7494 0
7495 4
7496 0
7497 5
7498 3
7499 3
7500 1
7501 0
7502 1
7503 3
7504 3
7505 2
7506 0
7507 1
7508 0
7509 2
7510 1
7511 4
7512 3
7513 5
7514 2
7515 2
7516 4
7517 1
7518 5
7519 4
7520 5
7521 4
7522 2
7523 0
7524 4
7525 3
7526 3
7527 5
7528 1
7529 1
7530 3
7531 1
7532 1
7533 5
7534 1
7535 5
7536 4
7537 4
7538 2
7539 3
7540 5
7541 1
7542 1
7543 3
7544 1
7545 1
7546 4
7547 5
7548 1
7549 1
7550 4
7551 2
7552 3
7553 3
7554 0
7555 2
7556 2
7557 4
7558 4
7559 2
7560 4
7561 2
7562 1
7563 0
7564 3
7565 2
7566 3
7567 3
7568 3
7569 1
7570 2
7571 4
7572 1
7573 0
7574 1
7575 3
7576 4
7577 0
7578 4
7579 0
7580 4
7581 3
7582 5
7583 1
7584 5
7585 1
7586 1
7587 0
7588 1
7589 3
7590 4
7591 4
7592 3
7593 1
7594 3
7595 3
7596 1
7597 1
7598 5
7599 5
7600 4
7601 5
7602 3
7603 3
7604 4
7605 3
7606 5
7607 3
7608 2
7609 5
7610 1
7611 4
7612 1
7613 2
7614 1
7615 3
7616 4
7617 2
7618 1
7619 2
7620 3
7621 1
7622 3
7623 0
7624 2
7625 3
7626 5
7627 4
7628 4
7629 5
7630 1
7631 1
7632 5
7633 5
7634 1
7635 4
7636 5
7637 2
7638 2
7639 3
7640 3
7641 2
7642 1
7643 3
7644 4
7645 3
7646 0
7647 1
7648 5
7649 3
7650 4
7651 3
7652 1
7653 5
7654 4
7655 5
7656 5
7657 4
7658 1
7659 5
7660 1
7661 3
7662 1
7663 5
7664 5
7665 5
7666 1
7667 4
7668 5
7669 0
7670 3
7671 4
7672 5
7673 1
7674 0
7675 2
7676 1
7677 3
7678 3
7679 2
7680 4
7681 3
7682 3
7683 5
7684 3
7685 0
7686 2
7687 3
7688 1
7689 1
7690 1
7691 1
7692 3
7693 3
7694 3
7695 5
7696 3
7697 2
7698 0
7699 1
7700 0
7701 2
7702 5
7703 3
7704 3
7705 3
7706 5
7707 2
7708 5
7709 3
7710 0
7711 3
7712 1
7713 0
7714 5
7715 1
7716 3
7717 4
7718 1
7719 3
7720 3
7721 3
7722 5
7723 3
7724 0
7725 1
7726 4
7727 3
7728 3
7729 4
7730 1
7731 5
7732 2
7733 4
7734 4
7735 1
7736 3
7737 5
7738 1
7739 3
7740 3
7741 4
7742 5
7743 3
7744 1
7745 4
7746 1
7747 2
7748 2
7749 1
7750 5
7751 1
7752 1
7753 3
7754 1
7755 0
7756 4
7757 2
7758 4
7759 3
7760 1
7761 4
7762 2
7763 4
7764 5
7765 1
7766 1
7767 5
7768 3
7769 5
7770 1
7771 3
7772 5
7773 5
7774 5
7775 3
7776 5
7777 3
7778 3
7779 0
7780 1
7781 5
7782 4
7783 0
7784 3
7785 4
7786 1
7787 3
7788 2
7789 5
7790 5
7791 4
7792 4
7793 3
7794 1
7795 3
7796 3
7797 1
7798 2
7799 3
7800 5
7801 0
7802 5
7803 5
7804 2
7805 1
7806 4
7807 1
7808 4
7809 1
7810 4
7811 3
7812 0
7813 1
7814 5
7815 2
7816 4
7817 5
7818 5
7819 1
7820 4
7821 1
7822 1
7823 3
7824 3
7825 5
7826 3
7827 1
7828 1
7829 1
7830 3
7831 0
7832 4
7833 4
7834 3
7835 4
7836 3
7837 4
7838 2
7839 0
7840 0
7841 4
7842 2
7843 5
7844 2
7845 0
7846 3
7847 3
7848 4
7849 4
7850 4
7851 4
7852 2
7853 5
7854 5
7855 2
7856 2
7857 3
7858 5
7859 4
7860 1
7861 3
7862 3
7863 5
7864 1
7865 5
7866 1
7867 0
7868 1
7869 1
7870 1
7871 1
7872 0
7873 0
7874 5
7875 1
7876 2
7877 4
7878 1
7879 0
7880 1
7881 1
7882 3
7883 0
7884 3
7885 0
7886 2
7887 2
7888 5
7889 5
7890 1
7891 2
7892 1
7893 1
7894 3
7895 4
7896 1
7897 1
7898 4
7899 4
7900 2
7901 5
7902 4
7903 5
7904 5
7905 5
7906 5
7907 1
7908 3
7909 1
7910 5
7911 4
7912 1
7913 4
7914 1
7915 5
7916 2
7917 5
7918 5
7919 2
7920 0
7921 0
7922 1
7923 1
7924 0
7925 5
7926 2
7927 1
7928 4
7929 4
7930 4
7931 4
7932 4
7933 3
7934 1
7935 5
7936 5
7937 0
7938 2
7939 5
7940 0
7941 4
7942 4
7943 0
7944 1
7945 2
7946 2
7947 3
7948 4
7949 1
7950 3
7951 3
7952 4
7953 4
7954 1
7955 4
7956 3
7957 4
7958 1
7959 3
7960 4
7961 3
7962 0
7963 1
7964 4
7965 5
7966 4
7967 2
7968 3
7969 1
7970 1
7971 3
7972 2
7973 4
7974 3
7975 1
7976 1
7977 4
7978 0
7979 4
7980 0
7981 5
7982 3
7983 1
7984 3
7985 1
7986 5
7987 1
7988 1
7989 3
7990 1
7991 3
7992 3
7993 1
7994 4
7995 3
7996 4
7997 0
7998 4
7999 1
8000 3
8001 1
8002 0
8003 5
8004 4
8005 1
8006 3
8007 1
8008 1
8009 1
8010 5
8011 3
8012 1
8013 0
8014 5
8015 1
8016 1
8017 3
8018 4
8019 3
8020 0
8021 2
8022 3
8023 5
8024 0
8025 4
8026 2
8027 4
8028 2
8029 5
8030 5
8031 4
8032 3
8033 1
8034 3
8035 2
8036 4
8037 3
8038 2
8039 0
8040 5
8041 1
8042 2
8043 3
8044 5
8045 1
8046 3
8047 5
8048 1
8049 5
8050 3
8051 1
8052 5
8053 5
8054 3
8055 1
8056 4
8057 1
8058 3
8059 1
8060 4
8061 3
8062 3
8063 0
8064 0
8065 2
8066 1
8067 2
8068 3
8069 2
8070 5
8071 0
8072 3
8073 0
8074 4
8075 2
8076 0
8077 2
8078 1
8079 0
8080 3
8081 5
8082 4
8083 4
8084 0
8085 2
8086 3
8087 3
8088 0
8089 2
8090 4
8091 4
8092 2
8093 4
8094 5
8095 3
8096 5
8097 2
8098 3
8099 1
8100 4
8101 0
8102 1
8103 0
8104 1
8105 1
8106 3
8107 2
8108 2
8109 0
8110 0
8111 3
8112 4
8113 3
8114 1
8115 4
8116 4
8117 3
8118 3
8119 1
8120 1
8121 0
8122 2
8123 3
8124 2
8125 3
8126 2
8127 1
8128 3
8129 1
8130 2
8131 4
8132 3
8133 4
8134 2
8135 3
8136 4
8137 5
8138 3
8139 2
8140 3
8141 2
8142 2
8143 3
8144 5
8145 3
8146 4
8147 0
8148 3
8149 1
8150 1
8151 1
8152 5
8153 3
8154 1
8155 5
8156 0
8157 3
8158 3
8159 4
8160 4
8161 3
8162 5
8163 3
8164 0
8165 3
8166 2
8167 3
8168 1
8169 3
8170 3
8171 0
8172 4
8173 5
8174 1
8175 2
8176 5
8177 3
8178 4
8179 2
8180 2
8181 4
8182 0
8183 1
8184 5
8185 1
8186 1
8187 4
8188 5
8189 3
8190 2
8191 0
8192 3
8193 2
8194 1
8195 0
8196 2
8197 1
8198 4
8199 1
8200 5
8201 3
8202 3
8203 5
8204 2
8205 5
8206 5
8207 3
8208 5
8209 4
8210 0
8211 1
8212 1
8213 2
8214 1
8215 3
8216 5
8217 3
8218 3
8219 4
8220 1
8221 0
8222 1
8223 1
8224 5
8225 5
8226 4
8227 3
8228 0
8229 2
8230 5
8231 0
8232 4
8233 3
8234 0
8235 1
8236 4
8237 1
8238 5
8239 4
8240 5
8241 4
8242 1
8243 5
8244 2
8245 1
8246 1
8247 1
8248 2
8249 4
8250 4
8251 5
8252 4
8253 1
8254 4
8255 1
8256 0
8257 4
8258 1
8259 2
8260 5
8261 3
8262 4
8263 5
8264 4
8265 3
8266 2
8267 4
8268 4
8269 3
8270 1
8271 0
8272 3
8273 4
8274 5
8275 3
8276 3
8277 1
8278 0
8279 1
8280 3
8281 3
8282 3
8283 2
8284 1
8285 0
8286 3
8287 3
8288 2
8289 3
8290 3
8291 4
8292 2
8293 4
8294 3
8295 3
8296 4
8297 5
8298 0
8299 3
8300 4
8301 4
8302 0
8303 1
8304 3
8305 4
8306 2
8307 3
8308 4
8309 3
8310 5
8311 2
8312 1
8313 3
8314 3
8315 5
8316 2
8317 1
8318 1
8319 2
8320 4
8321 1
8322 2
8323 5
8324 5
8325 3
8326 1
8327 1
8328 3
8329 3
8330 4
8331 3
8332 1
8333 3
8334 5
8335 2
8336 2
8337 1
8338 5
8339 3
8340 1
8341 2
8342 3
8343 1
8344 2
8345 1
8346 3
8347 3
8348 1
8349 3
8350 1
8351 5
8352 4
8353 1
8354 3
8355 1
8356 4
8357 1
8358 5
8359 1
8360 5
8361 1
8362 1
8363 4
8364 2
8365 1
8366 4
8367 4
8368 4
8369 2
8370 3
8371 3
8372 5
8373 4
8374 4
8375 3
8376 0
8377 4
8378 1
8379 2
8380 3
8381 1
8382 0
8383 1
8384 2
8385 4
8386 5
8387 2
8388 3
8389 5
8390 0
8391 2
8392 4
8393 5
8394 4
8395 4
8396 2
8397 4
8398 1
8399 2
8400 4
8401 1
8402 4
8403 4
8404 4
8405 3
8406 3
8407 1
8408 4
8409 4
8410 3
8411 1
8412 2
8413 5
8414 0
8415 0
8416 5
8417 4
8418 2
8419 0
8420 4
8421 3
8422 1
8423 4
8424 5
8425 3
8426 2
8427 4
8428 2
8429 1
8430 3
8431 5
8432 1
8433 5
8434 4
8435 1
8436 0
8437 1
8438 2
8439 5
8440 4
8441 0
8442 5
8443 4
8444 1
8445 0
8446 3
8447 4
8448 5
8449 3
8450 2
8451 1
8452 1
8453 1
8454 4
8455 2
8456 1
8457 1
8458 1
8459 5
8460 1
8461 5
8462 3
8463 1
8464 5
8465 5
8466 2
8467 2
8468 4
8469 4
8470 2
8471 1
8472 3
8473 3
8474 5
8475 0
8476 3
8477 1
8478 0
8479 3
8480 1
8481 4
8482 0
8483 1
8484 1
8485 0
8486 4
8487 5
8488 5
8489 1
8490 5
8491 1
8492 3
8493 1
8494 0
8495 0
8496 1
8497 2
8498 5
8499 3
8500 1
8501 5
8502 4
8503 4
8504 2
8505 5
8506 4
8507 0
8508 5
8509 0
8510 1
8511 1
8512 0
8513 1
8514 4
8515 5
8516 1
8517 4
8518 1
8519 3
8520 1
8521 0
8522 1
8523 1
8524 2
8525 5
8526 2
8527 3
8528 1
8529 5
8530 2
8531 5
8532 5
8533 2
8534 1
8535 3
8536 5
8537 3
8538 2
8539 0
8540 4
8541 3
8542 1
8543 3
8544 3
8545 5
8546 5
8547 0
8548 1
8549 5
8550 3
8551 3
8552 4
8553 5
8554 4
8555 5
8556 3
8557 5
8558 3
8559 5
8560 4
8561 1
8562 3
8563 4
8564 4
8565 0
8566 1
8567 0
8568 4
8569 1
8570 5
8571 0
8572 0
8573 0
8574 1
8575 5
8576 2
8577 4
8578 1
8579 4
8580 1
8581 1
8582 3
8583 3
8584 4
8585 3
8586 5
8587 2
8588 3
8589 1
8590 0
8591 4
8592 4
8593 1
8594 2
8595 1
8596 4
8597 2
8598 1
8599 1
8600 1
8601 1
8602 3
8603 5
8604 3
8605 3
8606 3
8607 1
8608 2
8609 2
8610 5
8611 3
8612 1
8613 3
8614 5
8615 4
8616 3
8617 4
8618 3
8619 1
8620 3
8621 4
8622 5
8623 2
8624 1
8625 3
8626 1
8627 1
8628 2
8629 1
8630 1
8631 4
8632 1
8633 0
8634 3
8635 3
8636 1
8637 3
8638 3
8639 4
8640 4
8641 3
8642 1
8643 3
8644 4
8645 0
8646 3
8647 3
8648 1
8649 5
8650 1
8651 1
8652 3
8653 5
8654 4
8655 4
8656 4
8657 1
8658 5
8659 3
8660 3
8661 4
8662 3
8663 2
8664 0
8665 3
8666 0
8667 3
8668 4
8669 4
8670 2
8671 2
8672 4
8673 3
8674 2
8675 0
8676 4
8677 3
8678 3
8679 2
8680 5
8681 2
8682 1
8683 4
8684 5
8685 1
8686 3
8687 1
8688 4
8689 0
8690 3
8691 1
8692 4
8693 0
8694 3
8695 4
8696 4
8697 2
8698 1
8699 1
8700 1
8701 3
8702 1
8703 4
8704 4
8705 3
8706 4
8707 3
8708 5
8709 2
8710 4
8711 3
8712 5
8713 5
8714 4
8715 4
8716 5
8717 0
8718 3
8719 4
8720 1
8721 3
8722 3
8723 3
8724 4
8725 0
8726 1
8727 3
8728 3
8729 4
8730 5
8731 5
8732 4
8733 1
8734 3
8735 3
8736 1
8737 3
8738 0
8739 3
8740 2
8741 2
8742 3
8743 1
8744 3
8745 3
8746 2
8747 4
8748 3
8749 4
8750 5
8751 0
8752 5
8753 1
8754 1
8755 4
8756 1
8757 3
8758 3
8759 1
8760 1
8761 4
8762 4
8763 5
8764 3
8765 3
8766 3
8767 0
8768 5
8769 4
8770 2
8771 3
8772 4
8773 0
8774 1
8775 1
8776 3
8777 0
8778 4
8779 3
8780 5
8781 3
8782 2
8783 1
8784 2
8785 3
8786 1
8787 3
8788 3
8789 4
8790 5
8791 1
8792 2
8793 1
8794 5
8795 5
8796 5
8797 1
8798 4
8799 2
8800 3
8801 5
8802 1
8803 3
8804 1
8805 4
8806 4
8807 5
8808 3
8809 3
8810 1
8811 4
8812 3
8813 3
8814 5
8815 5
8816 4
8817 1
8818 2
8819 5
8820 1
8821 0
8822 4
8823 3
8824 3
8825 3
8826 5
8827 0
8828 0
8829 2
8830 5
8831 5
8832 0
8833 3
8834 1
8835 1
8836 1
8837 4
8838 1
8839 3
8840 2
8841 1
8842 1
8843 0
8844 5
8845 1
8846 4
8847 1
8848 5
8849 4
8850 1
8851 2
8852 4
8853 4
8854 4
8855 1
8856 2
8857 2
8858 4
8859 1
8860 5
8861 1
8862 5
8863 2
8864 5
8865 0
8866 3
8867 2
8868 1
8869 2
8870 2
8871 4
8872 3
8873 3
8874 1
8875 2
8876 2
8877 4
8878 3
8879 4
8880 1
8881 0
8882 0
8883 1
8884 5
8885 1
8886 3
8887 3
8888 3
8889 4
8890 5
8891 1
8892 3
8893 0
8894 5
8895 2
8896 4
8897 1
8898 1
8899 3
8900 4
8901 5
8902 4
8903 5
8904 1
8905 1
8906 3
8907 1
8908 1
8909 1
8910 3
8911 5
8912 1
8913 4
8914 3
8915 3
8916 4
8917 1
8918 3
8919 0
8920 3
8921 5
8922 5
8923 5
8924 3
8925 3
8926 4
8927 3
8928 5
8929 2
8930 4
8931 1
8932 5
8933 5
8934 5
8935 5
8936 2
8937 3
8938 0
8939 4
8940 2
8941 2
8942 4
8943 2
8944 3
8945 1
8946 1
8947 4
8948 2
8949 1
8950 3
8951 3
8952 2
8953 0
8954 4
8955 3
8956 2
8957 3
8958 2
8959 3
8960 4
8961 4
8962 1
8963 1
8964 2
8965 0
8966 0
8967 1
8968 3
8969 2
8970 3
8971 4
8972 2
8973 1
8974 1
8975 1
8976 0
8977 1
8978 5
8979 3
8980 0
8981 1
8982 4
8983 0
8984 3
8985 4
8986 3
8987 3
8988 5
8989 3
8990 3
8991 3
8992 5
8993 1
8994 0
8995 3
8996 2
8997 2
8998 3
8999 1
9000 3
9001 4
9002 1
9003 3
9004 0
9005 3
9006 3
9007 0
9008 3
9009 4
9010 3
9011 4
9012 3
9013 3
9014 1
9015 1
9016 2
9017 5
9018 1
9019 0
9020 1
9021 2
9022 4
9023 0
9024 5
9025 4
9026 3
9027 0
9028 5
9029 1
9030 4
9031 0
9032 1
9033 1
9034 2
9035 3
9036 5
9037 2
9038 5
9039 1
9040 5
9041 5
9042 1
9043 4
9044 4
9045 1
9046 1
9047 5
9048 3
9049 3
9050 5
9051 1
9052 4
9053 4
9054 4
9055 4
9056 2
9057 2
9058 3
9059 5
9060 3
9061 4
9062 5
9063 4
9064 4
9065 5
9066 5
9067 3
9068 1
9069 3
9070 4
9071 3
9072 1
9073 0
9074 0
9075 0
9076 1
9077 4
9078 0
9079 1
9080 4
9081 4
9082 1
9083 4
9084 4
9085 1
9086 4
9087 5
9088 2
9089 1
9090 5
9091 3
9092 4
9093 4
9094 3
9095 1
9096 1
9097 0
9098 4
9099 2
9100 1
9101 4
9102 4
9103 5
9104 5
9105 4
9106 0
9107 0
9108 1
9109 1
9110 4
9111 5
9112 2
9113 5
9114 1
9115 1
9116 0
9117 2
9118 0
9119 2
9120 0
9121 4
9122 1
9123 4
9124 3
9125 0
9126 5
9127 3
9128 3
9129 3
9130 5
9131 1
9132 2
9133 5
9134 3
9135 4
9136 5
9137 2
9138 0
9139 5
9140 3
9141 3
9142 1
9143 5
9144 4
9145 1
9146 0
9147 0
9148 0
9149 5
9150 3
9151 3
9152 0
9153 0
9154 4
9155 1
9156 1
9157 1
9158 3
9159 5
9160 1
9161 1
9162 1
9163 2
9164 5
9165 5
9166 0
9167 3
9168 5
9169 3
9170 4
9171 3
9172 3
9173 3
9174 3
9175 4
9176 3
9177 1
9178 1
9179 1
9180 5
9181 3
9182 4
9183 2
9184 2
9185 3
9186 1
9187 1
9188 5
9189 4
9190 1
9191 1
9192 1
9193 3
9194 1
9195 2
9196 0
9197 0
9198 1
9199 1
9200 0
9201 5
9202 5
9203 5
9204 2
9205 5
9206 2
9207 4
9208 4
9209 3
9210 4
9211 1
9212 0
9213 2
9214 4
9215 2
9216 3
9217 3
9218 2
9219 2
9220 4
9221 3
9222 3
9223 1
9224 1
9225 3
9226 3
9227 3
9228 3
9229 5
9230 4
9231 2
9232 5
9233 5
9234 4
9235 3
9236 3
9237 3
9238 5
9239 2
9240 3
9241 4
9242 0
9243 3
9244 5
9245 2
9246 3
9247 5
9248 2
9249 3
9250 3
9251 3
9252 1
9253 4
9254 4
9255 4
9256 2
9257 5
9258 4
9259 1
9260 3
9261 3
9262 5
9263 3
9264 5
9265 0
9266 4
9267 3
9268 3
9269 4
9270 5
9271 0
9272 4
9273 0
9274 0
9275 1
9276 4
9277 2
9278 0
9279 3
9280 1
9281 1
9282 3
9283 3
9284 2
9285 5
9286 3
9287 5
9288 2
9289 2
9290 3
9291 3
9292 3
9293 3
9294 3
9295 1
9296 3
9297 5
9298 1
9299 1
9300 3
9301 1
9302 3
9303 4
9304 3
9305 3
9306 1
9307 4
9308 5
9309 4
9310 4
9311 1
9312 1
9313 5
9314 1
9315 5
9316 1
9317 3
9318 1
9319 1
9320 4
9321 4
9322 3
9323 5
9324 3
9325 0
9326 1
9327 2
9328 0
9329 1
9330 1
9331 3
9332 1
9333 0
9334 5
9335 1
9336 2
9337 3
9338 1
9339 3
9340 3
9341 5
9342 0
9343 2
9344 5
9345 1
9346 1
9347 0
9348 4
9349 0
9350 1
9351 5
9352 4
9353 3
9354 1
9355 3
9356 0
9357 2
9358 3
9359 0
9360 4
9361 3
9362 3
9363 5
9364 1
9365 5
9366 4
9367 5
9368 1
9369 1
9370 0
9371 4
9372 0
9373 2
9374 4
9375 4
9376 5
9377 5
9378 5
9379 5
9380 2
9381 2
9382 5
9383 1
9384 5
9385 3
9386 5
9387 1
9388 2
9389 5
9390 5
9391 3
9392 2
9393 3
9394 2
9395 4
9396 1
9397 4
9398 0
9399 2
9400 2
9401 1
9402 3
9403 4
9404 0
9405 5
9406 3
9407 0
9408 4
9409 4
9410 3
9411 2
9412 3
9413 1
9414 1
9415 0
9416 4
9417 0
9418 3
9419 1
9420 0
9421 3
9422 5
9423 1
9424 1
9425 4
9426 2
9427 4
9428 2
9429 0
9430 1
9431 0
9432 1
9433 2
9434 0
9435 4
9436 3
9437 3
9438 2
9439 3
9440 1
9441 2
9442 3
9443 4
9444 3
9445 1
9446 2
9447 2
9448 4
9449 4
9450 5
9451 4
9452 3
9453 2
9454 3
9455 2
9456 4
9457 1
9458 1
9459 2
9460 5
9461 1
9462 3
9463 0
9464 0
9465 5
9466 4
9467 0
9468 2
9469 5
9470 5
9471 3
9472 5
9473 2
9474 5
9475 1
9476 3
9477 1
9478 4
9479 2
9480 3
9481 3
9482 3
9483 1
9484 3
9485 5
9486 3
9487 2
9488 3
9489 4
9490 3
9491 4
9492 3
9493 4
9494 4
9495 4
9496 1
9497 0
9498 3
9499 4
9500 4
9501 5
9502 3
9503 1
9504 3
9505 0
9506 5
9507 4
9508 3
9509 1
9510 2
9511 4
9512 5
9513 3
9514 1
9515 1
9516 4
9517 2
9518 5
9519 3
9520 4
9521 3
9522 4
9523 3
9524 2
9525 4
9526 1
9527 5
9528 3
9529 3
9530 4
9531 3
9532 5
9533 4
9534 0
9535 3
9536 5
9537 0
9538 4
9539 1
9540 4
9541 3
9542 5
9543 5
9544 5
9545 3
9546 5
9547 0
9548 5
9549 1
9550 4
9551 0
9552 1
9553 0
9554 5
9555 3
9556 2
9557 1
9558 1
9559 0
9560 1
9561 4
9562 3
9563 5
9564 3
9565 3
9566 2
9567 4
9568 3
9569 1
9570 1
9571 3
9572 4
9573 3
9574 5
9575 2
9576 5
9577 5
9578 5
9579 1
9580 1
9581 1
9582 4
9583 3
9584 5
9585 3
9586 0
9587 5
9588 5
9589 4
9590 5
9591 3
9592 3
9593 0
9594 4
9595 1
9596 5
9597 1
9598 0
9599 4
9600 0
9601 3
9602 1
9603 1
9604 5
9605 3
9606 4
9607 4
9608 5
9609 5
9610 5
9611 4
9612 1
9613 3
9614 3
9615 0
9616 5
9617 3
9618 3
9619 1
9620 5
9621 5
9622 5
9623 4
9624 4
9625 3
9626 2
9627 0
9628 0
9629 2
9630 0
9631 2
9632 1
9633 1
9634 5
9635 3
9636 5
9637 1
9638 3
9639 4
9640 3
9641 4
9642 3
9643 3
9644 3
9645 5
9646 4
9647 3
9648 5
9649 5
9650 3
9651 2
9652 3
9653 1
9654 3
9655 0
9656 1
9657 1
9658 2
9659 1
9660 2
9661 2
9662 3
9663 5
9664 3
9665 3
9666 5
9667 3
9668 3
9669 1
9670 2
9671 2
9672 5
9673 0
9674 0
9675 1
9676 3
9677 0
9678 2
9679 1
9680 0
9681 1
9682 5
9683 0
9684 1
9685 1
9686 4
9687 3
9688 0
9689 4
9690 4
9691 4
9692 1
9693 5
9694 4
9695 1
9696 1
9697 5
9698 2
9699 5
9700 3
9701 5
9702 5
9703 4
9704 5
9705 3
9706 2
9707 3
9708 4
9709 5
9710 5
9711 1
9712 1
9713 0
9714 4
9715 3
9716 1
9717 4
9718 0
9719 1
9720 2
9721 0
9722 0
9723 3
9724 4
9725 3
9726 2
9727 1
9728 4
9729 3
9730 3
9731 4
9732 3
9733 1
9734 1
9735 0
9736 3
9737 4
9738 3
9739 2
9740 0
9741 1
9742 3
9743 0
9744 1
9745 1
9746 1
9747 1
9748 3
9749 5
9750 1
9751 1
9752 3
9753 1
9754 5
9755 3
9756 1
9757 0
9758 4
9759 0
9760 5
9761 0
9762 3
9763 4
9764 3
9765 1
9766 1
9767 1
9768 4
9769 1
9770 5
9771 3
9772 1
9773 1
9774 1
9775 1
9776 1
9777 0
9778 4
9779 3
9780 2
9781 0
9782 4
9783 3
9784 0
9785 3
9786 0
9787 2
9788 5
9789 0
9790 3
9791 2
9792 1
9793 3
9794 3
9795 3
9796 4
9797 3
9798 3
9799 0
9800 2
9801 3
9802 1
9803 1
9804 0
9805 4
9806 5
9807 3
9808 2
9809 0
9810 2
9811 2
9812 5
9813 4
9814 0
9815 5
9816 2
9817 1
9818 4
9819 0
9820 3
9821 1
9822 4
9823 5
9824 1
9825 1
9826 2
9827 3
9828 2
9829 4
9830 5
9831 2
9832 2
9833 3
9834 5
9835 1
9836 2
9837 2
9838 1
9839 0
9840 2
9841 1
9842 3
9843 3
9844 1
9845 4
9846 5
9847 5
9848 1
9849 1
9850 4
9851 4
9852 5
9853 4
9854 1
9855 1
9856 1
9857 4
9858 4
9859 5
9860 5
9861 1
9862 2
9863 1
9864 1
9865 2
9866 2
9867 3
9868 1
9869 3
9870 3
9871 3
9872 4
9873 3
9874 3
9875 5
9876 1
9877 5
9878 3
9879 4
9880 4
9881 1
9882 3
9883 4
9884 1
9885 1
9886 4
9887 4
9888 3
9889 4
9890 4
9891 1
9892 0
9893 3
9894 2
9895 3
9896 4
9897 1
9898 5
9899 4
9900 2
9901 4
9902 4
9903 1
9904 1
9905 1
9906 5
9907 0
9908 4
9909 1
9910 2
9911 0
9912 1
9913 1
9914 1
9915 1
9916 1
9917 3
9918 5
9919 4
9920 5
9921 1
9922 4
9923 3
9924 4
9925 5
9926 4
9927 1
9928 2
9929 5
9930 1
9931 0
9932 3
9933 4
9934 2
9935 0
9936 1
9937 4
9938 3
9939 3
9940 1
9941 4
9942 3
9943 1
9944 5
9945 5
9946 4
9947 1
9948 4
9949 5
9950 2
9951 1
9952 1
9953 1
9954 3
9955 4
9956 1
9957 5
9958 3
9959 1
9960 1
9961 4
9962 0
9963 2
9964 4
9965 3
9966 5
9967 1
9968 3
9969 3
9970 2
9971 4
9972 0
9973 5
9974 4
9975 1
9976 4
9977 1
9978 4
9979 1
9980 1
9981 5
9982 2
9983 5
9984 3
9985 1
9986 4
9987 4
9988 3
9989 5
9990 4
9991 3
9992 5
9993 4
9994 3
9995 4
9996 5
9997 4
9998 3
9999 5
