245
0 8
1 8
2 8
3 8
4 8
5 8
6 8
7 11
8 0
9 0
10 0
11 11
12 0
13 8
14 0
15 0
16 0
17 6
18 6
19 0
20 0
21 8
22 8
23 0
24 0
25 8
26 4
27 4
28 6
29 8
30 8
31 10
32 10
33 0
34 4
35 8
36 8
37 0
38 0
39 0
40 0
41 4
42 6
43 8
44 8
45 8
46 8
47 11
48 0
49 7
50 4
51 11
52 0
53 5
54 7
55 5
56 11
57 8
58 2
59 7
60 4
61 0
62 8
63 6
64 0
65 10
66 11
67 9
68 7
69 4
70 8
71 7
72 9
73 0
74 0
75 0
76 10
77 0
78 0
79 9
80 11
81 6
82 2
83 8
84 4
85 0
86 0
87 8
88 8
89 11
90 8
91 8
92 8
93 8
94 11
95 10
96 0
97 0
98 8
99 10
100 10
101 11
102 0
103 7
104 5
105 8
106 5
107 0
108 0
109 8
110 2
111 2
112 8
113 0
114 3
115 9
116 8
117 4
118 8
119 4
120 0
121 8
122 10
123 11
124 4
125 8
126 0
127 4
128 8
129 10
130 4
131 8
132 0
133 0
134 0
135 0
136 10
137 10
138 6
139 8
140 11
141 11
142 11
143 8
144 11
145 8
146 2
147 0
148 4
149 0
150 9
151 9
152 0
153 0
154 8
155 8
156 0
157 8
158 8
159 6
160 8
161 8
162 11
163 10
164 0
165 0
166 0
167 11
168 0
169 5
170 5
171 9
172 11
173 4
174 11
175 0
176 0
177 10
178 10
179 0
180 0
181 4
182 4
183 4
184 0
185 0
186 0
187 0
188 11
189 0
190 9
191 0
192 0
193 4
194 8
195 0
196 0
197 10
198 4
199 0
200 0
201 8
202 0
203 4
204 0
205 4
206 4
207 10
208 4
209 4
210 8
211 2
212 8
213 8
214 4
215 0
216 0
217 0
218 11
219 11
220 8
221 4
222 0
223 11
224 0
225 9
226 8
227 0
228 1
229 1
230 10
231 10
232 0
233 7
234 0
235 9
236 2
237 4
238 9
239 8
240 4
241 4
242 10
243 11
244 7
245 8
246 8
247 8
248 7
249 0
250 8
251 9
252 0
253 11
254 8
255 9
256 4
257 0
258 9
259 9
260 7
261 0
262 2
263 8
264 4
265 2
266 9
267 4
268 11
269 0
270 4
271 2
272 2
273 8
274 0
275 11
276 9
277 7
278 7
279 0
280 2
281 10
282 9
283 8
284 9
285 8
286 9
287 4
288 9
289 8
290 2
291 2
292 7
293 4
294 4
295 4
296 9
297 4
298 0
299 0
300 8
301 4
302 4
303 0
304 2
305 2
306 6
307 2
308 9
309 8
310 0
311 8
312 0
313 11
314 9
315 0
316 7
317 11
318 0
319 8
320 0
321 4
322 11
323 4
324 4
325 7
326 9
327 5
328 4
329 0
330 6
331 2
332 7
333 9
334 0
335 4
336 11
337 0
338 9
339 0
340 6
341 9
342 0
343 4
344 11
345 11
346 0
347 0
348 0
349 0
350 9
351 2
352 6
353 0
354 4
355 11
356 7
357 11
358 9
359 0
360 10
361 9
362 9
363 9
364 0
365 11
366 11
367 0
368 8
369 9
370 2
371 9
372 11
373 8
374 9
375 6
376 2
377 0
378 4
379 10
380 5
381 0
382 0
383 0
384 8
385 0
386 0
387 2
388 9
389 6
390 9
391 0
392 5
393 5
394 11
395 0
396 8
397 0
398 0
399 0
400 10
401 2
402 7
403 8
404 2
405 4
406 0
407 2
408 4
409 0
410 0
411 0
412 7
413 0
414 11
415 8
416 0
417 11
418 0
419 0
420 10
421 9
422 0
423 9
424 11
425 8
426 8
427 0
428 9
429 10
430 0
431 11
432 6
433 6
434 2
435 0
436 9
437 2
438 2
439 2
440 0
441 11
442 6
443 0
444 4
445 6
446 11
447 9
448 9
449 7
450 6
451 0
452 8
453 9
454 11
455 4
456 10
457 11
458 0
459 9
460 9
461 7
462 9
463 0
464 4
465 0
466 9
467 0
468 0
469 8
470 8
471 2
472 4
473 11
474 0
475 0
476 8
477 6
478 11
479 0
480 0
481 9
482 0
483 9
484 9
485 9
486 9
487 4
488 0
489 5
490 0
491 7
492 4
493 9
494 9
495 9
496 2
497 9
498 0
499 0
500 9
501 0
502 4
503 6
504 11
505 0
506 11
507 6
508 9
509 9
510 7
511 8
512 2
513 2
514 0
515 8
516 2
517 11
518 0
519 2
520 2
521 2
522 5
523 5
524 8
525 8
526 4
527 0
528 0
529 10
530 9
531 9
532 11
533 0
534 2
535 9
536 10
537 2
538 9
539 2
540 0
541 4
542 11
543 7
544 2
545 9
546 11
547 4
548 9
549 4
550 2
551 0
552 4
553 4
554 2
555 0
556 11
557 4
558 4
559 4
560 0
561 2
562 5
563 8
564 5
565 0
566 4
567 9
568 4
569 2
570 4
571 0
572 4
573 8
574 11
575 11
576 5
577 6
578 11
579 8
580 5
581 5
582 2
583 8
584 6
585 2
586 2
587 2
588 2
589 2
590 8
591 2
592 0
593 0
594 0
595 7
596 8
597 4
598 0
599 9
600 6
601 9
602 0
603 0
604 7
605 4
606 0
607 9
608 9
609 7
610 7
611 0
612 0
613 8
614 9
615 2
616 7
617 8
618 0
619 4
620 7
621 2
622 2
623 0
624 3
625 2
626 2
627 0
628 5
629 3
630 3
631 2
632 3
633 2
634 11
635 2
636 11
637 11
638 9
639 11
640 2
641 11
642 11
643 11
644 11
645 11
646 2
647 2
648 2
649 11
650 11
651 4
652 2
653 7
654 3
655 3
656 6
657 9
658 7
659 11
660 2
661 3
662 2
663 3
664 3
665 2
666 9
667 3
668 7
669 3
670 3
671 3
672 4
673 5
674 0
675 2
676 7
677 11
678 8
679 2
680 2
681 11
682 5
683 9
684 4
685 7
686 4
687 7
688 11
689 7
690 11
691 2
692 2
693 2
694 2
695 2
696 11
697 9
698 7
699 7
700 7
701 4
702 8
703 7
704 0
705 9
706 0
707 11
708 11
709 7
710 11
711 11
712 9
713 9
714 9
715 9
716 9
717 9
718 11
719 8
720 2
721 0
722 2
723 5
724 11
725 7
726 9
727 11
728 11
729 11
730 11
731 7
732 11
733 7
734 11
735 7
736 2
737 5
738 2
739 9
740 11
741 7
742 0
743 11
744 2
745 0
746 8
747 9
748 11
749 9
750 9
751 7
752 11
753 2
754 2
755 4
756 4
757 11
758 2
759 4
760 9
761 2
762 4
763 10
764 9
765 9
766 8
767 7
768 9
769 7
770 11
771 7
772 10
773 7
774 3
775 10
776 2
777 2
778 5
779 0
780 7
781 7
782 6
783 9
784 6
785 6
786 8
787 11
788 2
789 0
790 5
791 11
792 6
793 4
794 2
795 8
796 7
797 9
798 9
799 9
800 0
801 11
802 0
803 2
804 0
805 6
806 0
807 11
808 4
809 11
810 0
811 11
812 10
813 9
814 9
815 2
816 7
817 10
818 0
819 9
820 0
821 9
822 9
823 6
824 0
825 9
826 4
827 10
828 0
829 9
830 9
831 0
832 8
833 11
834 7
835 4
836 11
837 11
838 11
839 9
840 7
841 4
842 11
843 0
844 11
845 8
846 8
847 7
848 2
849 6
850 8
851 6
852 8
853 7
854 10
855 8
856 10
857 7
858 2
859 0
860 7
861 11
862 6
863 9
864 11
865 0
866 2
867 8
868 9
869 5
870 9
871 0
872 8
873 9
874 9
875 4
876 9
877 9
878 8
879 9
880 8
881 9
882 7
883 9
884 11
885 6
886 10
887 0
888 0
889 6
890 0
891 0
892 9
893 0
894 0
895 0
896 0
897 0
898 5
899 0
900 9
901 0
902 11
903 0
904 0
905 8
906 0
907 2
908 0
909 0
910 0
911 9
912 9
913 0
914 9
915 4
916 0
917 11
918 7
919 0
920 9
921 9
922 8
923 7
924 9
925 2
926 9
927 9
928 2
929 2
930 2
931 9
932 6
933 4
934 9
935 4
936 9
937 0
938 10
939 9
940 2
941 7
942 11
943 4
944 3
945 11
946 11
947 0
948 4
949 9
950 11
951 9
952 4
953 4
954 4
955 4
956 6
957 7
958 7
959 7
960 4
961 2
962 7
963 2
964 8
965 11
966 7
967 0
968 9
969 7
970 9
971 9
972 0
973 4
974 0
975 8
976 11
977 4
978 4
979 9
980 9
981 9
982 11
983 11
984 9
985 11
986 11
987 2
988 2
989 9
990 11
991 2
992 9
993 9
994 11
995 8
996 11
997 0
998 9
999 0
1000 0
1001 2
1002 0
1003 4
1004 9
1005 11
1006 11
1007 4
1008 9
1009 9
1010 7
1011 5
1012 4
1013 8
1014 9
1015 6
1016 2
1017 11
1018 2
1019 8
1020 7
1021 8
1022 11
1023 11
1024 6
1025 9
1026 5
1027 9
1028 10
1029 4
1030 11
1031 4
1032 4
1033 11
1034 0
1035 11
1036 11
1037 11
1038 11
1039 10
1040 0
1041 11
1042 9
1043 11
1044 7
1045 8
1046 2
1047 2
1048 9
1049 9
1050 4
1051 11
1052 0
1053 9
1054 5
1055 4
1056 9
1057 11
1058 4
1059 2
1060 7
1061 7
1062 6
1063 6
1064 2
1065 9
1066 7
1067 5
1068 4
1069 4
1070 4
1071 4
1072 11
1073 11
1074 6
1075 6
1076 2
1077 6
1078 6
1079 11
1080 10
1081 6
1082 4
1083 4
1084 4
1085 4
1086 6
1087 6
1088 9
1089 8
1090 4
1091 10
1092 6
1093 11
1094 8
1095 4
1096 9
1097 6
1098 6
1099 7
1100 9
1101 0
1102 9
1103 9
1104 7
1105 11
1106 5
1107 5
1108 11
1109 7
1110 5
1111 0
1112 6
1113 11
1114 2
1115 5
1116 2
1117 11
1118 9
1119 2
1120 11
1121 2
1122 11
1123 11
1124 5
1125 9
1126 9
1127 11
1128 0
1129 0
1130 6
1131 6
1132 6
1133 5
1134 9
1135 6
1136 9
1137 11
1138 5
1139 2
1140 7
1141 7
1142 5
1143 5
1144 5
1145 7
1146 5
1147 5
1148 5
1149 5
1150 5
1151 5
1152 9
1153 9
1154 0
1155 5
1156 5
1157 4
1158 5
1159 6
1160 6
1161 4
1162 9
1163 11
1164 7
1165 11
1166 11
1167 2
1168 11
1169 9
1170 7
1171 2
1172 2
1173 4
1174 0
1175 8
1176 0
1177 4
1178 6
1179 6
1180 7
1181 9
1182 6
1183 11
1184 2
1185 9
1186 6
1187 5
1188 9
1189 5
1190 0
1191 8
1192 2
1193 8
1194 11
1195 7
1196 0
1197 0
1198 9
1199 8
1200 2
1201 2
1202 9
1203 2
1204 9
1205 0
1206 6
1207 11
1208 7
1209 5
1210 4
1211 5
1212 9
1213 6
1214 7
1215 4
1216 4
1217 8
1218 9
1219 2
1220 6
1221 9
1222 10
1223 9
1224 6
1225 2
1226 7
1227 2
1228 4
1229 6
1230 11
1231 10
1232 8
1233 11
1234 11
1235 9
1236 11
1237 9
1238 6
1239 4
1240 9
1241 0
1242 4
1243 7
1244 7
1245 11
1246 11
1247 7
1248 8
1249 2
1250 11
1251 11
1252 7
1253 11
1254 11
1255 9
1256 7
1257 0
1258 9
1259 11
1260 11
1261 4
1262 9
1263 7
1264 0
1265 4
1266 6
1267 11
1268 10
1269 6
1270 8
1271 7
1272 0
1273 9
1274 7
1275 5
1276 11
1277 8
1278 7
1279 7
1280 7
1281 8
1282 11
1283 6
1284 0
1285 11
1286 7
1287 4
1288 9
1289 7
1290 7
1291 4
1292 9
1293 4
1294 2
1295 7
1296 11
1297 2
1298 8
1299 11
1300 10
1301 11
1302 4
1303 7
1304 9
1305 6
1306 4
1307 4
1308 4
1309 11
1310 9
1311 4
1312 11
1313 9
1314 11
1315 10
1316 7
1317 7
1318 11
1319 9
1320 10
1321 7
1322 0
1323 7
1324 11
1325 11
1326 10
1327 9
1328 8
1329 11
1330 2
1331 6
1332 5
1333 5
1334 11
1335 7
1336 4
1337 11
1338 11
1339 9
1340 11
1341 11
1342 11
1343 11
1344 7
1345 9
1346 11
1347 6
1348 11
1349 2
1350 7
1351 5
1352 0
1353 4
1354 4
1355 6
1356 4
1357 9
1358 11
1359 6
1360 6
1361 9
1362 8
1363 11
1364 9
1365 9
1366 9
1367 7
1368 9
1369 9
1370 11
1371 10
1372 2
1373 7
1374 4
1375 9
1376 4
1377 4
1378 4
1379 9
1380 9
1381 7
1382 11
1383 9
1384 10
1385 11
1386 11
1387 0
1388 11
1389 6
1390 11
1391 7
1392 11
1393 6
1394 9
1395 0
1396 4
1397 2
1398 11
1399 8
1400 6
1401 11
1402 7
1403 9
1404 8
1405 11
1406 9
1407 8
1408 7
1409 8
1410 8
1411 9
1412 9
1413 7
1414 4
1415 9
1416 9
1417 4
1418 11
1419 11
1420 9
1421 7
1422 4
1423 11
1424 4
1425 9
1426 11
1427 4
1428 7
1429 6
1430 7
1431 0
1432 11
1433 4
1434 6
1435 10
1436 6
1437 0
1438 4
1439 6
1440 9
1441 9
1442 4
1443 2
1444 2
1445 7
1446 11
1447 8
1448 2
1449 0
1450 0
1451 5
1452 0
1453 6
1454 7
1455 10
1456 10
1457 10
1458 10
1459 10
1460 7
1461 9
1462 2
1463 7
1464 7
1465 7
1466 7
1467 11
1468 2
1469 7
1470 7
1471 4
1472 7
1473 4
1474 9
1475 9
1476 4
1477 9
1478 5
1479 0
1480 9
1481 6
1482 6
1483 11
1484 11
1485 0
1486 8
1487 11
1488 9
1489 8
1490 11
1491 11
1492 4
1493 4
1494 6
1495 8
1496 9
1497 4
1498 7
1499 11
1500 11
1501 4
1502 4
1503 5
1504 6
1505 4
1506 2
1507 11
1508 6
1509 4
1510 6
1511 4
1512 9
1513 8
1514 6
1515 5
1516 6
1517 8
1518 10
1519 9
1520 11
1521 11
1522 8
1523 11
1524 9
1525 5
1526 8
1527 7
1528 4
1529 8
1530 9
1531 6
1532 9
1533 4
1534 4
1535 11
1536 4
1537 4
1538 5
1539 6
1540 6
1541 8
1542 10
1543 7
1544 8
1545 10
1546 10
1547 6
1548 4
1549 10
1550 0
1551 9
1552 9
1553 10
1554 0
1555 8
1556 8
1557 8
1558 4
1559 9
1560 8
1561 9
1562 5
1563 4
1564 4
1565 8
1566 11
1567 5
1568 5
1569 11
1570 8
1571 7
1572 11
1573 8
1574 11
1575 4
1576 8
1577 8
1578 9
1579 5
1580 2
1581 5
1582 9
1583 4
1584 5
1585 8
1586 9
1587 2
1588 0
1589 9
1590 8
1591 10
1592 2
1593 4
1594 8
1595 11
1596 8
1597 8
1598 8
1599 0
1600 7
1601 5
1602 6
1603 8
1604 5
1605 11
1606 11
1607 9
1608 8
1609 4
1610 12
1611 12
1612 11
1613 6
1614 0
1615 7
1616 11
1617 5
1618 11
1619 5
1620 4
1621 5
1622 8
1623 11
1624 13
1625 14
1626 15
1627 16
1628 17
1629 18
1630 19
1631 20
1632 21
1633 22
1634 23
1635 24
1636 25
1637 26
1638 27
1639 28
1640 29
1641 30
1642 31
1643 32
1644 33
1645 34
1646 35
1647 36
1648 37
1649 38
1650 39
1651 40
1652 41
1653 42
1654 43
1655 44
1656 45
1657 46
1658 47
1659 48
1660 49
1661 50
1662 51
1663 52
1664 53
1665 54
1666 55
1667 56
1668 57
1669 58
1670 59
1671 60
1672 61
1673 62
1674 63
1675 64
1676 65
1677 66
1678 67
1679 68
1680 69
1681 70
1682 71
1683 72
1684 73
1685 74
1686 75
1687 76
1688 77
1689 78
1690 79
1691 80
1692 81
1693 82
1694 83
1695 84
1696 85
1697 86
1698 87
1699 88
1700 89
1701 90
1702 91
1703 92
1704 93
1705 94
1706 95
1707 96
1708 97
1709 98
1710 99
1711 100
1712 101
1713 102
1714 103
1715 104
1716 105
1717 106
1718 107
1719 108
1720 109
1721 110
1722 111
1723 112
1724 113
1725 114
1726 115
1727 116
1728 117
1729 118
1730 119
1731 120
1732 121
1733 122
1734 123
1735 124
1736 125
1737 126
1738 127
1739 128
1740 129
1741 130
1742 131
1743 132
1744 133
1745 134
1746 135
1747 136
1748 137
1749 138
1750 139
1751 140
1752 141
1753 142
1754 143
1755 144
1756 145
1757 146
1758 147
1759 148
1760 149
1761 150
1762 151
1763 152
1764 153
1765 154
1766 155
1767 156
1768 157
1769 158
1770 159
1771 160
1772 161
1773 162
1774 163
1775 164
1776 165
1777 166
1778 167
1779 168
1780 169
1781 170
1782 171
1783 172
1784 173
1785 174
1786 175
1787 176
1788 177
1789 178
1790 179
1791 180
1792 181
1793 182
1794 183
1795 184
1796 185
1797 186
1798 187
1799 188
1800 189
1801 190
1802 191
1803 192
1804 193
1805 194
1806 195
1807 196
1808 197
1809 198
1810 199
1811 200
1812 201
1813 202
1814 203
1815 204
1816 205
1817 206
1818 207
1819 208
1820 209
1821 210
1822 211
1823 212
1824 213
1825 214
1826 215
1827 216
1828 217
1829 218
1830 219
1831 220
1832 221
1833 222
1834 223
1835 224
1836 225
1837 226
1838 227
1839 228
1840 229
1841 230
1842 231
1843 232
1844 233
1845 234
1846 235
1847 236
1848 237
1849 238
1850 239
1851 240
1852 241
1853 242
1854 243
1855 244
1856 122
1857 123
1858 124
1859 125
1860 126
1861 127
1862 128
1863 129
1864 130
1865 131
1866 132
1867 133
1868 134
1869 135
1870 136
1871 137
1872 138
1873 139
1874 140
1875 141
1876 142
1877 143
1878 144
1879 145
1880 146
1881 147
1882 148
1883 149
1884 150
1885 151
1886 152
1887 153
1888 154
1889 155
1890 156
1891 157
1892 158
1893 159
1894 160
1895 161
1896 162
1897 163
1898 164
