2065
0 0
1 1
2 1022
3 2
4 3
5 838
6 281
7 4
8 5
9 1028
10 1028
11 918
12 176
13 18
14 7
15 8
16 1261
17 9
18 867
19 1870
20 10
21 11
22 1020
23 12
24 13
25 14
26 15
27 1022
28 16
29 1870
30 17
31 84
32 18
33 1230
34 661
35 510
36 19
37 1454
38 20
39 21
40 361
41 1432
42 1338
43 1159
44 184
45 22
46 1575
47 23
48 24
49 61
50 149
51 26
52 27
53 28
54 29
55 1500
56 825
57 1612
58 1575
59 1028
60 30
61 71
62 328
63 1250
64 31
65 1592
66 32
67 1031
68 875
69 635
70 33
71 34
72 35
73 36
74 935
75 37
76 38
77 680
78 39
79 40
80 1023
81 41
82 260
83 724
84 1028
85 42
86 43
87 1575
88 1864
89 176
90 1336
91 44
92 45
93 1980
94 893
95 46
96 47
97 48
98 49
99 50
100 599
101 33
102 741
103 585
104 1764
105 669
106 724
107 51
108 52
109 53
110 1275
111 89
112 54
113 523
114 677
115 1500
116 369
117 89
118 55
119 56
120 184
121 57
122 184
123 1028
124 58
125 1118
126 1108
127 1140
128 59
129 1140
130 355
131 60
132 501
133 1028
134 61
135 1383
136 63
137 1561
138 1028
139 64
140 65
141 66
142 1140
143 67
144 68
145 69
146 70
147 1028
148 71
149 72
150 73
151 74
152 1928
153 75
154 76
155 1159
156 77
157 78
158 79
159 80
160 81
161 1118
162 82
163 83
164 84
165 85
166 86
167 1493
168 87
169 1159
170 88
171 89
172 1488
173 1874
174 90
175 91
176 83
177 1874
178 92
179 93
180 94
181 95
182 96
183 97
184 98
185 99
186 1028
187 100
188 101
189 579
190 1185
191 1028
192 43
193 547
194 605
195 103
196 1071
197 104
198 105
199 106
200 94
201 107
202 108
203 108
204 1117
205 1870
206 109
207 110
208 71
209 111
210 112
211 406
212 1497
213 113
214 1575
215 30
216 344
217 1230
218 114
219 579
220 115
221 116
222 117
223 118
224 119
225 120
226 94
227 406
228 33
229 121
230 1875
231 333
232 122
233 123
234 249
235 1432
236 124
237 1028
238 125
239 126
240 157
241 942
242 1028
243 1159
244 1145
245 1792
246 1406
247 406
248 71
249 127
250 128
251 129
252 130
253 131
254 132
255 1441
256 133
257 1356
258 134
259 741
260 135
261 1159
262 741
263 136
264 137
265 138
266 169
267 1615
268 328
269 139
270 1614
271 140
272 141
273 142
274 161
275 658
276 282
277 34
278 89
279 838
280 510
281 501
282 143
283 352
284 144
285 838
286 145
287 94
288 146
289 89
290 147
291 92
292 148
293 149
294 91
295 1315
296 1521
297 52
298 150
299 151
300 152
301 153
302 154
303 94
304 462
305 155
306 557
307 793
308 1203
309 156
310 741
311 485
312 157
313 952
314 158
315 159
316 1028
317 160
318 1565
319 161
320 162
321 406
322 163
323 164
324 165
325 166
326 167
327 168
328 1908
329 605
330 170
331 171
332 172
333 173
334 174
335 1327
336 1242
337 1047
338 175
339 510
340 176
341 127
342 177
343 93
344 178
345 179
346 180
347 23
348 181
349 182
350 183
351 184
352 185
353 186
354 187
355 188
356 49
357 1406
358 859
359 1028
360 369
361 189
362 190
363 1575
364 191
365 100
366 1012
367 1662
368 193
369 838
370 1342
371 194
372 195
373 196
374 197
375 706
376 1533
377 198
378 199
379 184
380 200
381 201
382 1188
383 1705
384 202
385 203
386 204
387 205
388 657
389 184
390 206
391 207
392 208
393 1122
394 1020
395 1028
396 352
397 209
398 210
399 211
400 925
401 212
402 213
403 853
404 825
405 214
406 215
407 1028
408 1028
409 255
410 893
411 1001
412 352
413 1140
414 216
415 217
416 89
417 94
418 54
419 218
420 219
421 420
422 220
423 221
424 105
425 222
426 523
427 1159
428 1728
429 1746
430 223
431 1940
432 817
433 157
434 224
435 225
436 286
437 1071
438 1728
439 226
440 184
441 1876
442 227
443 1446
444 228
445 1028
446 1716
447 1773
448 229
449 230
450 94
451 989
452 231
453 232
454 724
455 1230
456 233
457 616
458 1426
459 234
460 8
461 172
462 44
463 2035
464 724
465 523
466 235
467 1592
468 150
469 1439
470 236
471 237
472 238
473 239
474 1020
475 240
476 659
477 343
478 1453
479 1870
480 241
481 242
482 243
483 957
484 266
485 244
486 245
487 825
488 246
489 1159
490 247
491 333
492 724
493 659
494 1020
495 1028
496 248
497 249
498 250
499 94
500 251
501 266
502 252
503 253
504 254
505 585
506 1359
507 81
508 598
509 891
510 256
511 1874
512 257
513 1069
514 258
515 259
516 1453
517 260
518 211
519 1020
520 261
521 1020
522 644
523 530
524 262
525 1000
526 548
527 1028
528 263
529 1559
530 33
531 264
532 89
533 265
534 953
535 266
536 267
537 1506
538 1708
539 196
540 268
541 1020
542 925
543 132
544 1700
545 132
546 269
547 1533
548 724
549 881
550 270
551 724
552 217
553 271
554 570
555 272
556 273
557 274
558 1028
559 733
560 275
561 276
562 927
563 277
564 278
565 279
566 280
567 281
568 957
569 1940
570 282
571 1357
572 283
573 1230
574 284
575 1028
576 462
577 285
578 286
579 287
580 1830
581 288
582 402
583 1673
584 289
585 644
586 290
587 291
588 292
589 1592
590 293
591 294
592 934
593 295
594 1446
595 296
596 1159
597 297
598 1028
599 298
600 1028
601 299
602 1028
603 300
604 1906
605 94
606 301
607 1362
608 1787
609 93
610 89
611 157
612 1637
613 302
614 1871
615 303
616 1940
617 1230
618 304
619 579
620 305
621 1159
622 306
623 307
624 308
625 309
626 310
627 1020
628 93
629 89
630 311
631 1243
632 312
633 978
634 313
635 314
636 1159
637 927
638 585
639 315
640 184
641 54
642 316
643 317
644 286
645 1012
646 318
647 319
648 1927
649 320
650 321
651 286
652 322
653 893
654 323
655 324
656 463
657 325
658 326
659 1432
660 327
661 1028
662 132
663 328
664 286
665 329
666 1028
667 330
668 1020
669 331
670 332
671 333
672 334
673 335
674 336
675 337
676 1028
677 161
678 405
679 1185
680 79
681 1340
682 1028
683 523
684 93
685 338
686 54
687 339
688 741
689 340
690 94
691 1501
692 1708
693 341
694 925
695 1655
696 925
697 1406
698 342
699 343
700 89
701 344
702 247
703 345
704 346
705 1012
706 94
707 1261
708 347
709 261
710 348
711 925
712 1028
713 349
714 350
715 1159
716 817
717 351
718 825
719 352
720 726
721 1940
722 129
723 1219
724 1940
725 1944
726 905
727 677
728 283
729 192
730 353
731 406
732 825
733 354
734 1327
735 19
736 1342
737 897
738 355
739 577
740 356
741 357
742 753
743 358
744 759
745 338
746 1940
747 360
748 181
749 395
750 94
751 132
752 1940
753 1340
754 1870
755 132
756 338
757 132
758 361
759 362
760 721
761 1159
762 333
763 363
764 192
765 364
766 365
767 366
768 367
769 585
770 2
771 1028
772 368
773 369
774 370
775 726
776 1927
777 371
778 1780
779 372
780 516
781 373
782 286
783 374
784 375
785 1575
786 376
787 1441
788 377
789 200
790 378
791 391
792 379
793 380
794 381
795 382
796 1145
797 383
798 384
799 385
800 1230
801 386
802 387
803 462
804 388
805 1388
806 389
807 390
808 391
809 392
810 393
811 394
812 93
813 22
814 1338
815 396
816 397
817 398
818 399
819 400
820 1028
821 401
822 402
823 149
824 403
825 404
826 1923
827 942
828 405
829 406
830 208
831 407
832 408
833 409
834 410
835 1889
836 411
837 1655
838 1432
839 1432
840 412
841 1690
842 413
843 1028
844 414
845 1028
846 1028
847 415
848 352
849 122
850 416
851 417
852 418
853 419
854 420
855 579
856 421
857 893
858 422
859 112
860 1432
861 1947
862 1432
863 423
864 424
865 467
866 838
867 425
868 86
869 426
870 534
871 321
872 710
873 229
874 427
875 428
876 429
877 741
878 1923
879 63
880 430
881 52
882 431
883 247
884 247
885 868
886 1870
887 432
888 433
889 410
890 1118
891 434
892 435
893 633
894 726
895 1020
896 94
897 153
898 436
899 286
900 437
901 438
902 94
903 439
904 440
905 1028
906 724
907 817
908 741
909 441
910 442
911 443
912 523
913 406
914 444
915 1367
916 445
917 1406
918 1323
919 184
920 1159
921 446
922 447
923 675
924 448
925 449
926 154
927 450
928 333
929 853
930 99
931 1070
932 1028
933 1575
934 1028
935 1140
936 516
937 462
938 1176
939 451
940 724
941 169
942 1503
943 955
944 1708
945 452
946 1118
947 453
948 89
949 1028
950 454
951 1592
952 169
953 455
954 94
955 108
956 456
957 457
958 458
959 1455
960 710
961 459
962 460
963 1787
964 461
965 462
966 79
967 1307
968 463
969 1650
970 464
971 859
972 1122
973 465
974 724
975 724
976 466
977 1020
978 54
979 2044
980 1441
981 328
982 473
983 467
984 463
985 480
986 468
987 1302
988 469
989 169
990 71
991 1697
992 588
993 470
994 515
995 84
996 393
997 178
998 132
999 471
1000 84
1001 1159
1002 985
1003 472
1004 473
1005 732
1006 885
1007 922
1008 474
1009 516
1010 475
1011 476
1012 477
1013 94
1014 1462
1015 478
1016 479
1017 1028
1018 1250
1019 480
1020 184
1021 481
1022 482
1023 483
1024 189
1025 484
1026 485
1027 724
1028 486
1029 94
1030 1327
1031 607
1032 487
1033 488
1034 488
1035 489
1036 1375
1037 1028
1038 1001
1039 490
1040 491
1041 1708
1042 132
1043 1028
1044 728
1045 492
1046 1020
1047 493
1048 494
1049 94
1050 344
1051 1870
1052 1514
1053 767
1054 1514
1055 495
1056 925
1057 496
1058 101
1059 91
1060 1020
1061 497
1062 498
1063 499
1064 500
1065 816
1066 501
1067 502
1068 585
1069 503
1070 504
1071 984
1072 505
1073 506
1074 507
1075 467
1076 508
1077 509
1078 509
1079 510
1080 164
1081 511
1082 1028
1083 512
1084 710
1085 513
1086 514
1087 1870
1088 1518
1089 515
1090 516
1091 1708
1092 452
1093 517
1094 518
1095 519
1096 1592
1097 520
1098 1140
1099 1381
1100 934
1101 521
1102 522
1103 523
1104 534
1105 1012
1106 524
1107 178
1108 525
1109 355
1110 526
1111 527
1112 261
1113 726
1114 11
1115 528
1116 529
1117 1357
1118 530
1119 531
1120 1028
1121 532
1122 1874
1123 533
1124 534
1125 535
1126 1571
1127 1923
1128 536
1129 657
1130 537
1131 538
1132 568
1133 539
1134 177
1135 540
1136 541
1137 542
1138 1637
1139 543
1140 544
1141 1438
1142 519
1143 1342
1144 545
1145 277
1146 1936
1147 1460
1148 546
1149 1832
1150 1788
1151 548
1152 549
1153 550
1154 925
1155 551
1156 91
1157 552
1158 553
1159 554
1160 537
1161 555
1162 1028
1163 1159
1164 1870
1165 556
1166 557
1167 605
1168 558
1169 838
1170 724
1171 559
1172 392
1173 560
1174 561
1175 535
1176 562
1177 563
1178 1028
1179 281
1180 1327
1181 925
1182 42
1183 957
1184 1498
1185 657
1186 1450
1187 480
1188 2064
1189 564
1190 565
1191 1432
1192 566
1193 91
1194 957
1195 2060
1196 567
1197 568
1198 1206
1199 93
1200 33
1201 1140
1202 838
1203 1140
1204 569
1205 91
1206 570
1207 422
1208 1260
1209 184
1210 571
1211 572
1212 234
1213 726
1214 573
1215 574
1216 317
1217 52
1218 13
1219 575
1220 93
1221 576
1222 184
1223 1232
1224 128
1225 578
1226 286
1227 844
1228 579
1229 580
1230 1897
1231 232
1232 581
1233 582
1234 372
1235 758
1236 583
1237 1159
1238 584
1239 1728
1240 892
1241 557
1242 1282
1243 586
1244 157
1245 587
1246 597
1247 1028
1248 588
1249 589
1250 875
1251 590
1252 803
1253 232
1254 1400
1255 591
1256 592
1257 1327
1258 402
1259 593
1260 157
1261 157
1262 1230
1263 594
1264 1444
1265 595
1266 596
1267 226
1268 115
1269 597
1270 1028
1271 893
1272 598
1273 599
1274 1688
1275 71
1276 600
1277 132
1278 601
1279 602
1280 741
1281 110
1282 33
1283 94
1284 603
1285 604
1286 605
1287 606
1288 607
1289 608
1290 333
1291 609
1292 94
1293 610
1294 611
1295 612
1296 523
1297 957
1298 1020
1299 1070
1300 1967
1301 613
1302 614
1303 615
1304 260
1305 616
1306 562
1307 251
1308 94
1309 1940
1310 617
1311 618
1312 52
1313 463
1314 1021
1315 619
1316 620
1317 1108
1318 91
1319 925
1320 420
1321 621
1322 622
1323 623
1324 132
1325 624
1326 1194
1327 211
1328 260
1329 625
1330 62
1331 1020
1332 626
1333 627
1334 132
1335 726
1336 957
1337 628
1338 523
1339 157
1340 629
1341 630
1342 1521
1343 631
1344 957
1345 726
1346 632
1347 633
1348 825
1349 159
1350 630
1351 1940
1352 1028
1353 232
1354 230
1355 634
1356 498
1357 635
1358 1870
1359 875
1360 859
1361 134
1362 1970
1363 1874
1364 131
1365 1506
1366 636
1367 637
1368 838
1369 1159
1370 638
1371 169
1372 1146
1373 639
1374 640
1375 1500
1376 549
1377 1359
1378 1533
1379 315
1380 93
1381 1340
1382 641
1383 135
1384 642
1385 52
1386 395
1387 1028
1388 643
1389 1658
1390 644
1391 645
1392 646
1393 647
1394 648
1395 92
1396 333
1397 859
1398 649
1399 650
1400 1028
1401 501
1402 651
1403 480
1404 260
1405 925
1406 534
1407 652
1408 1296
1409 94
1410 132
1411 653
1412 654
1413 301
1414 934
1415 1575
1416 1020
1417 1159
1418 655
1419 656
1420 1327
1421 657
1422 128
1423 658
1424 617
1425 659
1426 660
1427 661
1428 1028
1429 662
1430 663
1431 1159
1432 1122
1433 1021
1434 664
1435 91
1436 665
1437 1527
1438 1500
1439 724
1440 501
1441 94
1442 510
1443 666
1444 575
1445 341
1446 2025
1447 1759
1448 1923
1449 1923
1450 1453
1451 667
1452 668
1453 399
1454 1315
1455 669
1456 670
1457 671
1458 672
1459 91
1460 89
1461 673
1462 1375
1463 280
1464 1940
1465 675
1466 676
1467 523
1468 501
1469 159
1470 893
1471 677
1472 678
1473 92
1474 679
1475 1020
1476 1552
1477 1503
1478 1028
1479 742
1480 680
1481 1460
1482 1021
1483 277
1484 681
1485 682
1486 683
1487 681
1488 1230
1489 1230
1490 1980
1491 803
1492 287
1493 1230
1494 684
1495 510
1496 685
1497 726
1498 686
1499 1028
1500 687
1501 93
1502 1020
1503 688
1504 79
1505 1998
1506 93
1507 1122
1508 885
1509 1122
1510 689
1511 1592
1512 690
1513 277
1514 873
1515 691
1516 692
1517 693
1518 1446
1519 694
1520 695
1521 696
1522 208
1523 915
1524 697
1525 724
1526 132
1527 1028
1528 698
1529 699
1530 523
1531 700
1532 701
1533 702
1534 1533
1535 703
1536 1408
1537 347
1538 656
1539 704
1540 705
1541 706
1542 707
1543 708
1544 286
1545 228
1546 1695
1547 709
1548 710
1549 711
1550 44
1551 712
1552 605
1553 713
1554 714
1555 1020
1556 715
1557 716
1558 717
1559 718
1560 619
1561 719
1562 132
1563 720
1564 721
1565 91
1566 722
1567 1980
1568 723
1569 724
1570 725
1571 726
1572 157
1573 94
1574 893
1575 93
1576 727
1577 86
1578 1571
1579 728
1580 646
1581 729
1582 730
1583 88
1584 731
1585 1028
1586 260
1587 732
1588 733
1589 734
1590 735
1591 736
1592 737
1593 797
1594 108
1595 91
1596 738
1597 390
1598 1071
1599 1075
1600 457
1601 1705
1602 4
1603 1565
1604 352
1605 1028
1606 739
1607 740
1608 286
1609 741
1610 176
1611 983
1612 673
1613 742
1614 743
1615 84
1616 1327
1617 1696
1618 1705
1619 1028
1620 1028
1621 744
1622 745
1623 746
1624 838
1625 925
1626 724
1627 747
1628 1439
1629 1327
1630 748
1631 749
1632 166
1633 750
1634 659
1635 1695
1636 751
1637 1875
1638 751
1639 752
1640 753
1641 925
1642 1980
1643 1500
1644 754
1645 157
1646 1980
1647 755
1648 756
1649 757
1650 758
1651 286
1652 659
1653 759
1654 657
1655 1408
1656 669
1657 661
1658 760
1659 523
1660 761
1661 687
1662 33
1663 762
1664 838
1665 763
1666 1021
1667 1298
1668 764
1669 765
1670 463
1671 766
1672 92
1673 1575
1674 767
1675 768
1676 501
1677 775
1678 769
1679 1118
1680 44
1681 770
1682 33
1683 978
1684 771
1685 772
1686 1780
1687 1521
1688 773
1689 1230
1690 774
1691 1230
1692 1140
1693 1070
1694 1122
1695 1327
1696 1230
1697 684
1698 775
1699 184
1700 825
1701 776
1702 777
1703 778
1704 189
1705 779
1706 1454
1707 780
1708 781
1709 1592
1710 782
1711 783
1712 784
1713 2029
1714 132
1715 1060
1716 785
1717 616
1718 547
1719 786
1720 204
1721 787
1722 1118
1723 89
1724 1028
1725 724
1726 1406
1727 957
1728 396
1729 958
1730 1028
1731 1356
1732 788
1733 789
1734 790
1735 791
1736 792
1737 172
1738 1315
1739 463
1740 793
1741 579
1742 794
1743 795
1744 100
1745 796
1746 226
1747 797
1748 798
1749 757
1750 1140
1751 93
1752 799
1753 800
1754 659
1755 801
1756 802
1757 803
1758 149
1759 804
1760 925
1761 805
1762 806
1763 807
1764 232
1765 808
1766 809
1767 52
1768 810
1769 1527
1770 811
1771 581
1772 812
1773 813
1774 488
1775 1759
1776 814
1777 1039
1778 151
1779 724
1780 776
1781 815
1782 1020
1783 816
1784 817
1785 818
1786 1923
1787 819
1788 820
1789 821
1790 822
1791 823
1792 149
1793 663
1794 1211
1795 824
1796 825
1797 1261
1798 826
1799 827
1800 463
1801 1159
1802 501
1803 828
1804 1830
1805 885
1806 1361
1807 983
1808 829
1809 421
1810 830
1811 1230
1812 1426
1813 1028
1814 831
1815 832
1816 1230
1817 833
1818 834
1819 838
1820 1028
1821 1055
1822 733
1823 835
1824 1432
1825 836
1826 837
1827 838
1828 839
1829 840
1830 1230
1831 1230
1832 333
1833 1500
1834 1500
1835 1230
1836 1327
1837 841
1838 249
1839 116
1840 534
1841 806
1842 842
1843 843
1844 844
1845 1429
1846 1874
1847 845
1848 94
1849 184
1850 846
1851 847
1852 848
1853 30
1854 355
1855 1721
1856 515
1857 849
1858 850
1859 552
1860 365
1861 851
1862 852
1863 1110
1864 674
1865 510
1866 853
1867 854
1868 855
1869 510
1870 372
1871 218
1872 856
1873 644
1874 1500
1875 857
1876 858
1877 859
1878 860
1879 861
1880 805
1881 1013
1882 1940
1883 862
1884 863
1885 482
1886 864
1887 865
1888 1059
1889 867
1890 1028
1891 868
1892 694
1893 1020
1894 869
1895 870
1896 1432
1897 398
1898 871
1899 872
1900 873
1901 1028
1902 1071
1903 344
1904 874
1905 875
1906 876
1907 726
1908 877
1909 878
1910 391
1911 1444
1912 462
1913 879
1914 644
1915 132
1916 588
1917 880
1918 1708
1919 881
1920 1460
1921 1500
1922 1028
1923 1094
1924 109
1925 33
1926 1028
1927 1432
1928 882
1929 1980
1930 200
1931 883
1932 76
1933 884
1934 885
1935 886
1936 1728
1937 84
1938 887
1939 1028
1940 477
1941 888
1942 889
1943 1112
1944 890
1945 891
1946 892
1947 463
1948 431
1949 893
1950 579
1951 1020
1952 894
1953 895
1954 896
1955 897
1956 396
1957 898
1958 899
1959 1500
1960 900
1961 1371
1962 901
1963 1159
1964 724
1965 902
1966 232
1967 151
1968 523
1969 79
1970 218
1971 838
1972 1075
1973 218
1974 1028
1975 1028
1976 217
1977 903
1978 904
1979 414
1980 905
1981 906
1982 907
1983 1020
1984 908
1985 1440
1986 1980
1987 741
1988 89
1989 909
1990 852
1991 910
1992 1286
1993 911
1994 453
1995 912
1996 913
1997 149
1998 1406
1999 915
2000 916
2001 583
2002 917
2003 918
2004 157
2005 919
2006 920
2007 1406
2008 1323
2009 1112
2010 1442
2011 921
2012 922
2013 149
2014 923
2015 501
2016 924
2017 1356
2018 1923
2019 925
2020 1159
2021 926
2022 1028
2023 1028
2024 277
2025 1927
2026 54
2027 914
2028 1317
2029 928
2030 929
2031 79
2032 724
2033 930
2034 931
2035 932
2036 102
2037 933
2038 91
2039 934
2040 129
2041 356
2042 238
2043 537
2044 935
2045 33
2046 1028
2047 1028
2048 1503
2049 333
2050 579
2051 890
2052 228
2053 936
2054 937
2055 938
2056 697
2057 131
2058 1329
2059 1020
2060 939
2061 940
2062 1446
2063 151
2064 941
2065 89
2066 942
2067 510
2068 943
2069 1028
2070 944
2071 261
2072 945
2073 225
2074 946
2075 947
2076 948
2077 949
2078 950
2079 951
2080 952
2081 352
2082 953
2083 521
2084 954
2085 89
2086 963
2087 1171
2088 955
2089 732
2090 726
2091 956
2092 957
2093 1432
2094 958
2095 959
2096 1327
2097 341
2098 960
2099 2029
2100 961
2101 1561
2102 962
2103 1555
2104 963
2105 724
2106 89
2107 1406
2108 1028
2109 724
2110 351
2111 128
2112 964
2113 965
2114 1280
2115 957
2116 1071
2117 966
2118 1923
2119 967
2120 968
2121 89
2122 91
2123 1874
2124 969
2125 970
2126 971
2127 462
2128 972
2129 1688
2130 1317
2131 453
2132 973
2133 1728
2134 974
2135 975
2136 391
2137 1118
2138 976
2139 977
2140 1874
2141 1017
2142 978
2143 157
2144 1716
2145 979
2146 1406
2147 230
2148 980
2149 981
2150 149
2151 982
2152 1250
2153 135
2154 1432
2155 985
2156 986
2157 987
2158 523
2159 271
2160 177
2161 1129
2162 988
2163 726
2164 989
2165 1333
2166 990
2167 991
2168 992
2169 993
2170 1760
2171 1630
2172 1028
2173 994
2174 995
2175 2054
2176 1453
2177 134
2178 1028
2179 33
2180 996
2181 1460
2182 241
2183 775
2184 997
2185 998
2186 999
2187 1000
2188 1230
2189 644
2190 1001
2191 866
2192 1691
2193 89
2194 1002
2195 724
2196 981
2197 464
2198 1003
2199 1004
2200 1728
2201 1005
2202 976
2203 1006
2204 1007
2205 1008
2206 2061
2207 1028
2208 776
2209 1009
2210 1437
2211 1159
2212 1010
2213 1011
2214 741
2215 1013
2216 1014
2217 1015
2218 1870
2219 281
2220 1016
2221 1017
2222 1018
2223 724
2224 1019
2225 1028
2226 1020
2227 1028
2228 1021
2229 1022
2230 261
2231 1023
2232 709
2233 83
2234 1559
2235 1024
2236 1025
2237 1026
2238 1027
2239 669
2240 797
2241 723
2242 1028
2243 728
2244 1029
2245 1030
2246 732
2247 889
2248 646
2249 1432
2250 1432
2251 1432
2252 1432
2253 1432
2254 1432
2255 1031
2256 724
2257 1688
2258 1432
2259 933
2260 1032
2261 422
2262 312
2263 1033
2264 1034
2265 1035
2266 1230
2267 726
2268 553
2269 1036
2270 1396
2271 1037
2272 463
2273 325
2274 1038
2275 1039
2276 1039
2277 1028
2278 1040
2279 1874
2280 331
2281 1041
2282 1955
2283 1830
2284 1042
2285 1043
2286 72
2287 286
2288 629
2289 624
2290 1044
2291 1122
2292 325
2293 1045
2294 1453
2295 1698
2296 454
2297 875
2298 1140
2299 33
2300 176
2301 1046
2302 1047
2303 1048
2304 724
2305 1049
2306 1050
2307 978
2308 1051
2309 1052
2310 1053
2311 1054
2312 1406
2313 1055
2314 1056
2315 896
2316 1057
2317 1058
2318 1059
2319 581
2320 1060
2321 579
2322 1021
2323 1406
2324 579
2325 1432
2326 1061
2327 1442
2328 1914
2329 1204
2330 533
2331 1028
2332 1028
2333 1062
2334 1063
2335 91
2336 1064
2337 1320
2338 1044
2339 33
2340 1065
2341 1066
2342 233
2343 1067
2344 1068
2345 1069
2346 1070
2347 1071
2348 1072
2349 1460
2350 33
2351 1073
2352 400
2353 1074
2354 1788
2355 1075
2356 232
2357 1028
2358 579
2359 1076
2360 1077
2361 1078
2362 1230
2363 833
2364 1079
2365 957
2366 1080
2367 55
2368 1082
2369 1083
2370 1084
2371 54
2372 1085
2373 1129
2374 1428
2375 1086
2376 1086
2377 2026
2378 1087
2379 1122
2380 1088
2381 922
2382 1089
2383 202
2384 1090
2385 1091
2386 1092
2387 1586
2388 1093
2389 1094
2390 218
2391 1095
2392 1096
2393 1521
2394 1201
2395 1230
2396 1606
2397 1371
2398 1097
2399 1940
2400 190
2401 1098
2402 510
2403 1099
2404 1071
2405 605
2406 33
2407 89
2408 1028
2409 1101
2410 1102
2411 757
2412 1103
2413 1104
2414 1105
2415 232
2416 1106
2417 1107
2418 1406
2419 323
2420 1108
2421 149
2422 1914
2423 1109
2424 1081
2425 1624
2426 1110
2427 1111
2428 1708
2429 1112
2430 775
2431 575
2432 889
2433 1446
2434 806
2435 1830
2436 1113
2437 1114
2438 841
2439 1115
2440 1116
2441 1117
2442 1295
2443 1406
2444 1406
2445 1118
2446 1230
2447 1119
2448 869
2449 1118
2450 1120
2451 1100
2452 1121
2453 1071
2454 1102
2455 405
2456 925
2457 1122
2458 1123
2459 1123
2460 1230
2461 1071
2462 1125
2463 193
2464 1028
2465 1126
2466 414
2467 462
2468 1127
2469 1140
2470 1128
2471 329
2472 1927
2473 1028
2474 1129
2475 1130
2476 342
2477 1028
2478 1940
2479 702
2480 925
2481 1131
2482 697
2483 1230
2484 1132
2485 106
2486 157
2487 859
2488 1028
2489 328
2490 1028
2491 1133
2492 1020
2493 453
2494 1134
2495 1448
2496 129
2497 1135
2498 1028
2499 1136
2500 1137
2501 1792
2502 1110
2503 370
2504 467
2505 1138
2506 803
2507 450
2508 587
2509 1139
2510 1140
2511 875
2512 869
2513 391
2514 343
2515 82
2516 1141
2517 1142
2518 644
2519 1874
2520 1159
2521 1143
2522 838
2523 1144
2524 531
2525 1145
2526 1028
2527 459
2528 1616
2529 1147
2530 2064
2531 1307
2532 286
2533 1159
2534 1148
2535 243
2536 1149
2537 1150
2538 1020
2539 1432
2540 1432
2541 1708
2542 1432
2543 1637
2544 985
2545 120
2546 1151
2547 1432
2548 1028
2549 1152
2550 434
2551 526
2552 1028
2553 1122
2554 12
2555 726
2556 1094
2557 320
2558 1153
2559 132
2560 1146
2561 93
2562 1154
2563 741
2564 1028
2565 501
2566 1155
2567 1156
2568 1157
2569 523
2570 1697
2571 1438
2572 251
2573 1492
2574 1940
2575 181
2576 1158
2577 1159
2578 123
2579 408
2580 1161
2581 1020
2582 1565
2583 724
2584 1028
2585 605
2586 1162
2587 206
2588 1028
2589 1163
2590 1164
2591 959
2592 1165
2593 1166
2594 1167
2595 1202
2596 1168
2597 1169
2598 1028
2599 1230
2600 343
2601 462
2602 1980
2603 667
2604 875
2605 1028
2606 74
2607 1170
2608 1171
2609 817
2610 6
2611 1864
2612 1172
2613 1648
2614 1173
2615 1164
2616 724
2617 1021
2618 1021
2619 1746
2620 54
2621 869
2622 266
2623 1174
2624 1106
2625 1028
2626 869
2627 91
2628 1079
2629 1175
2630 1176
2631 1140
2632 1177
2633 405
2634 529
2635 1178
2636 1179
2637 1159
2638 659
2639 344
2640 157
2641 1140
2642 1180
2643 985
2644 1181
2645 277
2646 94
2647 1028
2648 1182
2649 705
2650 952
2651 89
2652 1736
2653 1275
2654 30
2655 132
2656 1183
2657 484
2658 425
2659 1060
2660 1923
2661 1923
2662 1184
2663 523
2664 1110
2665 128
2666 1185
2667 132
2668 217
2669 530
2670 1804
2671 806
2672 1028
2673 1186
2674 1187
2675 91
2676 1159
2677 1188
2678 1189
2679 1190
2680 1191
2681 1198
2682 1192
2683 1923
2684 1070
2685 1193
2686 676
2687 60
2688 91
2689 1327
2690 1194
2691 1195
2692 1129
2693 1857
2694 1122
2695 1196
2696 1197
2697 934
2698 1198
2699 1199
2700 728
2701 29
2702 315
2703 1728
2704 157
2705 1896
2706 1185
2707 835
2708 724
2709 1200
2710 462
2711 151
2712 1106
2713 462
2714 554
2715 52
2716 1026
2717 1230
2718 1201
2719 1202
2720 1159
2721 93
2722 1203
2723 820
2724 149
2725 1406
2726 1204
2727 1205
2728 93
2729 717
2730 1206
2731 89
2732 1207
2733 803
2734 952
2735 1028
2736 25
2737 1874
2738 1208
2739 656
2740 656
2741 1209
2742 280
2743 579
2744 1210
2745 1375
2746 1211
2747 1212
2748 728
2749 723
2750 1213
2751 581
2752 1088
2753 1454
2754 1056
2755 462
2756 1214
2757 1215
2758 1216
2759 1217
2760 1218
2761 249
2762 1219
2763 132
2764 1220
2765 157
2766 1221
2767 1222
2768 2029
2769 1121
2770 1230
2771 1230
2772 1224
2773 1225
2774 1226
2775 1265
2776 1227
2777 1870
2778 1228
2779 1229
2780 1230
2781 1231
2782 1232
2783 1233
2784 1234
2785 1235
2786 79
2787 1236
2788 775
2789 1122
2790 1874
2791 1237
2792 741
2793 1238
2794 659
2795 79
2796 1454
2797 1159
2798 132
2799 333
2800 1028
2801 741
2802 94
2803 1239
2804 1240
2805 1241
2806 1533
2807 259
2808 1159
2809 1242
2810 157
2811 1243
2812 169
2813 1184
2814 825
2815 669
2816 1244
2817 1245
2818 1175
2819 1028
2820 1246
2821 1028
2822 1247
2823 1575
2824 1248
2825 1159
2826 1249
2827 1980
2828 1450
2829 683
2830 270
2831 1250
2832 510
2833 839
2834 1251
2835 1426
2836 1252
2837 1874
2838 1253
2839 1254
2840 1255
2841 217
2842 351
2843 1256
2844 510
2845 1020
2846 157
2847 406
2848 1257
2849 192
2850 286
2851 1258
2852 1259
2853 1260
2854 1261
2855 1159
2856 1923
2857 1183
2858 1230
2859 1262
2860 1263
2861 1020
2862 724
2863 330
2864 1264
2865 1420
2866 1028
2867 1940
2868 1265
2869 1062
2870 406
2871 131
2872 1266
2873 765
2874 724
2875 697
2876 504
2877 1267
2878 934
2879 633
2880 227
2881 1617
2882 94
2883 94
2884 213
2885 1268
2886 796
2887 838
2888 226
2889 358
2890 222
2891 724
2892 2025
2893 1269
2894 260
2895 1270
2896 934
2897 118
2898 1271
2899 1388
2900 1028
2901 724
2902 79
2903 1272
2904 1020
2905 579
2906 1273
2907 93
2908 1129
2909 41
2910 1886
2911 71
2912 1406
2913 1274
2914 1275
2915 94
2916 132
2917 1122
2918 1276
2919 1277
2920 925
2921 597
2922 803
2923 1230
2924 1230
2925 27
2926 1278
2927 1940
2928 85
2929 1279
2930 754
2931 355
2932 1533
2933 1280
2934 1281
2935 1940
2936 1282
2937 191
2938 1283
2939 134
2940 1284
2941 1285
2942 1230
2943 1286
2944 1708
2945 217
2946 1287
2947 1288
2948 675
2949 952
2950 1289
2951 1914
2952 72
2953 93
2954 1020
2955 1020
2956 1070
2957 1290
2958 1291
2959 1292
2960 84
2961 585
2962 2060
2963 838
2964 255
2965 1293
2966 1592
2967 1294
2968 27
2969 1450
2970 785
2971 1159
2972 849
2973 700
2974 1295
2975 1879
2976 1296
2977 803
2978 1297
2979 1298
2980 925
2981 724
2982 1299
2983 41
2984 825
2985 1081
2986 705
2987 1300
2988 1301
2989 659
2990 1302
2991 1303
2992 1450
2993 1304
2994 1021
2995 162
2996 333
2997 460
2998 1305
2999 31
3000 1306
3001 1307
3002 142
3003 1308
3004 157
3005 1230
3006 1020
3007 1309
3008 328
3009 1698
3010 74
3011 1310
3012 71
3013 1311
3014 302
3015 361
3016 1028
3017 1028
3018 1312
3019 382
3020 94
3021 200
3022 347
3023 1313
3024 1159
3025 169
3026 1314
3027 1980
3028 84
3029 1146
3030 1315
3031 157
3032 1316
3033 1317
3034 1020
3035 1230
3036 1159
3037 1318
3038 1319
3039 1320
3040 1321
3041 1322
3042 1001
3043 1028
3044 1230
3045 523
3046 952
3047 1323
3048 1323
3049 1324
3050 1325
3051 1406
3052 1326
3053 1923
3054 1327
3055 1328
3056 1329
3057 1330
3058 1716
3059 1331
3060 94
3061 1332
3062 94
3063 1333
3064 1705
3065 329
3066 1334
3067 2
3068 463
3069 1335
3070 1022
3071 1023
3072 193
3073 1695
3074 94
3075 1140
3076 510
3077 1336
3078 1337
3079 1720
3080 1450
3081 42
3082 741
3083 1338
3084 1219
3085 624
3086 1339
3087 1340
3088 6
3089 68
3090 1342
3091 1250
3092 94
3093 1319
3094 35
3095 100
3096 1020
3097 1071
3098 1432
3099 633
3100 203
3101 1341
3102 524
3103 669
3104 1342
3105 1181
3106 1342
3107 1343
3108 1344
3109 1444
3110 1345
3111 645
3112 1122
3113 286
3114 1940
3115 1406
3116 1346
3117 102
3118 1453
3119 1070
3120 1347
3121 859
3122 724
3123 724
3124 925
3125 568
3126 644
3127 1348
3128 1349
3129 192
3130 1350
3131 1351
3132 782
3133 1140
3134 1352
3135 782
3136 1203
3137 169
3138 1927
3139 1353
3140 2062
3141 1354
3142 1357
3143 1202
3144 1028
3145 1260
3146 1355
3147 1230
3148 8
3149 1361
3150 93
3151 952
3152 2000
3153 1683
3154 281
3155 1028
3156 1356
3157 915
3158 751
3159 1140
3160 1357
3161 51
3162 227
3163 603
3164 1358
3165 79
3166 1359
3167 1360
3168 1361
3169 139
3170 585
3171 406
3172 838
3173 1362
3174 450
3175 1927
3176 1870
3177 157
3178 1361
3179 1363
3180 91
3181 1364
3182 1365
3183 1432
3184 1366
3185 510
3186 501
3187 249
3188 1367
3189 1368
3190 1369
3191 1370
3192 1371
3193 384
3194 1384
3195 463
3196 989
3197 1406
3198 76
3199 1453
3200 1406
3201 1159
3202 149
3203 1923
3204 1372
3205 893
3206 579
3207 1373
3208 1374
3209 1375
3210 803
3211 1376
3212 1377
3213 2054
3214 957
3215 1378
3216 1379
3217 1477
3218 1380
3219 329
3220 1630
3221 1381
3222 909
3223 1382
3224 71
3225 40
3226 71
3227 1383
3228 71
3229 71
3230 1384
3231 893
3232 1385
3233 1408
3234 1927
3235 1230
3236 79
3237 1028
3238 978
3239 1386
3240 391
3241 831
3242 1028
3243 50
3244 50
3245 1387
3246 537
3247 1388
3248 1389
3249 2054
3250 1390
3251 753
3252 1640
3253 697
3254 1020
3255 72
3256 1923
3257 1159
3258 956
3259 649
3260 1122
3261 1122
3262 1391
3263 1392
3264 480
3265 1393
3266 1394
3267 1028
3268 1028
3269 1185
3270 754
3271 355
3272 79
3273 5
3274 30
3275 1395
3276 1118
3277 1198
3278 5
3279 89
3280 1396
3281 1397
3282 1795
3283 1398
3284 1399
3285 1140
3286 1400
3287 1322
3288 1746
3289 1230
3290 77
3291 1401
3292 1980
3293 454
3294 1028
3295 890
3296 554
3297 861
3298 91
3299 248
3300 1402
3301 84
3302 905
3303 1403
3304 1404
3305 1028
3306 1405
3307 1406
3308 1500
3309 1407
3310 1140
3311 1408
3312 1409
3313 569
3314 305
3315 1410
3316 328
3317 659
3318 1698
3319 1411
3320 261
3321 1412
3322 1086
3323 1413
3324 1414
3325 1415
3326 1017
3327 1028
3328 1416
3329 825
3330 336
3331 91
3332 1417
3333 192
3334 462
3335 502
3336 184
3337 1864
3338 1418
3339 1074
3340 39
3341 1419
3342 1420
3343 1421
3344 1422
3345 1500
3346 92
3347 1423
3348 1230
3349 1424
3350 1176
3351 1425
3352 1426
3353 1427
3354 914
3355 1428
3356 1429
3357 344
3358 1430
3359 1431
3360 1028
3361 1592
3362 1432
3363 1433
3364 1432
3365 1434
3366 866
3367 1406
3368 1435
3369 1361
3370 1436
3371 1202
3372 585
3373 1923
3374 1437
3375 1420
3376 1437
3377 200
3378 1317
3379 50
3380 169
3381 1439
3382 1440
3383 1438
3384 1028
3385 1980
3386 1441
3387 93
3388 1874
3389 1338
3390 93
3391 1443
3392 1444
3393 1445
3394 1446
3395 1447
3396 487
3397 1040
3398 89
3399 184
3400 1926
3401 1159
3402 1449
3403 568
3404 793
3405 1450
3406 1870
3407 1451
3408 1452
3409 923
3410 1874
3411 283
3412 1453
3413 1454
3414 1406
3415 1690
3416 390
3417 1324
3418 579
3419 1455
3420 1456
3421 1356
3422 1457
3423 462
3424 184
3425 1159
3426 1159
3427 501
3428 1458
3429 1459
3430 12
3431 94
3432 854
3433 1460
3434 1461
3435 1462
3436 333
3437 1463
3438 1464
3439 2026
3440 510
3441 978
3442 548
3443 93
3444 838
3445 1437
3446 1465
3447 405
3448 1466
3449 724
3450 1467
3451 1454
3452 1728
3453 24
3454 1788
3455 557
3456 1122
3457 134
3458 321
3459 1468
3460 1469
3461 169
3462 1470
3463 1471
3464 1472
3465 1103
3466 1473
3467 978
3468 1384
3469 1327
3470 352
3471 1147
3472 1322
3473 645
3474 1159
3475 797
3476 94
3477 1474
3478 659
3479 94
3480 1475
3481 238
3482 129
3483 463
3484 195
3485 1476
3486 1146
3487 784
3488 1477
3489 132
3490 724
3491 1478
3492 523
3493 1028
3494 523
3495 1353
3496 925
3497 797
3498 579
3499 1479
3500 1028
3501 1382
3502 1480
3503 1481
3504 1005
3505 803
3506 659
3507 1482
3508 1483
3509 1151
3510 1484
3511 1575
3512 1485
3513 1486
3514 1432
3515 618
3516 208
3517 1487
3518 547
3519 838
3520 1488
3521 1489
3522 1020
3523 579
3524 1490
3525 1901
3526 132
3527 925
3528 1491
3529 132
3530 132
3531 1492
3532 510
3533 1406
3534 1493
3535 757
3536 1028
3537 1370
3538 1494
3539 1495
3540 1455
3541 27
3542 63
3543 1524
3544 1028
3545 1923
3546 1496
3547 1497
3548 1295
3549 1245
3550 797
3551 169
3552 1140
3553 692
3554 1012
3555 218
3556 1498
3557 1499
3558 793
3559 1500
3560 1501
3561 1502
3562 67
3563 1927
3564 881
3565 1504
3566 182
3567 1392
3568 1506
3569 563
3570 1507
3571 1508
3572 1509
3573 1510
3574 463
3575 1511
3576 132
3577 893
3578 1512
3579 1195
3580 1418
3581 328
3582 84
3583 657
3584 1297
3585 1071
3586 1513
3587 1071
3588 1230
3589 1122
3590 12
3591 1230
3592 1533
3593 1514
3594 1515
3595 1575
3596 1516
3597 1517
3598 406
3599 957
3600 1518
3601 172
3602 184
3603 1519
3604 1520
3605 1923
3606 1521
3607 1575
3608 1522
3609 1523
3610 72
3611 1524
3612 1438
3613 1525
3614 1526
3615 1527
3616 1528
3617 1315
3618 1529
3619 1028
3620 598
3621 1530
3622 726
3623 963
3624 724
3625 1531
3626 1532
3627 710
3628 1020
3629 1874
3630 1159
3631 108
3632 1533
3633 1534
3634 1874
3635 1020
3636 93
3637 208
3638 1655
3639 1535
3640 93
3641 1536
3642 1302
3643 1537
3644 1538
3645 169
3646 467
3647 29
3648 1539
3649 1071
3650 1540
3651 617
3652 534
3653 728
3654 93
3655 1197
3656 1541
3657 333
3658 1019
3659 741
3660 467
3661 1297
3662 89
3663 1542
3664 344
3665 672
3666 1543
3667 1544
3668 733
3669 1545
3670 157
3671 923
3672 1546
3673 1547
3674 94
3675 723
3676 1548
3677 157
3678 645
3679 1549
3680 1550
3681 1551
3682 132
3683 1021
3684 1552
3685 1020
3686 1553
3687 1554
3688 852
3689 1159
3690 1327
3691 1555
3692 1556
3693 91
3694 1557
3695 1501
3696 1558
3697 157
3698 1927
3699 237
3700 93
3701 1559
3702 1560
3703 1071
3704 1044
3705 1243
3706 1980
3707 1561
3708 1562
3709 548
3710 1189
3711 281
3712 19
3713 1563
3714 1564
3715 413
3716 1081
3717 1565
3718 1566
3719 92
3720 1567
3721 1568
3722 467
3723 1569
3724 129
3725 585
3726 1561
3727 1570
3728 1571
3729 1572
3730 1573
3731 94
3732 1574
3733 1028
3734 1575
3735 734
3736 1089
3737 1028
3738 1576
3739 1396
3740 1577
3741 1159
3742 1578
3743 724
3744 425
3745 1028
3746 100
3747 1579
3748 1145
3749 1580
3750 510
3751 1028
3752 838
3753 848
3754 333
3755 1021
3756 1223
3757 913
3758 532
3759 1581
3760 976
3761 172
3762 1582
3763 1020
3764 645
3765 1583
3766 1185
3767 1230
3768 1319
3769 1923
3770 1028
3771 1028
3772 184
3773 1230
3774 1159
3775 1584
3776 540
3777 1028
3778 1585
3779 246
3780 226
3781 1587
3782 1588
3783 33
3784 1028
3785 803
3786 459
3787 978
3788 1230
3789 1451
3790 1940
3791 1575
3792 1503
3793 94
3794 247
3795 724
3796 90
3797 1650
3798 1065
3799 1589
3800 406
3801 202
3802 1590
3803 1591
3804 1592
3805 464
3806 581
3807 498
3808 1593
3809 859
3810 1118
3811 1385
3812 33
3813 1594
3814 1595
3815 260
3816 1596
3817 1597
3818 1598
3819 1302
3820 1367
3821 1375
3822 281
3823 1599
3824 1600
3825 1970
3826 1323
3827 1601
3828 925
3829 1602
3830 1603
3831 1604
3832 1605
3833 1020
3834 1606
3835 852
3836 1607
3837 1608
3838 934
3839 1609
3840 1406
3841 1610
3842 927
3843 1611
3844 1124
3845 1612
3846 1613
3847 1614
3848 957
3849 27
3850 709
3851 1615
3852 1616
3853 52
3854 52
3855 1617
3856 467
3857 1618
3858 724
3859 1536
3860 1619
3861 1123
3862 1620
3863 1621
3864 523
3865 1122
3866 726
3867 1622
3868 108
3869 1623
3870 1624
3871 690
3872 1625
3873 728
3874 1626
3875 1627
3876 1406
3877 404
3878 925
3879 1462
3880 1628
3881 33
3882 1432
3883 169
3884 1629
3885 1131
3886 1630
3887 1631
3888 1632
3889 1633
3890 1456
3891 1028
3892 298
3893 782
3894 1022
3895 741
3896 1634
3897 498
3898 93
3899 1020
3900 534
3901 1635
3902 1636
3903 1637
3904 1638
3905 1242
3906 726
3907 1639
3908 701
3909 1640
3910 1641
3911 1444
3912 1118
3913 352
3914 93
3915 1642
3916 725
3917 1643
3918 1644
3919 1644
3920 2
3921 1645
3922 504
3923 585
3924 1646
3925 1060
3926 518
3927 1327
3928 1647
3929 1834
3930 554
3931 594
3932 501
3933 753
3934 406
3935 1648
3936 308
3937 305
3938 1575
3939 1649
3940 1140
3941 1650
3942 1352
3943 1651
3944 1652
3945 1500
3946 1653
3947 1654
3948 480
3949 526
3950 1655
3951 1656
3952 926
3953 89
3954 1657
3955 1658
3956 355
3957 1659
3958 286
3959 1020
3960 1897
3961 184
3962 94
3963 1500
3964 1660
3965 1117
3966 157
3967 333
3968 1901
3969 1661
3970 1940
3971 169
3972 1662
3973 1458
3974 1439
3975 995
3976 1663
3977 835
3978 1664
3979 344
3980 1665
3981 994
3982 838
3983 1666
3984 1667
3985 1362
3986 1251
3987 1306
3988 463
3989 868
3990 1445
3991 1122
3992 1668
3993 463
3994 1669
3995 1053
3996 657
3997 1627
3998 486
3999 1670
4000 1671
4001 1672
4002 1230
4003 1673
4004 1674
4005 1675
4006 1676
4007 804
4008 1327
4009 644
4010 920
4011 1677
4012 420
4013 420
4014 1020
4015 510
4016 1678
4017 510
4018 1028
4019 232
4020 283
4021 79
4022 1028
4023 33
4024 1453
4025 1250
4026 1524
4027 723
4028 169
4029 33
4030 852
4031 1230
4032 1140
4033 1432
4034 1708
4035 334
4036 881
4037 916
4038 957
4039 1457
4040 469
4041 1679
4042 286
4043 1356
4044 2061
4045 1680
4046 184
4047 1681
4048 1682
4049 1683
4050 33
4051 1684
4052 1685
4053 1686
4054 1687
4055 1028
4056 866
4057 1028
4058 1028
4059 1687
4060 16
4061 1688
4062 149
4063 1437
4064 1689
4065 1690
4066 1691
4067 93
4068 1692
4069 502
4070 1693
4071 1694
4072 1695
4073 1708
4074 1696
4075 1697
4076 1698
4077 1699
4078 229
4079 1700
4080 1701
4081 674
4082 94
4083 1370
4084 1702
4085 1703
4086 1704
4087 1940
4088 1705
4089 1380
4090 1230
4091 1706
4092 1936
4093 1707
4094 1708
4095 1592
4096 1709
4097 681
4098 1710
4099 94
4100 724
4101 854
4102 1711
4103 12
4104 741
4105 1070
4106 1712
4107 157
4108 482
4109 352
4110 1713
4111 1020
4112 510
4113 1927
4114 1773
4115 751
4116 644
4117 1714
4118 1715
4119 1716
4120 523
4121 1001
4122 1489
4123 535
4124 353
4125 1717
4126 1159
4127 1718
4128 1719
4129 1720
4130 724
4131 1721
4132 1722
4133 1723
4134 1269
4135 1723
4136 1141
4137 463
4138 1864
4139 724
4140 1018
4141 1724
4142 1018
4143 1725
4144 54
4145 1726
4146 89
4147 89
4148 646
4149 1449
4150 1727
4151 1728
4152 1028
4153 1020
4154 1729
4155 724
4156 1020
4157 1020
4158 925
4159 333
4160 64
4161 925
4162 226
4163 563
4164 184
4165 1028
4166 1028
4167 1539
4168 1159
4169 1028
4170 1515
4171 394
4172 1730
4173 1731
4174 1732
4175 463
4176 1923
4177 1327
4178 605
4179 276
4180 893
4181 1733
4182 1734
4183 726
4184 33
4185 1735
4186 183
4187 1028
4188 1736
4189 48
4190 1737
4191 726
4192 1622
4193 1338
4194 1738
4195 1870
4196 54
4197 691
4198 1739
4199 1740
4200 1230
4201 1355
4202 1071
4203 1741
4204 1230
4205 724
4206 184
4207 1742
4208 1616
4209 1161
4210 1743
4211 1565
4212 1744
4213 1745
4214 1746
4215 583
4216 990
4217 1746
4218 1747
4219 1340
4220 1748
4221 1750
4222 1749
4223 206
4224 16
4225 1750
4226 52
4227 198
4228 1520
4229 1159
4230 1118
4231 1751
4232 1028
4233 1069
4234 1870
4235 1752
4236 1753
4237 1104
4238 1754
4239 1050
4240 1940
4241 1323
4242 1755
4243 1501
4244 1592
4245 352
4246 1876
4247 521
4248 1685
4249 1756
4250 1757
4251 228
4252 1758
4253 1759
4254 1760
4255 1761
4256 724
4257 1762
4258 1763
4259 1017
4260 92
4261 952
4262 91
4263 1406
4264 1759
4265 1069
4266 497
4267 124
4268 1020
4269 1764
4270 1765
4271 1766
4272 1767
4273 649
4274 27
4275 584
4276 1768
4277 1874
4278 1769
4279 1770
4280 1771
4281 1028
4282 1118
4283 770
4284 2060
4285 1001
4286 1232
4287 1772
4288 1773
4289 1774
4290 1775
4291 1728
4292 557
4293 91
4294 1776
4295 1020
4296 652
4297 1874
4298 1777
4299 1724
4300 1778
4301 915
4302 1914
4303 1028
4304 23
4305 1437
4306 1779
4307 1408
4308 33
4309 1002
4310 1453
4311 1432
4312 1028
4313 2025
4314 1406
4315 963
4316 1380
4317 499
4318 1780
4319 1781
4320 103
4321 763
4322 1782
4323 1028
4324 4
4325 4
4326 1783
4327 1784
4328 1785
4329 1786
4330 1787
4331 1020
4332 838
4333 533
4334 1788
4335 921
4336 1117
4337 921
4338 1789
4339 1790
4340 1791
4341 1028
4342 1792
4343 1426
4344 1793
4345 157
4346 1794
4347 1795
4348 237
4349 1204
4350 1230
4351 1870
4352 1140
4353 391
4354 1796
4355 1020
4356 1122
4357 501
4358 1797
4359 157
4360 128
4361 1926
4362 167
4363 1798
4364 1799
4365 1800
4366 1799
4367 1874
4368 1801
4369 1802
4370 1803
4371 1147
4372 1804
4373 1085
4374 1805
4375 157
4376 806
4377 1806
4378 1807
4379 1708
4380 1870
4381 1808
4382 149
4383 342
4384 548
4385 1685
4386 1062
4387 646
4388 1809
4389 925
4390 1810
4391 1811
4392 1028
4393 1342
4394 1357
4395 1812
4396 1813
4397 260
4398 1071
4399 1814
4400 1869
4401 1815
4402 1327
4403 1940
4404 124
4405 1872
4406 232
4407 1028
4408 79
4409 797
4410 1816
4411 463
4412 726
4413 1817
4414 585
4415 1818
4416 230
4417 1819
4418 1820
4419 169
4420 463
4421 1444
4422 1230
4423 1821
4424 1230
4425 1688
4426 724
4427 1453
4428 1293
4429 1432
4430 1822
4431 1823
4432 1824
4433 182
4434 333
4435 473
4436 1825
4437 38
4438 976
4439 1223
4440 1826
4441 724
4442 1827
4443 1800
4444 1362
4445 1448
4446 646
4447 1828
4448 1829
4449 388
4450 1830
4451 1831
4452 1505
4453 344
4454 501
4455 1832
4456 1406
4457 1833
4458 1834
4459 1020
4460 753
4461 1835
4462 1836
4463 741
4464 467
4465 71
4466 1837
4467 157
4468 1838
4469 1250
4470 358
4471 1839
4472 1840
4473 1406
4474 260
4475 1841
4476 669
4477 1842
4478 726
4479 55
4480 1947
4481 1843
4482 1844
4483 1845
4484 1689
4485 806
4486 754
4487 79
4488 1185
4489 132
4490 1846
4491 329
4492 1021
4493 463
4494 728
4495 1028
4496 1847
4497 1020
4498 1923
4499 1848
4500 1849
4501 629
4502 286
4503 1715
4504 1850
4505 1851
4506 1852
4507 481
4508 1159
4509 79
4510 281
4511 1853
4512 976
4513 1854
4514 1855
4515 1866
4516 1028
4517 157
4518 1927
4519 184
4520 1327
4521 462
4522 1856
4523 1857
4524 462
4525 184
4526 724
4527 1858
4528 1859
4529 1020
4530 1860
4531 925
4532 1327
4533 1861
4534 91
4535 644
4536 724
4537 1862
4538 1863
4539 91
4540 1195
4541 726
4542 1864
4543 1865
4544 93
4545 1327
4546 1866
4547 2034
4548 122
4549 1406
4550 1416
4551 1867
4552 1028
4553 1868
4554 1406
4555 149
4556 1406
4557 1801
4558 1869
4559 1650
4560 1870
4561 1871
4562 1618
4563 540
4564 1872
4565 1873
4566 1004
4567 1874
4568 1875
4569 726
4570 1117
4571 1876
4572 1877
4573 893
4574 912
4575 1521
4576 557
4577 1021
4578 91
4579 1159
4580 1878
4581 1879
4582 1575
4583 1395
4584 1880
4585 1406
4586 1406
4587 1235
4588 1881
4589 509
4590 1882
4591 925
4592 1861
4593 1028
4594 994
4595 463
4596 1883
4597 1838
4598 1884
4599 1885
4600 1028
4601 1886
4602 1887
4603 1888
4604 1889
4605 980
4606 91
4607 132
4608 333
4609 149
4610 24
4611 165
4612 102
4613 1028
4614 1890
4615 1880
4616 1265
4617 200
4618 690
4619 71
4620 724
4621 1891
4622 1892
4623 838
4624 1121
4625 579
4626 1691
4627 102
4628 149
4629 659
4630 914
4631 1893
4632 359
4633 161
4634 1894
4635 866
4636 1923
4637 1895
4638 1028
4639 1028
4640 1823
4641 1122
4642 1406
4643 1406
4644 352
4645 1896
4646 169
4647 839
4648 1100
4649 1406
4650 1897
4651 1185
4652 934
4653 1088
4654 1898
4655 2
4656 1661
4657 1340
4658 1521
4659 1899
4660 1565
4661 52
4662 1197
4663 1900
4664 1439
4665 1830
4666 1901
4667 1902
4668 1903
4669 319
4670 93
4671 157
4672 18
4673 94
4674 1780
4675 406
4676 1230
4677 1230
4678 1904
4679 1103
4680 1028
4681 2007
4682 1565
4683 287
4684 176
4685 1230
4686 710
4687 983
4688 344
4689 169
4690 91
4691 91
4692 1905
4693 1028
4694 1159
4695 1185
4696 1906
4697 1159
4698 1907
4699 1028
4700 1908
4701 838
4702 1909
4703 27
4704 1910
4705 548
4706 168
4707 1118
4708 754
4709 1911
4710 1021
4711 1028
4712 1176
4713 1912
4714 1498
4715 1506
4716 1506
4717 1913
4718 1159
4719 1914
4720 1915
4721 789
4722 54
4723 1916
4724 1028
4725 1035
4726 1406
4727 1917
4728 1634
4729 1372
4730 353
4731 1918
4732 2019
4733 1444
4734 726
4735 1497
4736 753
4737 1378
4738 1677
4739 1128
4740 646
4741 1188
4742 532
4743 1108
4744 355
4745 184
4746 660
4747 741
4748 1919
4749 1406
4750 1920
4751 1028
4752 579
4753 1921
4754 454
4755 355
4756 1922
4757 1923
4758 1230
4759 1924
4760 33
4761 333
4762 942
4763 1020
4764 184
4765 1644
4766 1925
4767 184
4768 1926
4769 1070
4770 1020
4771 925
4772 684
4773 99
4774 585
4775 406
4776 1927
4777 1338
4778 838
4779 1928
4780 77
4781 1230
4782 1929
4783 1930
4784 331
4785 413
4786 1931
4787 1932
4788 1933
4789 1934
4790 1935
4791 149
4792 1936
4793 1937
4794 399
4795 1938
4796 1870
4797 501
4798 540
4799 423
4800 1746
4801 1758
4802 957
4803 1406
4804 286
4805 541
4806 546
4807 1939
4808 1940
4809 1071
4810 1941
4811 724
4812 455
4813 1159
4814 1269
4815 1406
4816 931
4817 1437
4818 1406
4819 1980
4820 91
4821 782
4822 1565
4823 1728
4824 1265
4825 93
4826 1942
4827 725
4828 1943
4829 1122
4830 1944
4831 1970
4832 1907
4833 1342
4834 1028
4835 1159
4836 1018
4837 1028
4838 1122
4839 1945
4840 1946
4841 825
4842 1926
4843 1947
4844 91
4845 579
4846 1456
4847 1948
4848 1949
4849 701
4850 1012
4851 356
4852 1028
4853 204
4854 378
4855 1416
4856 460
4857 1950
4858 1552
4859 1951
4860 1952
4861 1869
4862 328
4863 286
4864 1082
4865 1953
4866 1954
4867 157
4868 129
4869 1955
4870 1956
4871 169
4872 1788
4873 875
4874 1957
4875 1533
4876 271
4877 270
4878 579
4879 149
4880 1446
4881 1958
4882 1959
4883 355
4884 333
4885 1020
4886 1708
4887 741
4888 1355
4889 2029
4890 957
4891 93
4892 984
4893 825
4894 1960
4895 440
4896 1060
4897 339
4898 1130
4899 35
4900 1961
4901 1020
4902 89
4903 1514
4904 1962
4905 198
4906 1963
4907 1459
4908 1923
4909 132
4910 1964
4911 406
4912 132
4913 260
4914 1022
4915 782
4916 1965
4917 1966
4918 157
4919 1967
4920 2054
4921 1968
4922 1969
4923 1970
4924 1970
4925 91
4926 1971
4927 1328
4928 172
4929 1972
4930 157
4931 283
4932 1746
4933 410
4934 132
4935 94
4936 94
4937 1971
4938 1973
4939 859
4940 70
4941 157
4942 333
4943 1634
4944 2029
4945 1020
4946 1230
4947 281
4948 1974
4949 93
4950 1521
4951 1975
4952 523
4953 644
4954 1976
4955 1675
4956 537
4957 723
4958 1440
4959 94
4960 1977
4961 184
4962 169
4963 514
4964 724
4965 1439
4966 1978
4967 1979
4968 1500
4969 751
4970 391
4971 594
4972 1980
4973 806
4974 1981
4975 885
4976 1743
4977 1982
4978 1028
4979 1983
4980 1028
4981 392
4982 169
4983 176
4984 1984
4985 1290
4986 838
4987 1985
4988 2034
4989 1870
4990 1028
4991 289
4992 91
4993 1986
4994 1327
4995 1987
4996 1889
4997 724
4998 89
4999 1002
5000 680
5001 1159
5002 1988
5003 1450
5004 838
5005 1940
5006 1122
5007 978
5008 1028
5009 1989
5010 1147
5011 1990
5012 1991
5013 1992
5014 1993
5015 498
5016 91
5017 1994
5018 599
5019 1327
5020 405
5021 1995
5022 1788
5023 223
5024 1448
5025 1028
5026 355
5027 184
5028 724
5029 1996
5030 1997
5031 297
5032 672
5033 603
5034 194
5035 1358
5036 1689
5037 1970
5038 1998
5039 1999
5040 615
5041 1356
5042 871
5043 688
5044 91
5045 1028
5046 1028
5047 724
5048 501
5049 129
5050 1327
5051 609
5052 2001
5053 650
5054 90
5055 1028
5056 2002
5057 2003
5058 1327
5059 523
5060 2004
5061 728
5062 644
5063 1830
5064 2005
5065 724
5066 605
5067 2006
5068 1335
5069 893
5070 149
5071 2007
5072 1085
5073 838
5074 2008
5075 1185
5076 838
5077 2009
5078 2010
5079 925
5080 2011
5081 2012
5082 893
5083 2013
5084 2014
5085 2015
5086 2016
5087 396
5088 1627
5089 2017
5090 396
5091 377
5092 2018
5093 2019
5094 2020
5095 2021
5096 2022
5097 281
5098 723
5099 1627
5100 2023
5101 1788
5102 1788
5103 830
5104 2024
5105 1001
5106 2025
5107 2026
5108 149
5109 1406
5110 1361
5111 860
5112 1265
5113 1986
5114 981
5115 1230
5116 2027
5117 2028
5118 91
5119 406
5120 1892
5121 1688
5122 1728
5123 1324
5124 533
5125 230
5126 161
5127 1506
5128 1948
5129 2029
5130 1432
5131 2027
5132 1769
5133 2030
5134 112
5135 833
5136 1122
5137 2031
5138 43
5139 161
5140 1028
5141 2032
5142 1406
5143 2033
5144 1432
5145 289
5146 1432
5147 1028
5148 1028
5149 1112
5150 2026
5151 89
5152 289
5153 2034
5154 1160
5155 2035
5156 598
5157 2034
5158 2036
5159 2037
5160 2038
5161 2039
5162 855
5163 135
5164 420
5165 369
5166 1906
5167 644
5168 217
5169 172
5170 519
5171 2040
5172 445
5173 1467
5174 579
5175 99
5176 1406
5177 1448
5178 1617
5179 1159
5180 99
5181 1696
5182 286
5183 36
5184 2044
5185 1217
5186 2041
5187 724
5188 523
5189 2042
5190 659
5191 978
5192 2043
5193 351
5194 2054
5195 333
5196 286
5197 2044
5198 1324
5199 2045
5200 1627
5201 2046
5202 2047
5203 393
5204 2048
5205 1198
5206 132
5207 2049
5208 848
5209 1627
5210 2050
5211 1202
5212 1198
5213 2051
5214 2052
5215 1592
5216 2053
5217 2054
5218 2055
5219 2056
5220 1295
5221 1202
5222 420
5223 2057
5224 1028
5225 2058
5226 2059
5227 1901
5228 2061
5229 1906
5230 2062
5231 1065
5232 1295
5233 1159
5234 1302
5235 1118
5236 1140
5237 770
5238 2063
5239 2064
5240 184
