470
0 49
1 49
2 236
3 417
4 0
5 211
6 211
7 282
8 1
9 417
10 2
11 3
12 423
13 423
14 453
15 345
16 450
17 414
18 403
19 403
20 4
21 228
22 151
23 65
24 461
25 211
26 417
27 417
28 228
29 453
30 236
31 423
32 57
33 423
34 423
35 205
36 21
37 423
38 461
39 423
40 226
41 423
42 282
43 228
44 390
45 417
46 268
47 269
48 5
49 400
50 151
51 225
52 423
53 208
54 423
55 236
56 228
57 266
58 236
59 43
60 48
61 13
62 21
63 411
64 417
65 268
66 205
67 49
68 208
69 382
70 423
71 211
72 208
73 405
74 269
75 282
76 423
77 211
78 228
79 266
80 405
81 417
82 417
83 54
84 6
85 265
86 265
87 7
88 7
89 208
90 54
91 20
92 228
93 389
94 228
95 151
96 269
97 8
98 78
99 450
100 217
101 450
102 236
103 248
104 403
105 226
106 9
107 10
108 208
109 450
110 403
111 266
112 11
113 65
114 228
115 151
116 211
117 268
118 63
119 157
120 12
121 49
122 282
123 282
124 208
125 13
126 279
127 450
128 268
129 151
130 151
131 236
132 225
133 65
134 285
135 282
136 217
137 21
138 54
139 228
140 226
141 423
142 282
143 389
144 226
145 228
146 21
147 269
148 268
149 45
150 423
151 49
152 211
153 178
154 268
155 396
156 151
157 451
158 208
159 276
160 282
161 49
162 266
163 14
164 403
165 65
166 217
167 264
168 228
169 451
170 43
171 205
172 205
173 15
174 63
175 225
176 62
177 417
178 417
179 417
180 49
181 151
182 269
183 228
184 228
185 446
186 282
187 144
188 226
189 236
190 268
191 423
192 423
193 228
194 228
195 266
196 54
197 228
198 236
199 16
200 17
201 54
202 54
203 282
204 228
205 268
206 268
207 266
208 423
209 228
210 228
211 65
212 446
213 389
214 18
215 423
216 423
217 268
218 236
219 403
220 423
221 228
222 65
223 282
224 450
225 19
226 254
227 423
228 20
229 423
230 65
231 389
232 87
233 423
234 296
235 21
236 62
237 403
238 397
239 423
240 416
241 236
242 65
243 266
244 65
245 453
246 50
247 62
248 228
249 151
250 266
251 228
252 266
253 423
254 423
255 423
256 269
257 386
258 228
259 228
260 282
261 228
262 282
263 21
264 63
265 236
266 265
267 22
268 423
269 282
270 23
271 24
272 25
273 151
274 217
275 266
276 228
277 151
278 266
279 21
280 268
281 389
282 26
283 208
284 414
285 266
286 264
287 21
288 211
289 211
290 405
291 206
292 80
293 276
294 276
295 269
296 450
297 403
298 220
299 408
300 403
301 220
302 227
303 228
304 27
305 403
306 282
307 228
308 49
309 21
310 227
311 386
312 220
313 403
314 282
315 49
316 403
317 403
318 268
319 208
320 28
321 264
322 21
323 417
324 282
325 461
326 29
327 417
328 389
329 389
330 30
331 228
332 31
333 386
334 386
335 419
336 403
337 63
338 264
339 32
340 32
341 228
342 32
343 49
344 236
345 228
346 65
347 282
348 268
349 220
350 226
351 451
352 65
353 389
354 423
355 208
356 62
357 33
358 450
359 228
360 151
361 453
362 423
363 450
364 78
365 446
366 34
367 282
368 403
369 403
370 403
371 226
372 228
373 78
374 417
375 62
376 446
377 208
378 228
379 35
380 36
381 37
382 228
383 43
384 228
385 236
386 269
387 38
388 266
389 208
390 228
391 276
392 63
393 389
394 228
395 342
396 228
397 39
398 403
399 49
400 266
401 21
402 389
403 417
404 65
405 43
406 65
407 211
408 225
409 411
410 217
411 228
412 269
413 228
414 43
415 282
416 389
417 65
418 236
419 40
420 62
421 266
422 41
423 226
424 43
425 413
426 268
427 403
428 403
429 151
430 282
431 405
432 282
433 211
434 266
435 208
436 211
437 151
438 228
439 266
440 266
441 282
442 423
443 236
444 21
445 49
446 49
447 228
448 450
449 62
450 405
451 228
452 62
453 266
454 408
455 63
456 228
457 21
458 42
459 49
460 50
461 228
462 62
463 469
464 236
465 236
466 78
467 65
468 225
469 225
470 228
471 65
472 21
473 423
474 226
475 236
476 43
477 50
478 450
479 226
480 268
481 21
482 49
483 268
484 405
485 417
486 44
487 453
488 151
489 266
490 266
491 423
492 266
493 45
494 453
495 228
496 62
497 62
498 43
499 389
500 49
501 407
502 46
503 405
504 47
505 423
506 405
507 54
508 226
509 43
510 405
511 63
512 423
513 65
514 450
515 408
516 21
517 21
518 208
519 269
520 423
521 49
522 228
523 211
524 199
525 208
526 264
527 282
528 48
529 49
530 389
531 49
532 205
533 65
534 21
535 276
536 78
537 49
538 228
539 228
540 62
541 269
542 451
543 269
544 423
545 423
546 63
547 423
548 282
549 228
550 228
551 236
552 264
553 268
554 49
555 446
556 50
557 62
558 282
559 417
560 228
561 228
562 43
563 264
564 389
565 269
566 228
567 21
568 269
569 276
570 226
571 51
572 451
573 228
574 225
575 423
576 420
577 49
578 236
579 282
580 241
581 43
582 228
583 21
584 228
585 427
586 228
587 208
588 264
589 266
590 236
591 276
592 450
593 228
594 228
595 32
596 43
597 268
598 269
599 54
600 282
601 269
602 217
603 282
604 63
605 266
606 266
607 208
608 65
609 282
610 208
611 268
612 151
613 266
614 52
615 264
616 226
617 217
618 282
619 53
620 389
621 50
622 389
623 211
624 282
625 276
626 409
627 264
628 282
629 45
630 411
631 183
632 228
633 43
634 55
635 228
636 62
637 268
638 451
639 228
640 228
641 450
642 228
643 268
644 62
645 226
646 226
647 282
648 54
649 226
650 282
651 228
652 65
653 423
654 236
655 10
656 151
657 211
658 151
659 269
660 31
661 65
662 62
663 423
664 56
665 217
666 228
667 423
668 423
669 268
670 423
671 423
672 268
673 386
674 268
675 228
676 205
677 211
678 461
679 226
680 423
681 49
682 405
683 451
684 217
685 21
686 266
687 268
688 450
689 236
690 54
691 225
692 49
693 65
694 217
695 36
696 31
697 31
698 49
699 21
700 225
701 389
702 10
703 228
704 63
705 423
706 423
707 266
708 282
709 225
710 451
711 228
712 269
713 57
714 417
715 236
716 268
717 65
718 21
719 298
720 50
721 268
722 58
723 151
724 236
725 423
726 228
727 228
728 228
729 54
730 268
731 59
732 228
733 60
734 65
735 228
736 282
737 228
738 62
739 21
740 151
741 54
742 268
743 282
744 411
745 282
746 228
747 61
748 269
749 49
750 151
751 228
752 65
753 236
754 43
755 423
756 228
757 21
758 225
759 62
760 49
761 42
762 151
763 228
764 211
765 269
766 269
767 208
768 423
769 63
770 63
771 405
772 228
773 151
774 63
775 208
776 228
777 65
778 266
779 63
780 282
781 276
782 65
783 65
784 228
785 423
786 54
787 31
788 423
789 236
790 64
791 417
792 453
793 225
794 205
795 65
796 264
797 228
798 21
799 453
800 438
801 21
802 49
803 65
804 66
805 211
806 21
807 269
808 266
809 228
810 67
811 65
812 68
813 49
814 453
815 211
816 266
817 228
818 417
819 183
820 417
821 268
822 236
823 453
824 266
825 63
826 217
827 65
828 65
829 69
830 248
831 403
832 423
833 62
834 70
835 71
836 236
837 72
838 254
839 423
840 276
841 423
842 226
843 197
844 264
845 175
846 21
847 275
848 282
849 268
850 276
851 205
852 151
853 257
854 228
855 228
856 453
857 228
858 73
859 228
860 62
861 62
862 411
863 389
864 62
865 228
866 50
867 217
868 43
869 228
870 411
871 228
872 268
873 211
874 268
875 217
876 228
877 62
878 282
879 74
880 268
881 417
882 62
883 75
884 276
885 65
886 211
887 76
888 423
889 423
890 225
891 225
892 208
893 211
894 423
895 264
896 77
897 266
898 78
899 411
900 264
901 21
902 79
903 236
904 151
905 228
906 268
907 65
908 21
909 21
910 228
911 228
912 54
913 65
914 276
915 151
916 50
917 62
918 49
919 211
920 266
921 211
922 266
923 414
924 226
925 228
926 423
927 62
928 423
929 151
930 21
931 225
932 228
933 80
934 226
935 236
936 151
937 205
938 461
939 411
940 266
941 417
942 417
943 423
944 208
945 81
946 225
947 236
948 282
949 411
950 423
951 266
952 266
953 43
954 49
955 62
956 451
957 146
958 423
959 82
960 266
961 65
962 83
963 10
964 211
965 236
966 423
967 21
968 31
969 236
970 65
971 386
972 446
973 282
974 228
975 65
976 282
977 49
978 211
979 389
980 276
981 65
982 389
983 49
984 151
985 211
986 84
987 228
988 459
989 266
990 85
991 86
992 49
993 87
994 49
995 226
996 450
997 211
998 88
999 225
1000 403
1001 228
1002 217
1003 423
1004 266
1005 389
1006 151
1007 89
1008 423
1009 405
1010 266
1011 423
1012 451
1013 211
1014 423
1015 228
1016 50
1017 268
1018 49
1019 49
1020 228
1021 90
1022 91
1023 228
1024 236
1025 282
1026 228
1027 228
1028 92
1029 266
1030 50
1031 453
1032 66
1033 62
1034 282
1035 62
1036 53
1037 49
1038 205
1039 50
1040 282
1041 269
1042 217
1043 266
1044 21
1045 450
1046 228
1047 115
1048 266
1049 208
1050 217
1051 65
1052 211
1053 446
1054 423
1055 228
1056 264
1057 225
1058 228
1059 226
1060 266
1061 228
1062 32
1063 208
1064 423
1065 79
1066 217
1067 162
1068 450
1069 236
1070 49
1071 228
1072 43
1073 423
1074 163
1075 389
1076 265
1077 389
1078 88
1079 453
1080 93
1081 453
1082 225
1083 411
1084 266
1085 225
1086 49
1087 30
1088 266
1089 266
1090 423
1091 423
1092 62
1093 211
1094 269
1095 228
1096 450
1097 236
1098 423
1099 446
1100 228
1101 372
1102 226
1103 276
1104 49
1105 49
1106 236
1107 228
1108 49
1109 228
1110 269
1111 62
1112 211
1113 211
1114 66
1115 225
1116 94
1117 268
1118 226
1119 236
1120 65
1121 423
1122 211
1123 208
1124 95
1125 96
1126 236
1127 417
1128 50
1129 65
1130 226
1131 268
1132 269
1133 228
1134 417
1135 62
1136 49
1137 276
1138 97
1139 47
1140 423
1141 49
1142 228
1143 158
1144 236
1145 450
1146 98
1147 211
1148 266
1149 389
1150 49
1151 211
1152 226
1153 19
1154 423
1155 268
1156 268
1157 217
1158 266
1159 228
1160 408
1161 21
1162 266
1163 54
1164 217
1165 453
1166 123
1167 99
1168 446
1169 450
1170 450
1171 256
1172 442
1173 446
1174 264
1175 386
1176 265
1177 21
1178 269
1179 49
1180 264
1181 423
1182 446
1183 228
1184 100
1185 226
1186 228
1187 226
1188 101
1189 49
1190 63
1191 386
1192 62
1193 403
1194 6
1195 446
1196 62
1197 265
1198 49
1199 208
1200 208
1201 296
1202 78
1203 62
1204 269
1205 405
1206 21
1207 265
1208 403
1209 228
1210 21
1211 265
1212 263
1213 228
1214 63
1215 54
1216 151
1217 371
1218 417
1219 62
1220 405
1221 264
1222 62
1223 266
1224 268
1225 21
1226 423
1227 446
1228 21
1229 265
1230 228
1231 282
1232 77
1233 423
1234 228
1235 423
1236 282
1237 282
1238 423
1239 266
1240 247
1241 21
1242 423
1243 265
1244 208
1245 282
1246 269
1247 269
1248 102
1249 266
1250 266
1251 49
1252 264
1253 50
1254 269
1255 403
1256 205
1257 423
1258 282
1259 266
1260 225
1261 49
1262 49
1263 417
1264 268
1265 220
1266 228
1267 66
1268 217
1269 66
1270 226
1271 269
1272 21
1273 423
1274 423
1275 423
1276 423
1277 423
1278 225
1279 264
1280 423
1281 405
1282 450
1283 265
1284 264
1285 389
1286 220
1287 62
1288 45
1289 103
1290 423
1291 228
1292 417
1293 423
1294 228
1295 266
1296 268
1297 450
1298 21
1299 282
1300 386
1301 389
1302 104
1303 49
1304 49
1305 62
1306 66
1307 266
1308 403
1309 49
1310 423
1311 423
1312 65
1313 105
1314 265
1315 151
1316 217
1317 423
1318 423
1319 401
1320 21
1321 66
1322 265
1323 49
1324 405
1325 282
1326 21
1327 217
1328 264
1329 106
1330 265
1331 236
1332 453
1333 226
1334 226
1335 405
1336 21
1337 228
1338 54
1339 211
1340 151
1341 268
1342 461
1343 226
1344 54
1345 63
1346 107
1347 450
1348 31
1349 228
1350 269
1351 417
1352 389
1353 450
1354 446
1355 63
1356 78
1357 269
1358 423
1359 269
1360 403
1361 151
1362 54
1363 211
1364 228
1365 228
1366 151
1367 269
1368 236
1369 228
1370 228
1371 414
1372 453
1373 453
1374 266
1375 423
1376 269
1377 282
1378 50
1379 228
1380 49
1381 220
1382 282
1383 370
1384 446
1385 78
1386 389
1387 351
1388 228
1389 437
1390 211
1391 208
1392 266
1393 220
1394 63
1395 282
1396 50
1397 266
1398 205
1399 309
1400 450
1401 95
1402 266
1403 21
1404 211
1405 453
1406 228
1407 446
1408 269
1409 450
1410 446
1411 78
1412 268
1413 50
1414 423
1415 211
1416 417
1417 78
1418 50
1419 211
1420 450
1421 228
1422 450
1423 446
1424 408
1425 151
1426 408
1427 405
1428 228
1429 151
1430 211
1431 276
1432 423
1433 49
1434 108
1435 49
1436 228
1437 109
1438 403
1439 228
1440 228
1441 220
1442 65
1443 268
1444 110
1445 403
1446 282
1447 146
1448 208
1449 151
1450 295
1451 276
1452 49
1453 269
1454 408
1455 208
1456 225
1457 417
1458 248
1459 228
1460 228
1461 450
1462 450
1463 228
1464 226
1465 450
1466 151
1467 450
1468 308
1469 268
1470 248
1471 453
1472 228
1473 208
1474 228
1475 266
1476 314
1477 264
1478 183
1479 453
1480 453
1481 389
1482 389
1483 423
1484 417
1485 228
1486 208
1487 317
1488 211
1489 226
1490 226
1491 62
1492 228
1493 208
1494 111
1495 282
1496 450
1497 450
1498 236
1499 450
1500 50
1501 228
1502 417
1503 451
1504 269
1505 268
1506 264
1507 423
1508 65
1509 65
1510 208
1511 423
1512 217
1513 450
1514 69
1515 413
1516 405
1517 65
1518 112
1519 225
1520 423
1521 113
1522 269
1523 77
1524 77
1525 43
1526 255
1527 118
1528 184
1529 217
1530 228
1531 208
1532 268
1533 266
1534 50
1535 264
1536 208
1537 49
1538 228
1539 114
1540 228
1541 21
1542 411
1543 423
1544 228
1545 65
1546 54
1547 49
1548 115
1549 228
1550 417
1551 183
1552 50
1553 334
1554 423
1555 423
1556 389
1557 151
1558 389
1559 269
1560 54
1561 151
1562 228
1563 151
1564 450
1565 269
1566 423
1567 228
1568 228
1569 205
1570 151
1571 50
1572 50
1573 282
1574 151
1575 54
1576 116
1577 198
1578 117
1579 98
1580 423
1581 65
1582 226
1583 63
1584 451
1585 236
1586 265
1587 236
1588 217
1589 265
1590 405
1591 228
1592 423
1593 69
1594 43
1595 43
1596 268
1597 451
1598 65
1599 62
1600 21
1601 18
1602 423
1603 423
1604 282
1605 93
1606 269
1607 151
1608 423
1609 226
1610 269
1611 62
1612 269
1613 21
1614 236
1615 450
1616 276
1617 62
1618 62
1619 450
1620 151
1621 228
1622 28
1623 266
1624 208
1625 276
1626 228
1627 268
1628 118
1629 236
1630 228
1631 423
1632 423
1633 269
1634 65
1635 266
1636 211
1637 266
1638 268
1639 49
1640 62
1641 265
1642 282
1643 266
1644 341
1645 228
1646 269
1647 264
1648 422
1649 282
1650 21
1651 450
1652 423
1653 217
1654 389
1655 423
1656 423
1657 282
1658 423
1659 226
1660 208
1661 453
1662 65
1663 225
1664 65
1665 451
1666 228
1667 236
1668 436
1669 453
1670 228
1671 21
1672 453
1673 228
1674 405
1675 119
1676 411
1677 432
1678 423
1679 62
1680 453
1681 21
1682 236
1683 228
1684 120
1685 226
1686 282
1687 121
1688 62
1689 266
1690 423
1691 62
1692 226
1693 62
1694 49
1695 228
1696 403
1697 122
1698 423
1699 21
1700 389
1701 228
1702 228
1703 228
1704 269
1705 65
1706 54
1707 54
1708 282
1709 266
1710 423
1711 217
1712 21
1713 423
1714 55
1715 228
1716 228
1717 264
1718 49
1719 268
1720 405
1721 450
1722 453
1723 453
1724 264
1725 461
1726 233
1727 226
1728 123
1729 228
1730 228
1731 276
1732 276
1733 21
1734 266
1735 265
1736 269
1737 403
1738 268
1739 282
1740 78
1741 446
1742 228
1743 151
1744 217
1745 264
1746 21
1747 228
1748 423
1749 423
1750 417
1751 417
1752 55
1753 65
1754 274
1755 282
1756 236
1757 450
1758 226
1759 404
1760 228
1761 450
1762 54
1763 21
1764 151
1765 124
1766 62
1767 78
1768 423
1769 417
1770 454
1771 423
1772 282
1773 125
1774 401
1775 268
1776 453
1777 49
1778 228
1779 266
1780 269
1781 228
1782 62
1783 62
1784 228
1785 78
1786 282
1787 266
1788 126
1789 126
1790 217
1791 63
1792 151
1793 266
1794 211
1795 21
1796 65
1797 228
1798 266
1799 282
1800 264
1801 228
1802 269
1803 453
1804 269
1805 417
1806 236
1807 225
1808 453
1809 151
1810 78
1811 208
1812 65
1813 11
1814 65
1815 403
1816 461
1817 450
1818 151
1819 226
1820 217
1821 49
1822 208
1823 63
1824 236
1825 417
1826 453
1827 453
1828 405
1829 228
1830 63
1831 282
1832 403
1833 453
1834 461
1835 41
1836 276
1837 205
1838 417
1839 282
1840 21
1841 183
1842 228
1843 405
1844 228
1845 228
1846 450
1847 228
1848 268
1849 49
1850 228
1851 228
1852 221
1853 417
1854 127
1855 453
1856 50
1857 446
1858 228
1859 217
1860 78
1861 50
1862 128
1863 128
1864 423
1865 268
1866 228
1867 236
1868 453
1869 265
1870 217
1871 63
1872 7
1873 43
1874 205
1875 282
1876 49
1877 21
1878 423
1879 228
1880 268
1881 225
1882 228
1883 282
1884 236
1885 63
1886 49
1887 54
1888 226
1889 450
1890 282
1891 151
1892 151
1893 266
1894 264
1895 236
1896 450
1897 268
1898 268
1899 282
1900 266
1901 22
1902 228
1903 228
1904 63
1905 49
1906 228
1907 228
1908 228
1909 151
1910 208
1911 151
1912 423
1913 423
1914 423
1915 386
1916 389
1917 423
1918 236
1919 228
1920 226
1921 208
1922 389
1923 208
1924 129
1925 283
1926 228
1927 78
1928 130
1929 266
1930 228
1931 226
1932 423
1933 265
1934 236
1935 453
1936 62
1937 62
1938 86
1939 208
1940 228
1941 228
1942 446
1943 282
1944 403
1945 446
1946 78
1947 423
1948 266
1949 446
1950 345
1951 417
1952 228
1953 266
1954 423
1955 266
1956 78
1957 49
1958 131
1959 62
1960 453
1961 54
1962 83
1963 132
1964 133
1965 134
1966 135
1967 76
1968 423
1969 226
1970 228
1971 389
1972 151
1973 226
1974 136
1975 137
1976 208
1977 266
1978 226
1979 289
1980 211
1981 49
1982 151
1983 236
1984 54
1985 62
1986 62
1987 180
1988 49
1989 236
1990 236
1991 49
1992 236
1993 54
1994 464
1995 101
1996 245
1997 399
1998 264
1999 228
2000 228
2001 423
2002 268
2003 394
2004 276
2005 405
2006 226
2007 405
2008 266
2009 451
2010 450
2011 62
2012 228
2013 411
2014 236
2015 211
2016 228
2017 265
2018 228
2019 138
2020 423
2021 286
2022 405
2023 146
2024 389
2025 228
2026 453
2027 78
2028 228
2029 205
2030 228
2031 266
2032 49
2033 49
2034 228
2035 78
2036 139
2037 268
2038 134
2039 140
2040 405
2041 49
2042 269
2043 236
2044 266
2045 423
2046 62
2047 226
2048 141
2049 205
2050 282
2051 403
2052 142
2053 228
2054 217
2055 453
2056 449
2057 446
2058 228
2059 385
2060 405
2061 283
2062 268
2063 236
2064 450
2065 453
2066 453
2067 423
2068 264
2069 266
2070 62
2071 228
2072 453
2073 50
2074 208
2075 211
2076 143
2077 144
2078 54
2079 268
2080 268
2081 226
2082 265
2083 151
2084 226
2085 65
2086 49
2087 145
2088 65
2089 266
2090 236
2091 78
2092 49
2093 423
2094 43
2095 63
2096 226
2097 43
2098 454
2099 236
2100 78
2101 269
2102 269
2103 151
2104 50
2105 50
2106 228
2107 146
2108 226
2109 451
2110 228
2111 451
2112 451
2113 403
2114 220
2115 147
2116 228
2117 148
2118 227
2119 269
2120 446
2121 49
2122 423
2123 453
2124 63
2125 65
2126 149
2127 268
2128 228
2129 276
2130 208
2131 282
2132 150
2133 266
2134 282
2135 205
2136 151
2137 228
2138 408
2139 236
2140 405
2141 236
2142 417
2143 208
2144 236
2145 417
2146 151
2147 236
2148 220
2149 417
2150 236
2151 276
2152 282
2153 276
2154 151
2155 152
2156 151
2157 181
2158 389
2159 228
2160 228
2161 49
2162 389
2163 282
2164 78
2165 276
2166 269
2167 208
2168 228
2169 228
2170 269
2171 276
2172 269
2173 236
2174 228
2175 405
2176 423
2177 205
2178 451
2179 211
2180 403
2181 228
2182 403
2183 63
2184 268
2185 282
2186 21
2187 151
2188 21
2189 282
2190 389
2191 446
2192 220
2193 50
2194 417
2195 269
2196 211
2197 228
2198 228
2199 403
2200 153
2201 43
2202 265
2203 266
2204 54
2205 268
2206 151
2207 43
2208 228
2209 228
2210 51
2211 217
2212 49
2213 268
2214 286
2215 208
2216 154
2217 423
2218 226
2219 236
2220 405
2221 423
2222 236
2223 151
2224 43
2225 269
2226 411
2227 264
2228 54
2229 62
2230 282
2231 208
2232 266
2233 155
2234 282
2235 62
2236 226
2237 208
2238 228
2239 423
2240 423
2241 50
2242 62
2243 228
2244 228
2245 65
2246 268
2247 65
2248 228
2249 403
2250 186
2251 63
2252 389
2253 21
2254 21
2255 205
2256 65
2257 228
2258 21
2259 282
2260 268
2261 78
2262 225
2263 211
2264 265
2265 78
2266 423
2267 269
2268 266
2269 236
2270 62
2271 268
2272 266
2273 81
2274 208
2275 254
2276 65
2277 156
2278 50
2279 208
2280 49
2281 423
2282 228
2283 49
2284 49
2285 21
2286 78
2287 423
2288 403
2289 269
2290 50
2291 208
2292 208
2293 268
2294 268
2295 405
2296 411
2297 228
2298 423
2299 453
2300 414
2301 423
2302 157
2303 158
2304 228
2305 62
2306 282
2307 461
2308 417
2309 461
2310 78
2311 217
2312 236
2313 217
2314 423
2315 254
2316 362
2317 266
2318 405
2319 49
2320 56
2321 159
2322 66
2323 43
2324 21
2325 423
2326 379
2327 211
2328 211
2329 205
2330 228
2331 157
2332 269
2333 228
2334 236
2335 345
2336 417
2337 62
2338 282
2339 228
2340 423
2341 423
2342 54
2343 405
2344 49
2345 160
2346 268
2347 266
2348 423
2349 228
2350 389
2351 264
2352 21
2353 226
2354 423
2355 236
2356 461
2357 423
2358 447
2359 423
2360 268
2361 423
2362 411
2363 228
2364 49
2365 208
2366 21
2367 151
2368 21
2369 21
2370 265
2371 62
2372 266
2373 226
2374 266
2375 276
2376 228
2377 266
2378 49
2379 423
2380 268
2381 446
2382 423
2383 49
2384 217
2385 276
2386 273
2387 228
2388 225
2389 266
2390 226
2391 211
2392 53
2393 282
2394 66
2395 389
2396 228
2397 228
2398 408
2399 228
2400 265
2401 226
2402 266
2403 265
2404 21
2405 268
2406 228
2407 151
2408 63
2409 49
2410 228
2411 450
2412 453
2413 264
2414 226
2415 161
2416 49
2417 211
2418 266
2419 451
2420 236
2421 266
2422 217
2423 268
2424 225
2425 62
2426 265
2427 265
2428 266
2429 269
2430 65
2431 282
2432 208
2433 450
2434 228
2435 453
2436 423
2437 423
2438 52
2439 62
2440 162
2441 236
2442 65
2443 211
2444 282
2445 228
2446 228
2447 268
2448 236
2449 265
2450 282
2451 266
2452 229
2453 146
2454 269
2455 282
2456 282
2457 228
2458 228
2459 266
2460 423
2461 65
2462 405
2463 266
2464 266
2465 417
2466 43
2467 228
2468 228
2469 211
2470 49
2471 44
2472 228
2473 65
2474 269
2475 54
2476 401
2477 266
2478 49
2479 423
2480 217
2481 21
2482 228
2483 228
2484 228
2485 228
2486 63
2487 63
2488 163
2489 282
2490 282
2491 423
2492 423
2493 282
2494 269
2495 461
2496 21
2497 65
2498 220
2499 49
2500 423
2501 228
2502 450
2503 266
2504 228
2505 54
2506 65
2507 225
2508 264
2509 65
2510 21
2511 21
2512 21
2513 21
2514 62
2515 211
2516 208
2517 228
2518 228
2519 228
2520 236
2521 62
2522 65
2523 236
2524 54
2525 269
2526 228
2527 451
2528 451
2529 268
2530 211
2531 228
2532 211
2533 43
2534 65
2535 282
2536 21
2537 228
2538 282
2539 228
2540 228
2541 62
2542 228
2543 282
2544 225
2545 228
2546 226
2547 21
2548 211
2549 417
2550 417
2551 211
2552 236
2553 453
2554 389
2555 141
2556 461
2557 266
2558 423
2559 423
2560 450
2561 446
2562 446
2563 228
2564 211
2565 269
2566 228
2567 423
2568 386
2569 423
2570 423
2571 65
2572 403
2573 450
2574 408
2575 282
2576 282
2577 403
2578 446
2579 220
2580 205
2581 49
2582 227
2583 403
2584 403
2585 227
2586 403
2587 450
2588 403
2589 164
2590 282
2591 403
2592 1
2593 266
2594 49
2595 408
2596 43
2597 403
2598 408
2599 217
2600 268
2601 389
2602 63
2603 403
2604 179
2605 282
2606 282
2607 220
2608 383
2609 236
2610 419
2611 62
2612 43
2613 389
2614 423
2615 405
2616 146
2617 423
2618 339
2619 266
2620 423
2621 228
2622 228
2623 454
2624 228
2625 66
2626 450
2627 228
2628 228
2629 386
2630 236
2631 91
2632 268
2633 35
2634 43
2635 265
2636 53
2637 266
2638 84
2639 208
2640 405
2641 266
2642 268
2643 151
2644 369
2645 228
2646 21
2647 266
2648 453
2649 269
2650 268
2651 423
2652 21
2653 217
2654 49
2655 49
2656 43
2657 423
2658 211
2659 450
2660 411
2661 165
2662 266
2663 63
2664 63
2665 236
2666 228
2667 226
2668 282
2669 228
2670 446
2671 211
2672 450
2673 446
2674 65
2675 166
2676 236
2677 62
2678 266
2679 236
2680 49
2681 65
2682 266
2683 33
2684 62
2685 62
2686 423
2687 266
2688 451
2689 208
2690 62
2691 228
2692 167
2693 49
2694 168
2695 228
2696 151
2697 236
2698 451
2699 236
2700 43
2701 266
2702 183
2703 49
2704 211
2705 220
2706 151
2707 264
2708 236
2709 151
2710 282
2711 226
2712 228
2713 21
2714 65
2715 405
2716 397
2717 49
2718 208
2719 282
2720 451
2721 405
2722 228
2723 266
2724 62
2725 266
2726 389
2727 228
2728 158
2729 123
2730 282
2731 268
2732 403
2733 228
2734 423
2735 228
2736 205
2737 199
2738 205
2739 208
2740 423
2741 228
2742 268
2743 211
2744 211
2745 282
2746 423
2747 208
2748 269
2749 228
2750 21
2751 169
2752 403
2753 268
2754 170
2755 205
2756 49
2757 423
2758 417
2759 417
2760 268
2761 228
2762 236
2763 417
2764 236
2765 220
2766 220
2767 208
2768 228
2769 63
2770 411
2771 269
2772 228
2773 282
2774 423
2775 171
2776 264
2777 411
2778 405
2779 405
2780 423
2781 208
2782 386
2783 268
2784 405
2785 228
2786 228
2787 268
2788 228
2789 65
2790 225
2791 282
2792 205
2793 78
2794 50
2795 49
2796 269
2797 226
2798 49
2799 217
2800 228
2801 451
2802 453
2803 65
2804 211
2805 217
2806 236
2807 228
2808 21
2809 65
2810 266
2811 423
2812 268
2813 208
2814 461
2815 63
2816 266
2817 49
2818 236
2819 21
2820 266
2821 423
2822 228
2823 217
2824 228
2825 226
2826 269
2827 405
2828 49
2829 446
2830 423
2831 434
2832 265
2833 296
2834 260
2835 264
2836 151
2837 408
2838 62
2839 158
2840 49
2841 423
2842 282
2843 172
2844 74
2845 226
2846 228
2847 423
2848 211
2849 417
2850 276
2851 173
2852 417
2853 78
2854 282
2855 423
2856 228
2857 268
2858 389
2859 226
2860 269
2861 228
2862 228
2863 228
2864 228
2865 211
2866 205
2867 65
2868 236
2869 417
2870 389
2871 423
2872 423
2873 269
2874 268
2875 268
2876 228
2877 226
2878 228
2879 405
2880 372
2881 226
2882 228
2883 49
2884 268
2885 49
2886 226
2887 417
2888 65
2889 423
2890 146
2891 228
2892 405
2893 236
2894 228
2895 226
2896 217
2897 208
2898 269
2899 266
2900 228
2901 208
2902 228
2903 236
2904 49
2905 269
2906 417
2907 208
2908 43
2909 417
2910 174
2911 175
2912 151
2913 211
2914 227
2915 49
2916 266
2917 21
2918 277
2919 450
2920 268
2921 176
2922 228
2923 177
2924 450
2925 228
2926 236
2927 205
2928 417
2929 228
2930 49
2931 269
2932 49
2933 266
2934 266
2935 217
2936 228
2937 266
2938 282
2939 423
2940 225
2941 266
2942 228
2943 264
2944 211
2945 136
2946 228
2947 211
2948 271
2949 228
2950 265
2951 228
2952 21
2953 228
2954 49
2955 423
2956 211
2957 16
2958 259
2959 266
2960 389
2961 211
2962 54
2963 226
2964 228
2965 450
2966 228
2967 43
2968 264
2969 236
2970 228
2971 208
2972 269
2973 264
2974 450
2975 269
2976 282
2977 228
2978 228
2979 183
2980 183
2981 183
2982 228
2983 236
2984 65
2985 43
2986 228
2987 21
2988 266
2989 228
2990 228
2991 417
2992 78
2993 228
2994 228
2995 236
2996 268
2997 49
2998 247
2999 276
3000 405
3001 423
3002 453
3003 215
3004 228
3005 178
3006 236
3007 268
3008 151
3009 65
3010 49
3011 49
3012 49
3013 54
3014 62
3015 65
3016 282
3017 228
3018 423
3019 269
3020 269
3021 282
3022 217
3023 266
3024 327
3025 228
3026 282
3027 228
3028 226
3029 453
3030 62
3031 228
3032 225
3033 417
3034 236
3035 228
3036 228
3037 423
3038 423
3039 62
3040 461
3041 62
3042 225
3043 373
3044 151
3045 49
3046 208
3047 217
3048 226
3049 277
3050 225
3051 282
3052 269
3053 450
3054 446
3055 236
3056 405
3057 21
3058 217
3059 446
3060 458
3061 276
3062 211
3063 151
3064 151
3065 228
3066 268
3067 228
3068 236
3069 268
3070 226
3071 179
3072 268
3073 20
3074 268
3075 282
3076 65
3077 264
3078 265
3079 62
3080 282
3081 62
3082 54
3083 423
3084 268
3085 269
3086 453
3087 423
3088 423
3089 208
3090 65
3091 228
3092 46
3093 180
3094 181
3095 228
3096 265
3097 182
3098 269
3099 282
3100 225
3101 268
3102 450
3103 446
3104 50
3105 266
3106 65
3107 451
3108 54
3109 63
3110 282
3111 226
3112 146
3113 65
3114 423
3115 208
3116 211
3117 282
3118 217
3119 211
3120 276
3121 21
3122 21
3123 217
3124 21
3125 276
3126 43
3127 228
3128 228
3129 228
3130 228
3131 282
3132 262
3133 62
3134 456
3135 62
3136 43
3137 282
3138 228
3139 62
3140 54
3141 34
3142 40
3143 188
3144 21
3145 269
3146 151
3147 133
3148 228
3149 236
3150 217
3151 268
3152 446
3153 417
3154 423
3155 53
3156 403
3157 389
3158 217
3159 417
3160 450
3161 450
3162 451
3163 228
3164 266
3165 282
3166 140
3167 213
3168 65
3169 417
3170 65
3171 228
3172 282
3173 236
3174 301
3175 269
3176 228
3177 364
3178 268
3179 268
3180 217
3181 266
3182 282
3183 65
3184 196
3185 21
3186 114
3187 228
3188 403
3189 446
3190 299
3191 450
3192 336
3193 228
3194 367
3195 30
3196 133
3197 151
3198 83
3199 21
3200 276
3201 450
3202 450
3203 65
3204 228
3205 50
3206 450
3207 228
3208 266
3209 330
3210 65
3211 276
3212 183
3213 205
3214 75
3215 266
3216 282
3217 282
3218 338
3219 389
3220 43
3221 208
3222 10
3223 403
3224 282
3225 276
3226 228
3227 403
3228 403
3229 236
3230 450
3231 168
3232 266
3233 48
3234 446
3235 446
3236 269
3237 21
3238 225
3239 226
3240 43
3241 228
3242 228
3243 266
3244 265
3245 65
3246 65
3247 417
3248 405
3249 405
3250 97
3251 268
3252 50
3253 450
3254 184
3255 453
3256 185
3257 228
3258 228
3259 453
3260 186
3261 187
3262 211
3263 446
3264 265
3265 405
3266 43
3267 403
3268 228
3269 450
3270 276
3271 450
3272 446
3273 217
3274 226
3275 211
3276 65
3277 43
3278 226
3279 228
3280 78
3281 450
3282 403
3283 282
3284 403
3285 403
3286 205
3287 408
3288 266
3289 188
3290 403
3291 423
3292 151
3293 228
3294 236
3295 208
3296 155
3297 417
3298 62
3299 5
3300 417
3301 276
3302 265
3303 228
3304 403
3305 450
3306 403
3307 450
3308 359
3309 417
3310 403
3311 211
3312 405
3313 343
3314 228
3315 450
3316 423
3317 50
3318 208
3319 68
3320 50
3321 78
3322 287
3323 228
3324 228
3325 269
3326 269
3327 228
3328 62
3329 423
3330 189
3331 190
3332 43
3333 62
3334 164
3335 266
3336 453
3337 417
3338 282
3339 266
3340 151
3341 423
3342 191
3343 192
3344 193
3345 65
3346 228
3347 21
3348 268
3349 49
3350 268
3351 228
3352 266
3353 389
3354 282
3355 194
3356 423
3357 264
3358 21
3359 54
3360 266
3361 236
3362 228
3363 151
3364 228
3365 151
3366 228
3367 226
3368 228
3369 228
3370 144
3371 228
3372 405
3373 228
3374 195
3375 226
3376 62
3377 54
3378 62
3379 403
3380 226
3381 324
3382 228
3383 228
3384 151
3385 228
3386 451
3387 228
3388 453
3389 37
3390 236
3391 405
3392 226
3393 266
3394 405
3395 236
3396 228
3397 195
3398 282
3399 450
3400 211
3401 423
3402 403
3403 403
3404 209
3405 62
3406 403
3407 49
3408 282
3409 205
3410 403
3411 183
3412 49
3413 265
3414 143
3415 228
3416 63
3417 236
3418 66
3419 264
3420 228
3421 276
3422 322
3423 403
3424 228
3425 269
3426 211
3427 282
3428 226
3429 151
3430 403
3431 227
3432 228
3433 446
3434 450
3435 151
3436 408
3437 282
3438 236
3439 248
3440 360
3441 282
3442 220
3443 151
3444 461
3445 411
3446 217
3447 208
3448 282
3449 206
3450 236
3451 282
3452 403
3453 450
3454 450
3455 310
3456 269
3457 228
3458 50
3459 228
3460 43
3461 276
3462 151
3463 276
3464 65
3465 268
3466 151
3467 62
3468 453
3469 65
3470 228
3471 49
3472 208
3473 208
3474 423
3475 170
3476 228
3477 269
3478 62
3479 423
3480 228
3481 228
3482 228
3483 65
3484 21
3485 151
3486 211
3487 266
3488 220
3489 228
3490 49
3491 408
3492 455
3493 417
3494 228
3495 228
3496 414
3497 450
3498 282
3499 450
3500 217
3501 236
3502 269
3503 269
3504 450
3505 228
3506 211
3507 408
3508 150
3509 228
3510 266
3511 217
3512 228
3513 403
3514 450
3515 408
3516 403
3517 220
3518 228
3519 63
3520 228
3521 228
3522 389
3523 228
3524 228
3525 268
3526 151
3527 418
3528 43
3529 405
3530 62
3531 43
3532 43
3533 43
3534 417
3535 403
3536 228
3537 403
3538 93
3539 423
3540 403
3541 220
3542 65
3543 78
3544 417
3545 236
3546 389
3547 266
3548 226
3549 453
3550 423
3551 417
3552 453
3553 49
3554 411
3555 50
3556 408
3557 31
3558 228
3559 450
3560 228
3561 450
3562 417
3563 446
3564 228
3565 78
3566 450
3567 50
3568 450
3569 196
3570 253
3571 451
3572 423
3573 276
3574 90
3575 228
3576 228
3577 417
3578 228
3579 228
3580 450
3581 423
3582 268
3583 65
3584 228
3585 197
3586 450
3587 228
3588 50
3589 211
3590 220
3591 228
3592 208
3593 228
3594 228
3595 105
3596 49
3597 49
3598 277
3599 43
3600 43
3601 217
3602 389
3603 21
3604 181
3605 198
3606 269
3607 423
3608 269
3609 211
3610 450
3611 228
3612 151
3613 450
3614 411
3615 423
3616 43
3617 266
3618 423
3619 450
3620 228
3621 220
3622 199
3623 238
3624 211
3625 403
3626 65
3627 276
3628 403
3629 403
3630 403
3631 282
3632 49
3633 21
3634 423
3635 403
3636 403
3637 236
3638 282
3639 266
3640 347
3641 268
3642 403
3643 423
3644 266
3645 423
3646 200
3647 49
3648 228
3649 220
3650 403
3651 282
3652 220
3653 403
3654 403
3655 403
3656 236
3657 43
3658 211
3659 151
3660 423
3661 217
3662 268
3663 276
3664 225
3665 225
3666 21
3667 208
3668 264
3669 228
3670 403
3671 220
3672 450
3673 403
3674 228
3675 50
3676 21
3677 266
3678 264
3679 227
3680 403
3681 49
3682 151
3683 266
3684 433
3685 63
3686 220
3687 461
3688 282
3689 266
3690 45
3691 268
3692 228
3693 403
3694 384
3695 226
3696 389
3697 266
3698 228
3699 63
3700 282
3701 228
3702 336
3703 208
3704 397
3705 266
3706 417
3707 228
3708 236
3709 282
3710 226
3711 450
3712 268
3713 208
3714 217
3715 277
3716 405
3717 62
3718 408
3719 403
3720 282
3721 403
3722 403
3723 450
3724 403
3725 403
3726 227
3727 227
3728 220
3729 403
3730 227
3731 446
3732 450
3733 353
3734 63
3735 403
3736 113
3737 403
3738 423
3739 403
3740 403
3741 403
3742 450
3743 403
3744 403
3745 403
3746 403
3747 217
3748 282
3749 228
3750 282
3751 423
3752 423
3753 228
3754 201
3755 65
3756 268
3757 217
3758 461
3759 415
3760 228
3761 217
3762 268
3763 65
3764 450
3765 408
3766 227
3767 62
3768 450
3769 282
3770 423
3771 226
3772 417
3773 43
3774 54
3775 49
3776 65
3777 137
3778 208
3779 282
3780 389
3781 450
3782 320
3783 266
3784 71
3785 217
3786 417
3787 38
3788 411
3789 228
3790 78
3791 276
3792 151
3793 453
3794 453
3795 65
3796 450
3797 450
3798 211
3799 282
3800 276
3801 268
3802 405
3803 228
3804 430
3805 423
3806 276
3807 65
3808 32
3809 389
3810 228
3811 266
3812 264
3813 269
3814 226
3815 236
3816 326
3817 228
3818 276
3819 217
3820 49
3821 446
3822 228
3823 266
3824 411
3825 216
3826 228
3827 78
3828 228
3829 211
3830 49
3831 282
3832 65
3833 65
3834 78
3835 276
3836 450
3837 282
3838 21
3839 65
3840 450
3841 423
3842 78
3843 450
3844 269
3845 68
3846 151
3847 450
3848 446
3849 446
3850 50
3851 202
3852 446
3853 445
3854 282
3855 208
3856 423
3857 451
3858 203
3859 450
3860 205
3861 50
3862 264
3863 423
3864 63
3865 65
3866 204
3867 423
3868 266
3869 450
3870 228
3871 54
3872 269
3873 226
3874 208
3875 65
3876 220
3877 269
3878 23
3879 446
3880 43
3881 451
3882 268
3883 282
3884 236
3885 217
3886 236
3887 269
3888 65
3889 206
3890 450
3891 266
3892 266
3893 423
3894 246
3895 417
3896 266
3897 204
3898 266
3899 54
3900 269
3901 446
3902 234
3903 269
3904 446
3905 417
3906 325
3907 225
3908 268
3909 282
3910 21
3911 235
3912 54
3913 420
3914 237
3915 228
3916 268
3917 450
3918 266
3919 228
3920 451
3921 63
3922 151
3923 365
3924 206
3925 226
3926 131
3927 276
3928 65
3929 461
3930 265
3931 282
3932 403
3933 228
3934 451
3935 205
3936 31
3937 228
3938 397
3939 49
3940 268
3941 268
3942 450
3943 269
3944 228
3945 269
3946 236
3947 276
3948 403
3949 282
3950 227
3951 282
3952 236
3953 208
3954 207
3955 62
3956 331
3957 7
3958 417
3959 424
3960 225
3961 308
3962 21
3963 423
3964 276
3965 228
3966 225
3967 266
3968 417
3969 228
3970 354
3971 417
3972 403
3973 408
3974 217
3975 165
3976 269
3977 312
3978 403
3979 208
3980 228
3981 225
3982 405
3983 226
3984 403
3985 403
3986 78
3987 50
3988 220
3989 450
3990 228
3991 450
3992 451
3993 282
3994 242
3995 389
3996 446
3997 228
3998 208
3999 49
4000 65
4001 78
4002 450
4003 269
4004 226
4005 282
4006 208
4007 208
4008 220
4009 225
4010 228
4011 228
4012 228
4013 228
4014 63
4015 236
4016 62
4017 228
4018 205
4019 228
4020 403
4021 228
4022 268
4023 266
4024 403
4025 182
4026 65
4027 65
4028 230
4029 266
4030 219
4031 49
4032 228
4033 264
4034 228
4035 205
4036 282
4037 417
4038 211
4039 217
4040 63
4041 208
4042 208
4043 282
4044 56
4045 268
4046 282
4047 43
4048 423
4049 49
4050 448
4051 311
4052 211
4053 228
4054 408
4055 282
4056 266
4057 27
4058 146
4059 357
4060 211
4061 49
4062 266
4063 228
4064 211
4065 225
4066 49
4067 450
4068 282
4069 450
4070 403
4071 151
4072 403
4073 226
4074 49
4075 228
4076 236
4077 228
4078 451
4079 451
4080 166
4081 266
4082 43
4083 403
4084 417
4085 220
4086 62
4087 403
4088 65
4089 403
4090 403
4091 65
4092 403
4093 403
4094 49
4095 220
4096 209
4097 403
4098 403
4099 62
4100 453
4101 403
4102 225
4103 225
4104 211
4105 403
4106 21
4107 49
4108 62
4109 282
4110 208
4111 225
4112 37
4113 346
4114 226
4115 450
4116 208
4117 65
4118 50
4119 78
4120 54
4121 197
4122 220
4123 62
4124 266
4125 210
4126 101
4127 205
4128 265
4129 269
4130 405
4131 211
4132 50
4133 211
4134 423
4135 268
4136 228
4137 31
4138 268
4139 228
4140 417
4141 269
4142 453
4143 405
4144 405
4145 403
4146 212
4147 423
4148 49
4149 266
4150 461
4151 211
4152 63
4153 213
4154 214
4155 266
4156 228
4157 228
4158 50
4159 417
4160 266
4161 282
4162 226
4163 453
4164 236
4165 50
4166 423
4167 151
4168 49
4169 211
4170 417
4171 417
4172 21
4173 383
4174 386
4175 228
4176 282
4177 61
4178 228
4179 236
4180 428
4181 228
4182 78
4183 403
4184 269
4185 228
4186 423
4187 276
4188 453
4189 453
4190 269
4191 78
4192 266
4193 417
4194 450
4195 228
4196 215
4197 446
4198 211
4199 403
4200 266
4201 403
4202 65
4203 265
4204 217
4205 450
4206 450
4207 450
4208 450
4209 450
4210 450
4211 450
4212 451
4213 450
4214 450
4215 450
4216 266
4217 450
4218 450
4219 49
4220 450
4221 450
4222 408
4223 403
4224 403
4225 78
4226 228
4227 236
4228 453
4229 50
4230 236
4231 269
4232 405
4233 282
4234 21
4235 228
4236 54
4237 65
4238 49
4239 49
4240 216
4241 225
4242 403
4243 29
4244 117
4245 65
4246 65
4247 228
4248 151
4249 403
4250 282
4251 450
4252 403
4253 220
4254 403
4255 276
4256 225
4257 423
4258 276
4259 264
4260 208
4261 282
4262 62
4263 228
4264 264
4265 228
4266 423
4267 389
4268 450
4269 217
4270 208
4271 65
4272 228
4273 49
4274 26
4275 30
4276 228
4277 217
4278 217
4279 21
4280 439
4281 205
4282 211
4283 226
4284 423
4285 403
4286 218
4287 219
4288 228
4289 99
4290 65
4291 266
4292 211
4293 228
4294 268
4295 282
4296 173
4297 151
4298 282
4299 423
4300 225
4301 389
4302 228
4303 93
4304 423
4305 43
4306 151
4307 190
4308 372
4309 217
4310 403
4311 450
4312 417
4313 63
4314 205
4315 408
4316 268
4317 446
4318 269
4319 65
4320 220
4321 228
4322 282
4323 417
4324 49
4325 49
4326 450
4327 221
4328 286
4329 65
4330 403
4331 220
4332 423
4333 228
4334 228
4335 217
4336 208
4337 236
4338 403
4339 282
4340 151
4341 65
4342 65
4343 450
4344 450
4345 236
4346 205
4347 222
4348 403
4349 403
4350 403
4351 450
4352 403
4353 282
4354 446
4355 78
4356 450
4357 211
4358 228
4359 236
4360 63
4361 423
4362 228
4363 149
4364 228
4365 211
4366 423
4367 78
4368 403
4369 403
4370 151
4371 220
4372 282
4373 110
4374 194
4375 220
4376 94
4377 225
4378 211
4379 344
4380 282
4381 228
4382 282
4383 265
4384 403
4385 446
4386 282
4387 403
4388 446
4389 220
4390 266
4391 208
4392 266
4393 282
4394 220
4395 282
4396 226
4397 226
4398 223
4399 423
4400 269
4401 65
4402 225
4403 224
4404 266
4405 220
4406 282
4407 282
4408 208
4409 236
4410 43
4411 405
4412 225
4413 228
4414 228
4415 268
4416 208
4417 211
4418 403
4419 461
4420 226
4421 54
4422 228
4423 236
4424 228
4425 228
4426 211
4427 417
4428 226
4429 179
4430 225
4431 225
4432 211
4433 75
4434 49
4435 450
4436 282
4437 191
4438 21
4439 187
4440 227
4441 62
4442 208
4443 208
4444 405
4445 423
4446 405
4447 49
4448 225
4449 78
4450 214
4451 151
4452 450
4453 226
4454 65
4455 65
4456 50
4457 461
4458 405
4459 217
4460 226
4461 266
4462 265
4463 228
4464 268
4465 65
4466 228
4467 62
4468 282
4469 423
4470 228
4471 276
4472 228
4473 228
4474 199
4475 211
4476 266
4477 225
4478 225
4479 446
4480 66
4481 229
4482 268
4483 228
4484 228
4485 211
4486 62
4487 266
4488 236
4489 211
4490 65
4491 49
4492 423
4493 268
4494 377
4495 282
4496 50
4497 228
4498 269
4499 159
4500 60
4501 228
4502 264
4503 151
4504 151
4505 423
4506 226
4507 269
4508 49
4509 352
4510 65
4511 453
4512 230
4513 450
4514 375
4515 282
4516 220
4517 446
4518 446
4519 408
4520 450
4521 220
4522 209
4523 403
4524 49
4525 54
4526 231
4527 131
4528 49
4529 403
4530 226
4531 435
4532 32
4533 232
4534 227
4535 268
4536 78
4537 141
4538 269
4539 389
4540 236
4541 217
4542 417
4543 63
4544 63
4545 228
4546 151
4547 220
4548 49
4549 85
4550 233
4551 208
4552 446
4553 282
4554 408
4555 403
4556 208
4557 417
4558 453
4559 450
4560 269
4561 125
4562 266
4563 450
4564 43
4565 282
4566 381
4567 403
4568 21
4569 226
4570 403
4571 65
4572 217
4573 234
4574 403
4575 403
4576 282
4577 220
4578 403
4579 73
4580 157
4581 151
4582 236
4583 151
4584 228
4585 235
4586 211
4587 335
4588 49
4589 269
4590 236
4591 228
4592 417
4593 49
4594 72
4595 282
4596 451
4597 450
4598 450
4599 450
4600 237
4601 461
4602 238
4603 450
4604 450
4605 446
4606 228
4607 211
4608 423
4609 446
4610 78
4611 228
4612 389
4613 65
4614 63
4615 65
4616 243
4617 405
4618 43
4619 266
4620 151
4621 228
4622 266
4623 417
4624 151
4625 208
4626 266
4627 228
4628 151
4629 236
4630 228
4631 239
4632 63
4633 63
4634 228
4635 43
4636 54
4637 446
4638 66
4639 226
4640 228
4641 49
4642 31
4643 78
4644 265
4645 151
4646 417
4647 228
4648 450
4649 236
4650 65
4651 266
4652 423
4653 452
4654 220
4655 228
4656 62
4657 217
4658 417
4659 423
4660 228
4661 192
4662 65
4663 282
4664 453
4665 228
4666 411
4667 226
4668 423
4669 151
4670 236
4671 62
4672 389
4673 403
4674 151
4675 49
4676 240
4677 24
4678 389
4679 65
4680 282
4681 123
4682 414
4683 49
4684 389
4685 389
4686 228
4687 49
4688 21
4689 282
4690 151
4691 282
4692 266
4693 417
4694 264
4695 54
4696 282
4697 268
4698 228
4699 241
4700 21
4701 21
4702 269
4703 266
4704 65
4705 242
4706 408
4707 228
4708 228
4709 266
4710 453
4711 49
4712 63
4713 228
4714 153
4715 451
4716 266
4717 49
4718 417
4719 228
4720 226
4721 269
4722 65
4723 226
4724 450
4725 268
4726 386
4727 268
4728 269
4729 211
4730 405
4731 423
4732 453
4733 225
4734 228
4735 49
4736 264
4737 41
4738 21
4739 268
4740 282
4741 282
4742 50
4743 266
4744 450
4745 450
4746 151
4747 450
4748 405
4749 450
4750 450
4751 450
4752 450
4753 450
4754 50
4755 450
4756 78
4757 450
4758 450
4759 228
4760 226
4761 453
4762 174
4763 226
4764 243
4765 276
4766 405
4767 228
4768 266
4769 298
4770 228
4771 208
4772 268
4773 423
4774 264
4775 373
4776 423
4777 236
4778 423
4779 208
4780 423
4781 423
4782 65
4783 159
4784 78
4785 226
4786 276
4787 244
4788 264
4789 264
4790 453
4791 228
4792 423
4793 265
4794 151
4795 453
4796 268
4797 208
4798 228
4799 423
4800 228
4801 269
4802 276
4803 151
4804 211
4805 21
4806 282
4807 63
4808 49
4809 411
4810 423
4811 66
4812 269
4813 151
4814 389
4815 228
4816 417
4817 268
4818 228
4819 63
4820 408
4821 236
4822 224
4823 408
4824 49
4825 214
4826 265
4827 228
4828 54
4829 124
4830 245
4831 151
4832 21
4833 266
4834 228
4835 62
4836 208
4837 151
4838 389
4839 417
4840 268
4841 36
4842 417
4843 446
4844 151
4845 276
4846 446
4847 423
4848 176
4849 228
4850 446
4851 50
4852 451
4853 78
4854 446
4855 446
4856 228
4857 450
4858 228
4859 266
4860 50
4861 453
4862 423
4863 236
4864 246
4865 269
4866 21
4867 21
4868 269
4869 269
4870 247
4871 49
4872 248
4873 282
4874 228
4875 236
4876 236
4877 249
4878 269
4879 268
4880 403
4881 264
4882 228
4883 49
4884 50
4885 228
4886 269
4887 228
4888 450
4889 423
4890 276
4891 63
4892 62
4893 49
4894 236
4895 236
4896 62
4897 451
4898 49
4899 250
4900 217
4901 423
4902 451
4903 423
4904 226
4905 151
4906 450
4907 211
4908 276
4909 225
4910 251
4911 228
4912 252
4913 282
4914 211
4915 253
4916 236
4917 57
4918 389
4919 228
4920 453
4921 228
4922 453
4923 405
4924 417
4925 54
4926 336
4927 446
4928 264
4929 336
4930 236
4931 266
4932 228
4933 446
4934 277
4935 21
4936 21
4937 405
4938 403
4939 228
4940 269
4941 49
4942 423
4943 195
4944 62
4945 282
4946 423
4947 228
4948 62
4949 169
4950 266
4951 249
4952 321
4953 228
4954 65
4955 423
4956 65
4957 268
4958 389
4959 228
4960 228
4961 450
4962 54
4963 228
4964 236
4965 62
4966 423
4967 217
4968 62
4969 266
4970 62
4971 423
4972 228
4973 208
4974 417
4975 151
4976 226
4977 423
4978 389
4979 254
4980 264
4981 236
4982 247
4983 228
4984 442
4985 228
4986 417
4987 228
4988 266
4989 453
4990 49
4991 63
4992 78
4993 228
4994 255
4995 228
4996 228
4997 228
4998 21
4999 446
5000 423
5001 228
5002 205
5003 282
5004 205
5005 54
5006 453
5007 453
5008 228
5009 446
5010 450
5011 461
5012 211
5013 256
5014 236
5015 389
5016 218
5017 54
5018 364
5019 405
5020 49
5021 208
5022 282
5023 405
5024 78
5025 282
5026 228
5027 228
5028 423
5029 257
5030 228
5031 268
5032 226
5033 266
5034 282
5035 423
5036 276
5037 446
5038 50
5039 446
5040 258
5041 386
5042 259
5043 236
5044 405
5045 87
5046 228
5047 211
5048 211
5049 228
5050 208
5051 49
5052 260
5053 49
5054 450
5055 261
5056 50
5057 228
5058 228
5059 282
5060 228
5061 262
5062 263
5063 138
5064 269
5065 282
5066 423
5067 264
5068 89
5069 228
5070 451
5071 78
5072 269
5073 282
5074 226
5075 226
5076 268
5077 423
5078 62
5079 228
5080 423
5081 21
5082 450
5083 228
5084 228
5085 63
5086 208
5087 226
5088 43
5089 417
5090 268
5091 389
5092 403
5093 403
5094 227
5095 403
5096 403
5097 453
5098 228
5099 228
5100 78
5101 236
5102 423
5103 49
5104 21
5105 265
5106 345
5107 265
5108 265
5109 21
5110 266
5111 451
5112 228
5113 266
5114 228
5115 453
5116 453
5117 389
5118 282
5119 217
5120 49
5121 451
5122 423
5123 423
5124 21
5125 267
5126 423
5127 282
5128 264
5129 208
5130 10
5131 266
5132 226
5133 389
5134 423
5135 228
5136 266
5137 228
5138 269
5139 151
5140 266
5141 269
5142 403
5143 446
5144 403
5145 228
5146 268
5147 423
5148 268
5149 228
5150 59
5151 269
5152 266
5153 282
5154 102
5155 211
5156 208
5157 63
5158 465
5159 228
5160 423
5161 450
5162 270
5163 49
5164 12
5165 405
5166 21
5167 403
5168 223
5169 54
5170 225
5171 63
5172 228
5173 78
5174 228
5175 228
5176 228
5177 271
5178 151
5179 411
5180 211
5181 171
5182 282
5183 49
5184 3
5185 423
5186 423
5187 282
5188 228
5189 417
5190 264
5191 266
5192 266
5193 266
5194 205
5195 453
5196 264
5197 266
5198 269
5199 268
5200 164
5201 403
5202 49
5203 228
5204 228
5205 25
5206 272
5207 220
5208 264
5209 62
5210 78
5211 43
5212 417
5213 217
5214 423
5215 226
5216 228
5217 450
5218 423
5219 151
5220 228
5221 49
5222 151
5223 282
5224 228
5225 228
5226 151
5227 23
5228 211
5229 268
5230 49
5231 282
5232 264
5233 273
5234 268
5235 228
5236 417
5237 50
5238 63
5239 49
5240 274
5241 49
5242 65
5243 389
5244 208
5245 228
5246 161
5247 423
5248 228
5249 199
5250 265
5251 276
5252 31
5253 226
5254 43
5255 275
5256 451
5257 65
5258 276
5259 266
5260 266
5261 49
5262 228
5263 226
5264 21
5265 21
5266 31
5267 225
5268 228
5269 154
5270 151
5271 282
5272 252
5273 59
5274 277
5275 211
5276 43
5277 151
5278 266
5279 21
5280 423
5281 21
5282 208
5283 266
5284 269
5285 266
5286 423
5287 386
5288 226
5289 453
5290 151
5291 282
5292 63
5293 236
5294 236
5295 264
5296 228
5297 228
5298 278
5299 266
5300 453
5301 228
5302 423
5303 417
5304 389
5305 282
5306 423
5307 268
5308 411
5309 282
5310 264
5311 266
5312 411
5313 279
5314 217
5315 403
5316 236
5317 222
5318 49
5319 49
5320 423
5321 228
5322 208
5323 411
5324 21
5325 208
5326 226
5327 268
5328 236
5329 446
5330 276
5331 417
5332 265
5333 217
5334 389
5335 280
5336 226
5337 66
5338 220
5339 450
5340 220
5341 236
5342 228
5343 264
5344 228
5345 403
5346 236
5347 78
5348 282
5349 21
5350 276
5351 281
5352 282
5353 282
5354 266
5355 65
5356 228
5357 283
5358 228
5359 417
5360 461
5361 423
5362 62
5363 266
5364 62
5365 228
5366 211
5367 446
5368 188
5369 403
5370 4
5371 403
5372 405
5373 408
5374 403
5375 403
5376 227
5377 284
5378 403
5379 403
5380 188
5381 450
5382 403
5383 423
5384 276
5385 285
5386 63
5387 208
5388 450
5389 228
5390 151
5391 268
5392 265
5393 228
5394 266
5395 228
5396 228
5397 151
5398 264
5399 21
5400 217
5401 411
5402 228
5403 78
5404 208
5405 208
5406 453
5407 286
5408 423
5409 65
5410 226
5411 236
5412 228
5413 21
5414 269
5415 151
5416 266
5417 225
5418 423
5419 276
5420 49
5421 54
5422 282
5423 228
5424 276
5425 423
5426 282
5427 62
5428 405
5429 228
5430 265
5431 66
5432 450
5433 266
5434 183
5435 151
5436 228
5437 228
5438 65
5439 82
5440 393
5441 453
5442 43
5443 287
5444 266
5445 453
5446 66
5447 153
5448 228
5449 408
5450 269
5451 228
5452 288
5453 269
5454 10
5455 450
5456 205
5457 423
5458 228
5459 268
5460 54
5461 49
5462 49
5463 265
5464 151
5465 417
5466 461
5467 228
5468 265
5469 405
5470 65
5471 228
5472 228
5473 26
5474 211
5475 42
5476 268
5477 236
5478 289
5479 438
5480 282
5481 411
5482 225
5483 236
5484 290
5485 450
5486 236
5487 50
5488 423
5489 264
5490 291
5491 292
5492 450
5493 264
5494 451
5495 228
5496 293
5497 282
5498 450
5499 143
5500 423
5501 423
5502 423
5503 269
5504 268
5505 228
5506 268
5507 423
5508 264
5509 405
5510 423
5511 423
5512 313
5513 226
5514 423
5515 208
5516 54
5517 236
5518 333
5519 226
5520 282
5521 450
5522 276
5523 21
5524 269
5525 78
5526 294
5527 294
5528 453
5529 225
5530 92
5531 169
5532 208
5533 208
5534 366
5535 65
5536 49
5537 62
5538 228
5539 78
5540 65
5541 236
5542 78
5543 226
5544 65
5545 236
5546 453
5547 151
5548 151
5549 417
5550 217
5551 228
5552 450
5553 450
5554 69
5555 127
5556 228
5557 228
5558 228
5559 450
5560 268
5561 151
5562 228
5563 417
5564 225
5565 417
5566 417
5567 408
5568 411
5569 62
5570 49
5571 228
5572 211
5573 423
5574 268
5575 217
5576 450
5577 151
5578 286
5579 463
5580 295
5581 282
5582 21
5583 62
5584 226
5585 417
5586 276
5587 236
5588 423
5589 228
5590 405
5591 296
5592 403
5593 451
5594 228
5595 417
5596 297
5597 282
5598 78
5599 49
5600 228
5601 450
5602 228
5603 151
5604 21
5605 423
5606 211
5607 228
5608 298
5609 406
5610 403
5611 299
5612 236
5613 228
5614 62
5615 419
5616 54
5617 453
5618 268
5619 228
5620 151
5621 205
5622 211
5623 57
5624 65
5625 21
5626 269
5627 208
5628 403
5629 266
5630 300
5631 62
5632 63
5633 282
5634 49
5635 236
5636 301
5637 417
5638 302
5639 303
5640 228
5641 208
5642 266
5643 208
5644 151
5645 151
5646 103
5647 282
5648 220
5649 446
5650 403
5651 304
5652 408
5653 227
5654 450
5655 403
5656 63
5657 65
5658 450
5659 276
5660 446
5661 417
5662 268
5663 188
5664 220
5665 69
5666 208
5667 54
5668 305
5669 266
5670 264
5671 228
5672 49
5673 211
5674 228
5675 228
5676 403
5677 417
5678 105
5679 43
5680 63
5681 349
5682 269
5683 228
5684 423
5685 417
5686 276
5687 266
5688 403
5689 417
5690 228
5691 417
5692 160
5693 266
5694 211
5695 269
5696 269
5697 423
5698 21
5699 65
5700 266
5701 65
5702 226
5703 208
5704 337
5705 208
5706 65
5707 306
5708 21
5709 144
5710 220
5711 276
5712 217
5713 450
5714 265
5715 62
5716 446
5717 65
5718 63
5719 62
5720 252
5721 307
5722 423
5723 62
5724 423
5725 405
5726 403
5727 405
5728 62
5729 62
5730 226
5731 417
5732 43
5733 411
5734 405
5735 450
5736 450
5737 228
5738 308
5739 62
5740 49
5741 264
5742 423
5743 386
5744 62
5745 309
5746 21
5747 49
5748 62
5749 266
5750 276
5751 226
5752 228
5753 264
5754 62
5755 49
5756 65
5757 403
5758 423
5759 269
5760 228
5761 228
5762 49
5763 54
5764 228
5765 310
5766 65
5767 50
5768 66
5769 423
5770 282
5771 220
5772 403
5773 228
5774 311
5775 282
5776 423
5777 450
5778 235
5779 228
5780 63
5781 312
5782 211
5783 276
5784 220
5785 268
5786 264
5787 453
5788 405
5789 228
5790 228
5791 228
5792 403
5793 423
5794 43
5795 282
5796 226
5797 417
5798 266
5799 364
5800 65
5801 49
5802 78
5803 423
5804 266
5805 43
5806 65
5807 417
5808 49
5809 417
5810 228
5811 313
5812 402
5813 423
5814 417
5815 151
5816 41
5817 39
5818 403
5819 226
5820 423
5821 226
5822 450
5823 62
5824 151
5825 268
5826 417
5827 417
5828 159
5829 205
5830 423
5831 461
5832 266
5833 151
5834 461
5835 62
5836 450
5837 65
5838 62
5839 450
5840 62
5841 65
5842 417
5843 217
5844 417
5845 49
5846 453
5847 65
5848 49
5849 62
5850 232
5851 8
5852 181
5853 63
5854 403
5855 227
5856 236
5857 446
5858 208
5859 423
5860 269
5861 453
5862 228
5863 451
5864 269
5865 228
5866 63
5867 266
5868 63
5869 403
5870 314
5871 151
5872 450
5873 62
5874 450
5875 65
5876 417
5877 217
5878 226
5879 453
5880 65
5881 49
5882 269
5883 268
5884 453
5885 62
5886 419
5887 236
5888 189
5889 148
5890 54
5891 405
5892 269
5893 405
5894 56
5895 423
5896 398
5897 403
5898 282
5899 220
5900 403
5901 220
5902 227
5903 236
5904 228
5905 269
5906 228
5907 451
5908 282
5909 63
5910 269
5911 266
5912 49
5913 239
5914 217
5915 282
5916 457
5917 21
5918 227
5919 450
5920 266
5921 268
5922 228
5923 228
5924 450
5925 208
5926 315
5927 315
5928 107
5929 450
5930 228
5931 226
5932 217
5933 446
5934 350
5935 49
5936 266
5937 423
5938 408
5939 403
5940 403
5941 65
5942 450
5943 423
5944 451
5945 316
5946 284
5947 38
5948 205
5949 317
5950 78
5951 450
5952 211
5953 266
5954 266
5955 208
5956 403
5957 4
5958 220
5959 446
5960 403
5961 63
5962 84
5963 403
5964 403
5965 220
5966 135
5967 403
5968 299
5969 151
5970 282
5971 299
5972 62
5973 282
5974 220
5975 187
5976 403
5977 282
5978 403
5979 282
5980 276
5981 403
5982 403
5983 65
5984 282
5985 197
5986 220
5987 206
5988 450
5989 423
5990 197
5991 318
5992 269
5993 78
5994 208
5995 15
5996 423
5997 266
5998 228
5999 228
6000 21
6001 269
6002 228
6003 65
6004 266
6005 54
6006 389
6007 268
6008 264
6009 151
6010 403
6011 276
6012 56
6013 266
6014 389
6015 423
6016 236
6017 211
6018 228
6019 151
6020 417
6021 228
6022 217
6023 228
6024 14
6025 220
6026 423
6027 403
6028 226
6029 50
6030 50
6031 228
6032 233
6033 224
6034 268
6035 266
6036 236
6037 226
6038 226
6039 423
6040 405
6041 226
6042 226
6043 276
6044 268
6045 423
6046 282
6047 78
6048 63
6049 228
6050 266
6051 31
6052 454
6053 423
6054 211
6055 49
6056 468
6057 361
6058 306
6059 268
6060 276
6061 63
6062 62
6063 207
6064 276
6065 423
6066 226
6067 69
6068 208
6069 228
6070 228
6071 228
6072 269
6073 228
6074 450
6075 203
6076 21
6077 256
6078 228
6079 228
6080 264
6081 228
6082 151
6083 211
6084 226
6085 268
6086 78
6087 134
6088 217
6089 143
6090 65
6091 416
6092 49
6093 49
6094 319
6095 21
6096 21
6097 320
6098 423
6099 423
6100 423
6101 423
6102 226
6103 423
6104 411
6105 49
6106 65
6107 278
6108 65
6109 450
6110 423
6111 264
6112 423
6113 228
6114 321
6115 417
6116 269
6117 269
6118 151
6119 226
6120 453
6121 389
6122 228
6123 423
6124 228
6125 220
6126 151
6127 210
6128 202
6129 42
6130 322
6131 21
6132 423
6133 266
6134 228
6135 389
6136 54
6137 389
6138 21
6139 208
6140 423
6141 268
6142 43
6143 43
6144 446
6145 323
6146 65
6147 65
6148 21
6149 389
6150 228
6151 268
6152 62
6153 211
6154 282
6155 49
6156 324
6157 49
6158 49
6159 264
6160 266
6161 217
6162 228
6163 217
6164 450
6165 417
6166 228
6167 218
6168 218
6169 325
6170 326
6171 62
6172 423
6173 266
6174 327
6175 62
6176 220
6177 21
6178 269
6179 408
6180 403
6181 228
6182 268
6183 65
6184 417
6185 65
6186 403
6187 282
6188 49
6189 208
6190 282
6191 142
6192 328
6193 63
6194 268
6195 293
6196 403
6197 236
6198 220
6199 329
6200 450
6201 208
6202 423
6203 217
6204 120
6205 43
6206 403
6207 220
6208 423
6209 423
6210 49
6211 269
6212 205
6213 348
6214 227
6215 49
6216 21
6217 264
6218 228
6219 143
6220 228
6221 225
6222 217
6223 54
6224 43
6225 326
6226 106
6227 65
6228 282
6229 50
6230 423
6231 57
6232 226
6233 131
6234 236
6235 269
6236 269
6237 266
6238 266
6239 236
6240 330
6241 276
6242 450
6243 226
6244 255
6245 446
6246 451
6247 211
6248 450
6249 403
6250 49
6251 49
6252 62
6253 225
6254 217
6255 220
6256 446
6257 269
6258 423
6259 62
6260 21
6261 389
6262 331
6263 268
6264 220
6265 226
6266 50
6267 228
6268 389
6269 21
6270 12
6271 49
6272 282
6273 450
6274 62
6275 49
6276 403
6277 227
6278 417
6279 78
6280 236
6281 403
6282 403
6283 220
6284 403
6285 332
6286 282
6287 211
6288 227
6289 49
6290 49
6291 49
6292 333
6293 62
6294 266
6295 269
6296 228
6297 87
6298 408
6299 268
6300 208
6301 389
6302 225
6303 228
6304 227
6305 446
6306 227
6307 49
6308 282
6309 450
6310 450
6311 450
6312 450
6313 65
6314 227
6315 54
6316 250
6317 403
6318 403
6319 179
6320 403
6321 403
6322 450
6323 453
6324 282
6325 403
6326 220
6327 282
6328 403
6329 461
6330 227
6331 62
6332 49
6333 220
6334 403
6335 282
6336 299
6337 228
6338 228
6339 403
6340 446
6341 403
6342 276
6343 408
6344 450
6345 363
6346 426
6347 403
6348 205
6349 49
6350 228
6351 311
6352 236
6353 403
6354 236
6355 208
6356 423
6357 268
6358 296
6359 220
6360 65
6361 65
6362 217
6363 268
6364 208
6365 423
6366 423
6367 423
6368 334
6369 49
6370 423
6371 389
6372 65
6373 62
6374 70
6375 226
6376 446
6377 50
6378 228
6379 423
6380 211
6381 205
6382 211
6383 226
6384 236
6385 226
6386 408
6387 49
6388 228
6389 151
6390 403
6391 403
6392 151
6393 23
6394 403
6395 228
6396 268
6397 50
6398 403
6399 446
6400 20
6401 453
6402 266
6403 335
6404 49
6405 403
6406 265
6407 336
6408 276
6409 205
6410 151
6411 282
6412 211
6413 228
6414 266
6415 228
6416 282
6417 228
6418 282
6419 269
6420 151
6421 228
6422 151
6423 228
6424 54
6425 65
6426 337
6427 49
6428 282
6429 282
6430 264
6431 225
6432 403
6433 228
6434 269
6435 228
6436 338
6437 146
6438 254
6439 423
6440 228
6441 217
6442 446
6443 446
6444 65
6445 451
6446 249
6447 403
6448 446
6449 228
6450 228
6451 63
6452 228
6453 386
6454 21
6455 226
6456 228
6457 282
6458 268
6459 423
6460 423
6461 228
6462 446
6463 65
6464 376
6465 461
6466 269
6467 45
6468 461
6469 228
6470 21
6471 423
6472 268
6473 264
6474 65
6475 228
6476 62
6477 339
6478 314
6479 450
6480 423
6481 405
6482 21
6483 228
6484 217
6485 208
6486 63
6487 50
6488 450
6489 266
6490 266
6491 228
6492 423
6493 211
6494 228
6495 453
6496 228
6497 282
6498 453
6499 423
6500 264
6501 78
6502 43
6503 438
6504 236
6505 423
6506 417
6507 43
6508 211
6509 21
6510 236
6511 446
6512 228
6513 205
6514 417
6515 151
6516 63
6517 63
6518 62
6519 228
6520 386
6521 43
6522 423
6523 423
6524 21
6525 423
6526 30
6527 389
6528 228
6529 62
6530 269
6531 226
6532 208
6533 389
6534 151
6535 236
6536 49
6537 276
6538 276
6539 208
6540 340
6541 63
6542 226
6543 446
6544 389
6545 269
6546 228
6547 403
6548 65
6549 450
6550 450
6551 450
6552 217
6553 450
6554 167
6555 450
6556 450
6557 450
6558 450
6559 450
6560 266
6561 268
6562 228
6563 211
6564 268
6565 158
6566 151
6567 228
6568 453
6569 386
6570 236
6571 265
6572 411
6573 43
6574 461
6575 21
6576 269
6577 417
6578 276
6579 269
6580 228
6581 411
6582 54
6583 197
6584 389
6585 62
6586 269
6587 54
6588 264
6589 268
6590 226
6591 282
6592 389
6593 389
6594 282
6595 228
6596 108
6597 21
6598 266
6599 411
6600 1
6601 208
6602 340
6603 266
6604 208
6605 43
6606 264
6607 450
6608 151
6609 211
6610 269
6611 228
6612 269
6613 423
6614 276
6615 450
6616 269
6617 54
6618 21
6619 236
6620 266
6621 276
6622 21
6623 228
6624 331
6625 54
6626 224
6627 389
6628 228
6629 266
6630 276
6631 151
6632 266
6633 264
6634 282
6635 235
6636 228
6637 461
6638 65
6639 341
6640 211
6641 423
6642 236
6643 228
6644 228
6645 21
6646 373
6647 54
6648 226
6649 239
6650 228
6651 269
6652 266
6653 48
6654 268
6655 265
6656 65
6657 389
6658 228
6659 411
6660 49
6661 269
6662 405
6663 269
6664 226
6665 217
6666 78
6667 228
6668 236
6669 236
6670 282
6671 269
6672 423
6673 276
6674 266
6675 405
6676 151
6677 228
6678 21
6679 453
6680 266
6681 423
6682 269
6683 226
6684 54
6685 54
6686 264
6687 54
6688 228
6689 269
6690 269
6691 269
6692 54
6693 266
6694 446
6695 423
6696 405
6697 268
6698 236
6699 389
6700 65
6701 228
6702 342
6703 211
6704 269
6705 368
6706 228
6707 268
6708 217
6709 21
6710 236
6711 389
6712 228
6713 446
6714 49
6715 269
6716 266
6717 276
6718 21
6719 276
6720 282
6721 251
6722 228
6723 403
6724 264
6725 225
6726 104
6727 276
6728 417
6729 226
6730 208
6731 266
6732 282
6733 65
6734 201
6735 54
6736 453
6737 282
6738 266
6739 236
6740 21
6741 62
6742 93
6743 21
6744 21
6745 268
6746 451
6747 65
6748 151
6749 417
6750 49
6751 264
6752 264
6753 21
6754 21
6755 39
6756 130
6757 21
6758 282
6759 414
6760 266
6761 266
6762 389
6763 405
6764 183
6765 282
6766 49
6767 389
6768 228
6769 49
6770 236
6771 417
6772 43
6773 282
6774 264
6775 325
6776 49
6777 151
6778 205
6779 43
6780 236
6781 423
6782 53
6783 10
6784 54
6785 411
6786 62
6787 451
6788 236
6789 423
6790 228
6791 389
6792 268
6793 21
6794 453
6795 269
6796 113
6797 266
6798 228
6799 266
6800 451
6801 228
6802 62
6803 265
6804 276
6805 62
6806 453
6807 236
6808 450
6809 211
6810 151
6811 423
6812 389
6813 228
6814 265
6815 54
6816 65
6817 236
6818 423
6819 64
6820 405
6821 423
6822 268
6823 265
6824 78
6825 276
6826 62
6827 226
6828 423
6829 266
6830 21
6831 380
6832 228
6833 269
6834 423
6835 236
6836 228
6837 266
6838 467
6839 49
6840 282
6841 266
6842 411
6843 423
6844 151
6845 236
6846 417
6847 225
6848 266
6849 50
6850 269
6851 62
6852 423
6853 33
6854 49
6855 65
6856 343
6857 21
6858 282
6859 228
6860 228
6861 49
6862 269
6863 78
6864 268
6865 265
6866 344
6867 65
6868 236
6869 236
6870 411
6871 417
6872 97
6873 228
6874 228
6875 21
6876 453
6877 266
6878 228
6879 266
6880 21
6881 54
6882 151
6883 453
6884 423
6885 269
6886 239
6887 226
6888 266
6889 265
6890 217
6891 228
6892 417
6893 208
6894 266
6895 345
6896 236
6897 346
6898 21
6899 403
6900 236
6901 226
6902 211
6903 269
6904 228
6905 211
6906 228
6907 265
6908 228
6909 146
6910 453
6911 453
6912 228
6913 423
6914 389
6915 347
6916 268
6917 268
6918 62
6919 268
6920 423
6921 228
6922 228
6923 389
6924 423
6925 21
6926 268
6927 423
6928 423
6929 228
6930 348
6931 208
6932 62
6933 65
6934 226
6935 228
6936 256
6937 268
6938 208
6939 453
6940 423
6941 266
6942 62
6943 349
6944 442
6945 21
6946 350
6947 217
6948 65
6949 23
6950 228
6951 417
6952 351
6953 236
6954 248
6955 364
6956 228
6957 417
6958 228
6959 49
6960 62
6961 266
6962 300
6963 268
6964 451
6965 451
6966 266
6967 403
6968 266
6969 228
6970 264
6971 266
6972 269
6973 208
6974 225
6975 282
6976 211
6977 226
6978 276
6979 405
6980 57
6981 3
6982 265
6983 411
6984 208
6985 49
6986 266
6987 65
6988 450
6989 423
6990 282
6991 352
6992 353
6993 266
6994 389
6995 236
6996 49
6997 65
6998 62
6999 423
7000 212
7001 49
7002 43
7003 423
7004 62
7005 268
7006 228
7007 282
7008 451
7009 423
7010 208
7011 78
7012 389
7013 423
7014 21
7015 151
7016 282
7017 242
7018 265
7019 265
7020 423
7021 78
7022 228
7023 62
7024 208
7025 21
7026 228
7027 66
7028 77
7029 21
7030 49
7031 62
7032 21
7033 228
7034 228
7035 423
7036 228
7037 31
7038 217
7039 276
7040 49
7041 151
7042 276
7043 451
7044 419
7045 62
7046 318
7047 453
7048 451
7049 354
7050 62
7051 453
7052 217
7053 389
7054 423
7055 417
7056 65
7057 417
7058 228
7059 453
7060 228
7061 21
7062 266
7063 266
7064 226
7065 50
7066 461
7067 228
7068 211
7069 269
7070 228
7071 220
7072 266
7073 266
7074 228
7075 49
7076 63
7077 423
7078 225
7079 208
7080 223
7081 228
7082 151
7083 266
7084 453
7085 121
7086 228
7087 21
7088 266
7089 446
7090 303
7091 450
7092 49
7093 151
7094 236
7095 266
7096 228
7097 279
7098 423
7099 49
7100 412
7101 228
7102 228
7103 236
7104 236
7105 228
7106 228
7107 423
7108 268
7109 411
7110 264
7111 264
7112 462
7113 228
7114 151
7115 264
7116 228
7117 49
7118 461
7119 63
7120 65
7121 417
7122 228
7123 446
7124 211
7125 151
7126 21
7127 417
7128 417
7129 228
7130 236
7131 450
7132 265
7133 453
7134 78
7135 228
7136 63
7137 266
7138 211
7139 236
7140 281
7141 50
7142 21
7143 2
7144 268
7145 403
7146 282
7147 228
7148 236
7149 217
7150 423
7151 269
7152 229
7153 211
7154 183
7155 62
7156 276
7157 423
7158 217
7159 21
7160 217
7161 268
7162 282
7163 423
7164 62
7165 389
7166 423
7167 21
7168 217
7169 228
7170 58
7171 151
7172 147
7173 151
7174 62
7175 65
7176 461
7177 226
7178 123
7179 453
7180 423
7181 236
7182 65
7183 151
7184 276
7185 355
7186 446
7187 228
7188 228
7189 211
7190 49
7191 386
7192 386
7193 21
7194 282
7195 423
7196 269
7197 386
7198 205
7199 228
7200 62
7201 49
7202 266
7203 228
7204 417
7205 417
7206 269
7207 282
7208 389
7209 31
7210 446
7211 450
7212 269
7213 417
7214 43
7215 387
7216 211
7217 45
7218 423
7219 423
7220 65
7221 236
7222 423
7223 282
7224 236
7225 266
7226 183
7227 423
7228 266
7229 297
7230 268
7231 270
7232 15
7233 226
7234 266
7235 450
7236 355
7237 21
7238 282
7239 282
7240 116
7241 228
7242 157
7243 67
7244 211
7245 208
7246 446
7247 19
7248 405
7249 304
7250 450
7251 282
7252 282
7253 423
7254 265
7255 226
7256 356
7257 0
7258 236
7259 236
7260 236
7261 236
7262 211
7263 161
7264 65
7265 282
7266 49
7267 423
7268 228
7269 236
7270 217
7271 282
7272 266
7273 345
7274 268
7275 266
7276 423
7277 307
7278 357
7279 357
7280 21
7281 425
7282 236
7283 43
7284 228
7285 49
7286 453
7287 276
7288 62
7289 276
7290 211
7291 276
7292 228
7293 228
7294 450
7295 271
7296 403
7297 423
7298 217
7299 411
7300 65
7301 358
7302 217
7303 417
7304 49
7305 21
7306 268
7307 423
7308 450
7309 21
7310 423
7311 453
7312 208
7313 403
7314 269
7315 226
7316 228
7317 389
7318 201
7319 226
7320 405
7321 276
7322 211
7323 276
7324 236
7325 228
7326 217
7327 403
7328 223
7329 305
7330 282
7331 423
7332 282
7333 211
7334 211
7335 269
7336 389
7337 208
7338 62
7339 417
7340 423
7341 268
7342 423
7343 423
7344 21
7345 423
7346 65
7347 423
7348 226
7349 148
7350 54
7351 266
7352 408
7353 63
7354 266
7355 453
7356 389
7357 226
7358 228
7359 49
7360 411
7361 211
7362 388
7363 268
7364 9
7365 228
7366 389
7367 62
7368 185
7369 269
7370 228
7371 276
7372 266
7373 211
7374 49
7375 264
7376 269
7377 66
7378 62
7379 276
7380 151
7381 453
7382 208
7383 236
7384 208
7385 217
7386 211
7387 54
7388 228
7389 151
7390 63
7391 228
7392 423
7393 423
7394 65
7395 265
7396 423
7397 240
7398 57
7399 49
7400 208
7401 280
7402 453
7403 423
7404 423
7405 269
7406 228
7407 417
7408 63
7409 151
7410 228
7411 268
7412 43
7413 228
7414 62
7415 217
7416 217
7417 423
7418 408
7419 63
7420 446
7421 63
7422 228
7423 282
7424 389
7425 54
7426 228
7427 119
7428 417
7429 228
7430 236
7431 161
7432 62
7433 50
7434 211
7435 211
7436 211
7437 211
7438 21
7439 62
7440 226
7441 453
7442 282
7443 208
7444 226
7445 264
7446 65
7447 65
7448 411
7449 453
7450 65
7451 423
7452 208
7453 65
7454 151
7455 228
7456 236
7457 265
7458 151
7459 423
7460 78
7461 146
7462 208
7463 228
7464 228
7465 21
7466 269
7467 62
7468 111
7469 228
7470 228
7471 62
7472 151
7473 450
7474 461
7475 450
7476 65
7477 228
7478 217
7479 423
7480 49
7481 417
7482 228
7483 417
7484 249
7485 423
7486 21
7487 49
7488 319
7489 228
7490 282
7491 278
7492 266
7493 450
7494 211
7495 8
7496 417
7497 417
7498 228
7499 231
7500 453
7501 226
7502 217
7503 226
7504 269
7505 76
7506 9
7507 282
7508 423
7509 403
7510 145
7511 276
7512 228
7513 228
7514 417
7515 417
7516 62
7517 269
7518 31
7519 65
7520 31
7521 403
7522 78
7523 63
7524 269
7525 389
7526 228
7527 220
7528 446
7529 403
7530 220
7531 65
7532 403
7533 282
7534 403
7535 403
7536 403
7537 403
7538 164
7539 403
7540 403
7541 403
7542 220
7543 236
7544 50
7545 63
7546 403
7547 403
7548 220
7549 408
7550 65
7551 236
7552 54
7553 208
7554 208
7555 271
7556 33
7557 417
7558 269
7559 417
7560 229
7561 282
7562 151
7563 62
7564 62
7565 423
7566 228
7567 69
7568 69
7569 21
7570 53
7571 151
7572 266
7573 423
7574 21
7575 423
7576 217
7577 423
7578 423
7579 151
7580 417
7581 177
7582 228
7583 15
7584 228
7585 264
7586 49
7587 228
7588 228
7589 329
7590 208
7591 403
7592 66
7593 359
7594 112
7595 268
7596 266
7597 50
7598 386
7599 151
7600 276
7601 49
7602 451
7603 423
7604 266
7605 228
7606 268
7607 220
7608 282
7609 389
7610 217
7611 423
7612 226
7613 49
7614 117
7615 208
7616 151
7617 268
7618 226
7619 54
7620 269
7621 282
7622 228
7623 423
7624 446
7625 154
7626 423
7627 423
7628 268
7629 423
7630 239
7631 266
7632 358
7633 101
7634 211
7635 423
7636 49
7637 226
7638 171
7639 417
7640 31
7641 228
7642 450
7643 208
7644 266
7645 89
7646 228
7647 21
7648 228
7649 268
7650 403
7651 423
7652 423
7653 220
7654 403
7655 446
7656 450
7657 220
7658 403
7659 193
7660 360
7661 266
7662 453
7663 450
7664 227
7665 403
7666 403
7667 65
7668 403
7669 332
7670 403
7671 282
7672 266
7673 269
7674 228
7675 21
7676 282
7677 208
7678 423
7679 183
7680 268
7681 268
7682 268
7683 228
7684 228
7685 208
7686 208
7687 208
7688 403
7689 269
7690 446
7691 268
7692 62
7693 466
7694 208
7695 205
7696 50
7697 411
7698 226
7699 423
7700 264
7701 49
7702 228
7703 401
7704 389
7705 282
7706 151
7707 276
7708 417
7709 65
7710 43
7711 211
7712 62
7713 217
7714 236
7715 228
7716 151
7717 361
7718 211
7719 217
7720 211
7721 423
7722 43
7723 423
7724 49
7725 151
7726 228
7727 211
7728 62
7729 282
7730 273
7731 21
7732 211
7733 211
7734 225
7735 228
7736 362
7737 226
7738 266
7739 282
7740 423
7741 62
7742 151
7743 417
7744 266
7745 43
7746 21
7747 225
7748 151
7749 282
7750 405
7751 62
7752 269
7753 228
7754 266
7755 423
7756 226
7757 405
7758 226
7759 65
7760 228
7761 228
7762 63
7763 146
7764 423
7765 226
7766 269
7767 276
7768 363
7769 151
7770 266
7771 453
7772 208
7773 266
7774 43
7775 446
7776 54
7777 364
7778 364
7779 254
7780 276
7781 282
7782 282
7783 423
7784 423
7785 211
7786 276
7787 446
7788 282
7789 461
7790 65
7791 264
7792 282
7793 282
7794 405
7795 226
7796 211
7797 453
7798 49
7799 117
7800 62
7801 276
7802 244
7803 228
7804 356
7805 228
7806 236
7807 65
7808 236
7809 450
7810 266
7811 62
7812 226
7813 365
7814 453
7815 266
7816 172
7817 446
7818 366
7819 282
7820 446
7821 49
7822 272
7823 282
7824 391
7825 282
7826 217
7827 228
7828 228
7829 208
7830 62
7831 226
7832 367
7833 282
7834 78
7835 423
7836 228
7837 21
7838 228
7839 266
7840 282
7841 226
7842 228
7843 360
7844 423
7845 211
7846 228
7847 417
7848 228
7849 236
7850 43
7851 228
7852 266
7853 269
7854 65
7855 368
7856 264
7857 266
7858 268
7859 78
7860 446
7861 131
7862 369
7863 21
7864 21
7865 151
7866 103
7867 417
7868 451
7869 151
7870 21
7871 161
7872 54
7873 453
7874 282
7875 211
7876 269
7877 31
7878 65
7879 65
7880 276
7881 236
7882 49
7883 151
7884 63
7885 228
7886 423
7887 228
7888 49
7889 228
7890 65
7891 211
7892 54
7893 43
7894 49
7895 403
7896 403
7897 227
7898 403
7899 403
7900 228
7901 211
7902 265
7903 66
7904 151
7905 151
7906 211
7907 211
7908 54
7909 268
7910 228
7911 63
7912 266
7913 423
7914 282
7915 65
7916 453
7917 266
7918 266
7919 236
7920 236
7921 282
7922 59
7923 403
7924 450
7925 417
7926 282
7927 282
7928 261
7929 211
7930 423
7931 21
7932 236
7933 228
7934 417
7935 49
7936 228
7937 370
7938 403
7939 389
7940 453
7941 228
7942 211
7943 211
7944 217
7945 266
7946 453
7947 228
7948 411
7949 423
7950 264
7951 228
7952 211
7953 417
7954 417
7955 228
7956 226
7957 417
7958 49
7959 78
7960 266
7961 266
7962 266
7963 389
7964 371
7965 269
7966 266
7967 314
7968 446
7969 423
7970 453
7971 65
7972 49
7973 236
7974 269
7975 228
7976 405
7977 49
7978 208
7979 266
7980 417
7981 76
7982 429
7983 228
7984 372
7985 266
7986 63
7987 228
7988 423
7989 208
7990 208
7991 373
7992 268
7993 87
7994 48
7995 374
7996 300
7997 417
7998 226
7999 49
8000 417
8001 49
8002 208
8003 226
8004 423
8005 375
8006 217
8007 408
8008 217
8009 423
8010 228
8011 288
8012 228
8013 367
8014 453
8015 417
8016 405
8017 446
8018 78
8019 403
8020 403
8021 227
8022 268
8023 236
8024 408
8025 228
8026 450
8027 316
8028 403
8029 266
8030 266
8031 49
8032 308
8033 403
8034 220
8035 54
8036 403
8037 220
8038 220
8039 450
8040 450
8041 54
8042 376
8043 266
8044 450
8045 450
8046 403
8047 220
8048 450
8049 220
8050 211
8051 405
8052 403
8053 282
8054 403
8055 49
8056 228
8057 403
8058 282
8059 78
8060 49
8061 374
8062 403
8063 403
8064 417
8065 78
8066 236
8067 269
8068 378
8069 460
8070 228
8071 417
8072 226
8073 225
8074 228
8075 228
8076 49
8077 54
8078 450
8079 151
8080 276
8081 129
8082 454
8083 228
8084 269
8085 49
8086 282
8087 450
8088 65
8089 228
8090 65
8091 54
8092 403
8093 49
8094 236
8095 211
8096 268
8097 423
8098 282
8099 49
8100 236
8101 423
8102 304
8103 23
8104 217
8105 151
8106 247
8107 217
8108 236
8109 217
8110 264
8111 208
8112 268
8113 403
8114 62
8115 266
8116 228
8117 405
8118 423
8119 268
8120 423
8121 423
8122 266
8123 151
8124 423
8125 228
8126 226
8127 264
8128 268
8129 341
8130 228
8131 21
8132 156
8133 264
8134 423
8135 151
8136 50
8137 43
8138 49
8139 266
8140 266
8141 59
8142 282
8143 266
8144 268
8145 405
8146 17
8147 268
8148 377
8149 450
8150 62
8151 65
8152 378
8153 389
8154 226
8155 151
8156 49
8157 453
8158 282
8159 453
8160 269
8161 43
8162 446
8163 146
8164 228
8165 266
8166 228
8167 446
8168 21
8169 224
8170 43
8171 217
8172 423
8173 65
8174 43
8175 211
8176 417
8177 62
8178 208
8179 266
8180 276
8181 269
8182 49
8183 228
8184 49
8185 66
8186 228
8187 228
8188 228
8189 417
8190 228
8191 282
8192 228
8193 228
8194 379
8195 54
8196 380
8197 228
8198 453
8199 282
8200 423
8201 49
8202 226
8203 276
8204 269
8205 266
8206 389
8207 211
8208 151
8209 225
8210 217
8211 133
8212 228
8213 276
8214 208
8215 266
8216 282
8217 282
8218 225
8219 78
8220 228
8221 389
8222 228
8223 266
8224 129
8225 49
8226 451
8227 226
8228 228
8229 54
8230 381
8231 423
8232 62
8233 250
8234 208
8235 405
8236 208
8237 50
8238 403
8239 228
8240 226
8241 226
8242 423
8243 423
8244 282
8245 268
8246 20
8247 49
8248 65
8249 151
8250 151
8251 49
8252 78
8253 49
8254 450
8255 5
8256 450
8257 450
8258 282
8259 54
8260 453
8261 266
8262 417
8263 49
8264 423
8265 453
8266 417
8267 264
8268 266
8269 228
8270 65
8271 49
8272 228
8273 264
8274 49
8275 382
8276 423
8277 247
8278 266
8279 151
8280 49
8281 291
8282 205
8283 405
8284 423
8285 151
8286 383
8287 21
8288 65
8289 228
8290 208
8291 269
8292 151
8293 308
8294 450
8295 446
8296 450
8297 266
8298 228
8299 228
8300 228
8301 228
8302 228
8303 450
8304 269
8305 264
8306 65
8307 411
8308 265
8309 423
8310 21
8311 268
8312 266
8313 228
8314 226
8315 226
8316 21
8317 268
8318 405
8319 386
8320 211
8321 220
8322 411
8323 211
8324 341
8325 453
8326 423
8327 384
8328 217
8329 228
8330 389
8331 405
8332 265
8333 266
8334 228
8335 282
8336 423
8337 85
8338 226
8339 151
8340 228
8341 266
8342 268
8343 228
8344 142
8345 211
8346 228
8347 308
8348 389
8349 264
8350 308
8351 63
8352 364
8353 65
8354 228
8355 220
8356 208
8357 266
8358 281
8359 314
8360 63
8361 63
8362 314
8363 266
8364 423
8365 264
8366 266
8367 405
8368 228
8369 423
8370 265
8371 109
8372 54
8373 228
8374 236
8375 151
8376 43
8377 266
8378 389
8379 7
8380 211
8381 146
8382 290
8383 269
8384 385
8385 423
8386 276
8387 151
8388 423
8389 286
8390 453
8391 62
8392 206
8393 49
8394 228
8395 267
8396 226
8397 417
8398 228
8399 43
8400 405
8401 423
8402 453
8403 389
8404 49
8405 225
8406 228
8407 225
8408 228
8409 65
8410 386
8411 236
8412 450
8413 65
8414 266
8415 226
8416 266
8417 228
8418 266
8419 236
8420 266
8421 282
8422 265
8423 269
8424 228
8425 228
8426 217
8427 226
8428 228
8429 141
8430 21
8431 423
8432 151
8433 78
8434 100
8435 236
8436 302
8437 78
8438 236
8439 228
8440 226
8441 276
8442 167
8443 21
8444 65
8445 269
8446 226
8447 302
8448 211
8449 266
8450 226
8451 383
8452 65
8453 208
8454 228
8455 217
8456 236
8457 21
8458 266
8459 266
8460 417
8461 461
8462 266
8463 226
8464 21
8465 62
8466 269
8467 211
8468 62
8469 49
8470 211
8471 268
8472 208
8473 62
8474 228
8475 228
8476 21
8477 269
8478 151
8479 423
8480 211
8481 461
8482 236
8483 282
8484 323
8485 371
8486 423
8487 228
8488 211
8489 269
8490 49
8491 276
8492 461
8493 389
8494 62
8495 282
8496 423
8497 65
8498 228
8499 151
8500 220
8501 49
8502 403
8503 403
8504 276
8505 228
8506 403
8507 403
8508 450
8509 403
8510 269
8511 63
8512 450
8513 423
8514 131
8515 266
8516 220
8517 403
8518 62
8519 451
8520 78
8521 205
8522 217
8523 21
8524 228
8525 266
8526 63
8527 78
8528 266
8529 151
8530 417
8531 65
8532 276
8533 266
8534 228
8535 423
8536 236
8537 228
8538 387
8539 226
8540 211
8541 388
8542 389
8543 268
8544 403
8545 63
8546 403
8547 282
8548 311
8549 151
8550 423
8551 423
8552 217
8553 128
8554 405
8555 228
8556 151
8557 423
8558 423
8559 236
8560 423
8561 390
8562 228
8563 217
8564 220
8565 236
8566 391
8567 205
8568 233
8569 151
8570 450
8571 451
8572 266
8573 62
8574 151
8575 107
8576 446
8577 266
8578 268
8579 65
8580 417
8581 403
8582 236
8583 403
8584 248
8585 403
8586 403
8587 403
8588 403
8589 446
8590 228
8591 266
8592 65
8593 8
8594 132
8595 220
8596 43
8597 222
8598 220
8599 282
8600 228
8601 227
8602 200
8603 282
8604 49
8605 446
8606 403
8607 408
8608 423
8609 403
8610 282
8611 403
8612 266
8613 403
8614 282
8615 403
8616 228
8617 282
8618 403
8619 228
8620 282
8621 266
8622 403
8623 268
8624 218
8625 226
8626 10
8627 211
8628 211
8629 208
8630 403
8631 450
8632 450
8633 217
8634 23
8635 269
8636 403
8637 403
8638 65
8639 208
8640 265
8641 151
8642 276
8643 224
8644 220
8645 403
8646 403
8647 220
8648 403
8649 53
8650 392
8651 450
8652 276
8653 151
8654 408
8655 403
8656 403
8657 403
8658 408
8659 408
8660 228
8661 423
8662 211
8663 389
8664 111
8665 266
8666 225
8667 211
8668 393
8669 264
8670 54
8671 54
8672 151
8673 417
8674 394
8675 228
8676 450
8677 450
8678 423
8679 62
8680 265
8681 417
8682 225
8683 269
8684 62
8685 417
8686 417
8687 228
8688 151
8689 50
8690 268
8691 21
8692 228
8693 282
8694 450
8695 265
8696 395
8697 423
8698 269
8699 423
8700 151
8701 49
8702 363
8703 450
8704 226
8705 264
8706 396
8707 446
8708 151
8709 423
8710 268
8711 228
8712 423
8713 236
8714 266
8715 405
8716 105
8717 417
8718 268
8719 417
8720 417
8721 450
8722 220
8723 282
8724 403
8725 63
8726 228
8727 228
8728 211
8729 217
8730 21
8731 228
8732 54
8733 282
8734 62
8735 397
8736 217
8737 217
8738 151
8739 228
8740 211
8741 423
8742 236
8743 63
8744 54
8745 405
8746 155
8747 266
8748 398
8749 310
8750 268
8751 228
8752 217
8753 63
8754 205
8755 205
8756 205
8757 205
8758 205
8759 423
8760 228
8761 461
8762 423
8763 282
8764 453
8765 62
8766 276
8767 151
8768 211
8769 276
8770 423
8771 417
8772 268
8773 151
8774 247
8775 228
8776 228
8777 228
8778 423
8779 226
8780 21
8781 265
8782 49
8783 228
8784 65
8785 208
8786 228
8787 228
8788 54
8789 450
8790 282
8791 65
8792 446
8793 236
8794 49
8795 62
8796 49
8797 220
8798 399
8799 69
8800 96
8801 228
8802 228
8803 146
8804 236
8805 211
8806 22
8807 151
8808 49
8809 41
8810 226
8811 226
8812 392
8813 49
8814 236
8815 228
8816 49
8817 265
8818 450
8819 228
8820 49
8821 228
8822 268
8823 49
8824 417
8825 266
8826 403
8827 282
8828 403
8829 403
8830 403
8831 423
8832 225
8833 400
8834 410
8835 228
8836 228
8837 226
8838 21
8839 21
8840 423
8841 228
8842 423
8843 401
8844 405
8845 403
8846 423
8847 402
8848 450
8849 208
8850 304
8851 403
8852 220
8853 266
8854 404
8855 450
8856 266
8857 228
8858 21
8859 23
8860 403
8861 268
8862 266
8863 264
8864 403
8865 264
8866 228
8867 65
8868 211
8869 62
8870 386
8871 405
8872 9
8873 49
8874 208
8875 54
8876 423
8877 406
8878 43
8879 65
8880 417
8881 228
8882 407
8883 228
8884 220
8885 43
8886 226
8887 282
8888 453
8889 228
8890 266
8891 423
8892 266
8893 417
8894 409
8895 410
8896 62
8897 454
8898 423
8899 228
8900 151
8901 394
8902 54
8903 21
8904 62
8905 266
8906 276
8907 228
8908 423
8909 228
8910 65
8911 236
8912 151
8913 423
8914 217
8915 217
8916 63
8917 411
8918 440
8919 266
8920 345
8921 412
8922 268
8923 208
8924 413
8925 228
8926 453
8927 264
8928 21
8929 62
8930 264
8931 269
8932 228
8933 417
8934 108
8935 21
8936 152
8937 276
8938 266
8939 414
8940 282
8941 403
8942 403
8943 403
8944 403
8945 403
8946 276
8947 403
8948 65
8949 268
8950 414
8951 227
8952 450
8953 282
8954 268
8955 408
8956 403
8957 151
8958 356
8959 50
8960 423
8961 187
8962 49
8963 226
8964 217
8965 415
8966 62
8967 416
8968 228
8969 423
8970 282
8971 269
8972 266
8973 282
8974 62
8975 265
8976 417
8977 266
8978 423
8979 450
8980 54
8981 228
8982 49
8983 405
8984 264
8985 277
8986 294
8987 266
8988 226
8989 236
8990 49
8991 78
8992 217
8993 49
8994 62
8995 208
8996 208
8997 49
8998 151
8999 78
9000 208
9001 205
9002 403
9003 423
9004 65
9005 403
9006 282
9007 408
9008 403
9009 446
9010 276
9011 268
9012 328
9013 446
9014 403
9015 403
9016 282
9017 228
9018 49
9019 282
9020 220
9021 403
9022 268
9023 54
9024 50
9025 418
9026 266
9027 266
9028 266
9029 464
9030 450
9031 403
9032 282
9033 65
9034 4
9035 269
9036 266
9037 264
9038 268
9039 419
9040 236
9041 217
9042 268
9043 49
9044 62
9045 62
9046 345
9047 450
9048 228
9049 218
9050 226
9051 62
9052 423
9053 258
9054 450
9055 269
9056 420
9057 62
9058 205
9059 226
9060 211
9061 225
9062 403
9063 233
9064 389
9065 421
9066 268
9067 226
9068 65
9069 146
9070 225
9071 266
9072 269
9073 228
9074 228
9075 208
9076 389
9077 423
9078 228
9079 236
9080 228
9081 405
9082 378
9083 268
9084 268
9085 423
9086 224
9087 151
9088 389
9089 282
9090 228
9091 236
9092 78
9093 268
9094 423
9095 217
9096 423
9097 236
9098 225
9099 62
9100 217
9101 228
9102 417
9103 268
9104 21
9105 211
9106 78
9107 62
9108 389
9109 225
9110 49
9111 62
9112 226
9113 21
9114 422
9115 211
9116 211
9117 43
9118 320
9119 417
9120 266
9121 389
9122 266
9123 208
9124 201
9125 266
9126 225
9127 62
9128 225
9129 208
9130 63
9131 264
9132 49
9133 266
9134 264
9135 21
9136 266
9137 208
9138 268
9139 43
9140 453
9141 228
9142 269
9143 453
9144 151
9145 268
9146 21
9147 236
9148 211
9149 151
9150 423
9151 446
9152 63
9153 336
9154 266
9155 265
9156 266
9157 208
9158 62
9159 264
9160 151
9161 453
9162 264
9163 236
9164 450
9165 264
9166 264
9167 423
9168 225
9169 276
9170 59
9171 65
9172 389
9173 424
9174 268
9175 57
9176 62
9177 63
9178 225
9179 62
9180 423
9181 423
9182 21
9183 268
9184 282
9185 228
9186 228
9187 211
9188 236
9189 65
9190 269
9191 225
9192 225
9193 226
9194 151
9195 423
9196 54
9197 411
9198 54
9199 423
9200 43
9201 265
9202 146
9203 208
9204 282
9205 266
9206 236
9207 453
9208 423
9209 266
9210 228
9211 236
9212 269
9213 21
9214 78
9215 49
9216 423
9217 21
9218 420
9219 62
9220 389
9221 268
9222 228
9223 211
9224 269
9225 417
9226 389
9227 266
9228 21
9229 265
9230 264
9231 228
9232 208
9233 269
9234 211
9235 282
9236 217
9237 269
9238 461
9239 266
9240 425
9241 264
9242 208
9243 32
9244 426
9245 423
9246 62
9247 405
9248 268
9249 208
9250 228
9251 453
9252 268
9253 427
9254 266
9255 211
9256 21
9257 268
9258 266
9259 54
9260 236
9261 228
9262 461
9263 461
9264 269
9265 211
9266 211
9267 403
9268 49
9269 428
9270 429
9271 49
9272 226
9273 208
9274 65
9275 430
9276 62
9277 236
9278 65
9279 431
9280 62
9281 226
9282 228
9283 403
9284 282
9285 228
9286 432
9287 43
9288 276
9289 403
9290 451
9291 211
9292 226
9293 62
9294 211
9295 228
9296 21
9297 236
9298 446
9299 266
9300 417
9301 208
9302 226
9303 282
9304 43
9305 282
9306 62
9307 405
9308 276
9309 268
9310 269
9311 389
9312 423
9313 408
9314 151
9315 417
9316 78
9317 446
9318 228
9319 65
9320 50
9321 78
9322 78
9323 446
9324 451
9325 453
9326 78
9327 423
9328 433
9329 282
9330 282
9331 228
9332 282
9333 65
9334 62
9335 265
9336 236
9337 65
9338 403
9339 403
9340 220
9341 403
9342 62
9343 236
9344 151
9345 228
9346 265
9347 226
9348 236
9349 451
9350 236
9351 434
9352 208
9353 405
9354 282
9355 66
9356 236
9357 276
9358 217
9359 282
9360 282
9361 217
9362 395
9363 50
9364 139
9365 65
9366 236
9367 435
9368 431
9369 228
9370 65
9371 417
9372 423
9373 453
9374 367
9375 450
9376 228
9377 157
9378 228
9379 49
9380 266
9381 211
9382 292
9383 269
9384 268
9385 151
9386 228
9387 65
9388 228
9389 43
9390 248
9391 65
9392 43
9393 62
9394 236
9395 282
9396 453
9397 151
9398 211
9399 423
9400 78
9401 266
9402 403
9403 226
9404 228
9405 450
9406 453
9407 453
9408 228
9409 21
9410 228
9411 282
9412 405
9413 366
9414 236
9415 65
9416 65
9417 417
9418 276
9419 65
9420 395
9421 436
9422 276
9423 451
9424 21
9425 228
9426 208
9427 228
9428 236
9429 366
9430 269
9431 423
9432 417
9433 264
9434 43
9435 446
9436 446
9437 236
9438 228
9439 417
9440 211
9441 62
9442 62
9443 205
9444 269
9445 266
9446 151
9447 228
9448 268
9449 228
9450 217
9451 443
9452 65
9453 266
9454 437
9455 276
9456 49
9457 266
9458 336
9459 228
9460 446
9461 276
9462 211
9463 266
9464 228
9465 268
9466 389
9467 151
9468 236
9469 62
9470 208
9471 250
9472 211
9473 226
9474 266
9475 228
9476 266
9477 450
9478 276
9479 438
9480 228
9481 228
9482 62
9483 43
9484 228
9485 211
9486 228
9487 228
9488 266
9489 439
9490 228
9491 43
9492 405
9493 65
9494 226
9495 142
9496 38
9497 228
9498 266
9499 451
9500 62
9501 440
9502 49
9503 50
9504 282
9505 54
9506 403
9507 228
9508 450
9509 21
9510 211
9511 266
9512 344
9513 276
9514 181
9515 423
9516 228
9517 417
9518 49
9519 268
9520 228
9521 266
9522 450
9523 50
9524 446
9525 453
9526 441
9527 442
9528 269
9529 450
9530 236
9531 423
9532 443
9533 276
9534 283
9535 446
9536 211
9537 282
9538 158
9539 444
9540 445
9541 220
9542 205
9543 236
9544 450
9545 266
9546 453
9547 176
9548 446
9549 269
9550 441
9551 282
9552 217
9553 447
9554 423
9555 228
9556 403
9557 276
9558 403
9559 209
9560 266
9561 268
9562 269
9563 266
9564 63
9565 220
9566 402
9567 276
9568 282
9569 276
9570 446
9571 220
9572 403
9573 448
9574 446
9575 450
9576 227
9577 49
9578 403
9579 282
9580 227
9581 403
9582 403
9583 282
9584 276
9585 446
9586 54
9587 451
9588 282
9589 423
9590 449
9591 403
9592 450
9593 446
9594 450
9595 423
9596 451
9597 403
9598 78
9599 461
9600 78
9601 228
9602 228
9603 452
9604 21
9605 423
9606 454
9607 49
9608 268
9609 49
9610 455
9611 446
9612 403
9613 269
9614 282
9615 228
9616 417
9617 417
9618 49
9619 276
9620 266
9621 220
9622 446
9623 49
9624 228
9625 450
9626 450
9627 228
9628 450
9629 450
9630 423
9631 43
9632 286
9633 451
9634 450
9635 228
9636 371
9637 78
9638 450
9639 228
9640 68
9641 446
9642 446
9643 62
9644 228
9645 403
9646 403
9647 403
9648 151
9649 403
9650 450
9651 450
9652 450
9653 450
9654 450
9655 453
9656 456
9657 146
9658 220
9659 227
9660 403
9661 220
9662 403
9663 403
9664 228
9665 65
9666 450
9667 457
9668 228
9669 49
9670 450
9671 151
9672 211
9673 423
9674 228
9675 450
9676 417
9677 208
9678 197
9679 458
9680 78
9681 459
9682 403
9683 211
9684 282
9685 62
9686 269
9687 444
9688 268
9689 282
9690 211
9691 217
9692 266
9693 65
9694 405
9695 268
9696 460
9697 423
9698 21
9699 228
9700 211
9701 276
9702 450
9703 389
9704 208
9705 302
9706 282
9707 325
9708 151
9709 226
9710 236
9711 228
9712 282
9713 228
9714 21
9715 151
9716 264
9717 54
9718 423
9719 423
9720 423
9721 423
9722 217
9723 461
9724 62
9725 462
9726 282
9727 226
9728 266
9729 151
9730 463
9731 464
9732 49
9733 228
9734 65
9735 228
9736 465
9737 228
9738 78
9739 444
9740 453
9741 217
9742 228
9743 21
9744 205
9745 266
9746 228
9747 49
9748 282
9749 451
9750 265
9751 266
9752 389
9753 268
9754 181
9755 466
9756 158
9757 241
9758 423
9759 467
9760 408
9761 269
9762 49
9763 31
9764 423
9765 308
9766 468
9767 446
9768 226
9769 423
9770 423
9771 441
9772 446
9773 446
9774 405
9775 446
9776 457
9777 269
9778 228
9779 228
9780 446
9781 446
9782 451
9783 450
9784 450
9785 323
9786 423
9787 50
9788 78
9789 453
9790 446
9791 226
9792 211
9793 217
9794 423
9795 421
9796 446
9797 50
9798 446
9799 446
9800 453
9801 444
9802 65
9803 469
9804 78
9805 459
9806 446
9807 451
9808 450
9809 282
9810 78
9811 446
9812 423
9813 423
9814 446
9815 236
9816 228
9817 405
9818 403
9819 21
9820 129
9821 228
9822 451
9823 208
9824 264
9825 49
9826 122
9827 268
9828 265
9829 450
9830 266
9831 65
9832 65
9833 282
9834 266
9835 208
9836 225
9837 49
9838 63
9839 266
9840 414
9841 43
9842 325
9843 282
9844 269
9845 350
9846 211
9847 269
9848 220
9849 62
9850 268
9851 266
9852 461
9853 282
9854 151
9855 217
9856 403
9857 268
9858 236
9859 65
9860 226
9861 228
9862 268
9863 151
9864 389
9865 228
9866 228
9867 228
9868 21
9869 228
9870 217
9871 266
9872 423
9873 282
9874 50
