89
0 2
1 9
2 9
3 2
4 9
5 2
6 7
7 2
8 13
9 2
10 2
11 2
12 2
13 2
14 9
15 2
16 9
17 9
18 2
19 9
20 9
21 2
22 2
23 9
24 9
25 2
26 2
27 2
28 9
29 9
30 2
31 2
32 9
33 3
34 23
35 9
36 9
37 2
38 2
39 2
40 2
41 9
42 1
43 2
44 9
45 2
46 9
47 9
48 9
49 15
50 2
51 2
52 12
53 9
54 9
55 2
56 2
57 9
58 60
59 9
60 2
61 13
62 2
63 9
64 9
65 9
66 2
67 2
68 9
69 2
70 9
71 9
72 2
73 9
74 2
75 2
76 2
77 2
78 9
79 2
80 9
81 9
82 2
83 2
84 2
85 2
86 9
87 2
88 9
89 19
90 11
91 13
92 9
93 9
94 9
95 19
96 2
97 9
98 2
99 9
100 9
101 9
102 9
103 2
104 2
105 2
106 2
107 34
108 9
109 2
110 0
111 9
112 10
113 2
114 2
115 9
116 9
117 2
118 2
119 2
120 2
121 2
122 2
123 2
124 2
125 2
126 9
127 9
128 2
129 9
130 9
131 9
132 2
133 2
134 2
135 9
136 53
137 9
138 9
139 9
140 9
141 2
142 2
143 9
144 9
145 11
146 9
147 7
148 2
149 9
150 9
151 9
152 9
153 2
154 19
155 2
156 2
157 9
158 2
159 9
160 9
161 2
162 9
163 9
164 2
165 2
166 27
167 9
168 2
169 2
170 2
171 60
172 2
173 23
174 8
175 9
176 2
177 9
178 2
179 6
180 9
181 9
182 2
183 2
184 9
185 2
186 2
187 9
188 2
189 9
190 2
191 9
192 5
193 0
194 9
195 9
196 9
197 9
198 27
199 2
200 2
201 0
202 2
203 2
204 9
205 12
206 2
207 2
208 2
209 2
210 2
211 9
212 2
213 2
214 9
215 2
216 9
217 9
218 9
219 19
220 9
221 2
222 9
223 2
224 2
225 9
226 9
227 9
228 2
229 2
230 2
231 2
232 2
233 17
234 2
235 2
236 2
237 2
238 9
239 2
240 9
241 4
242 9
243 9
244 18
245 0
246 2
247 9
248 2
249 9
250 2
251 9
252 2
253 9
254 9
255 4
256 14
257 2
258 2
259 13
260 9
261 2
262 9
263 9
264 0
265 2
266 9
267 9
268 9
269 2
270 2
271 2
272 2
273 9
274 2
275 9
276 2
277 2
278 9
279 9
280 2
281 9
282 16
283 2
284 9
285 2
286 9
287 2
288 2
289 9
290 2
291 2
292 2
293 10
294 2
295 2
296 9
297 2
298 2
299 9
300 9
301 2
302 9
303 2
304 2
305 9
306 9
307 2
308 2
309 9
310 9
311 2
312 9
313 2
314 2
315 2
316 2
317 2
318 2
319 19
320 9
321 9
322 2
323 2
324 2
325 2
326 9
327 7
328 9
329 2
330 9
331 2
332 2
333 9
334 2
335 2
336 2
337 9
338 2
339 2
340 2
341 2
342 2
343 9
344 2
345 2
346 9
347 9
348 23
349 23
350 23
351 27
352 23
353 23
354 27
355 23
356 23
357 27
358 23
359 27
360 23
361 27
362 23
363 23
364 27
365 23
366 23
367 23
368 23
369 27
370 23
371 23
372 23
373 23
374 23
375 23
376 23
377 23
378 23
379 24
380 27
381 27
382 27
383 23
384 23
385 23
386 22
387 23
388 23
389 51
390 23
391 23
392 23
393 27
394 23
395 23
396 27
397 23
398 23
399 27
400 23
401 21
402 23
403 27
404 23
405 23
406 24
407 23
408 23
409 23
410 27
411 23
412 23
413 23
414 23
415 23
416 23
417 23
418 23
419 23
420 23
421 23
422 23
423 23
424 27
425 23
426 23
427 23
428 23
429 27
430 23
431 23
432 23
433 27
434 23
435 27
436 23
437 20
438 23
439 23
440 23
441 27
442 23
443 26
444 23
445 23
446 23
447 23
448 23
449 23
450 23
451 23
452 23
453 25
454 27
455 23
456 23
457 27
458 23
459 27
460 23
461 23
462 23
463 23
464 23
465 23
466 27
467 24
468 26
469 27
470 27
471 23
472 23
473 23
474 27
475 23
476 27
477 27
478 23
479 23
480 23
481 27
482 23
483 23
484 23
485 23
486 27
487 23
488 23
489 27
490 23
491 23
492 23
493 23
494 23
495 23
496 23
497 23
498 24
499 24
500 23
501 27
502 23
503 23
504 23
505 27
506 23
507 23
508 23
509 27
510 23
511 23
512 23
513 23
514 23
515 23
516 27
517 23
518 27
519 27
520 23
521 23
522 27
523 23
524 23
525 23
526 23
527 23
528 23
529 27
530 27
531 27
532 20
533 23
534 23
535 23
536 23
537 23
538 23
539 23
540 23
541 23
542 23
543 23
544 23
545 23
546 23
547 27
548 23
549 23
550 23
551 27
552 27
553 23
554 27
555 23
556 23
557 23
558 23
559 23
560 23
561 23
562 27
563 23
564 27
565 23
566 23
567 23
568 27
569 23
570 23
571 23
572 24
573 27
574 27
575 27
576 27
577 27
578 27
579 27
580 27
581 29
582 27
583 27
584 27
585 23
586 23
587 23
588 27
589 27
590 27
591 23
592 27
593 23
594 88
595 27
596 27
597 27
598 27
599 27
600 27
601 23
602 23
603 27
604 23
605 27
606 27
607 23
608 23
609 27
610 23
611 27
612 27
613 23
614 23
615 27
616 27
617 27
618 27
619 27
620 27
621 27
622 27
623 27
624 23
625 27
626 27
627 27
628 27
629 27
630 27
631 27
632 27
633 27
634 23
635 27
636 27
637 27
638 23
639 27
640 27
641 27
642 28
643 27
644 27
645 23
646 23
647 27
648 27
649 23
650 27
651 23
652 23
653 27
654 27
655 27
656 23
657 27
658 27
659 27
660 27
661 27
662 27
663 27
664 27
665 27
666 27
667 23
668 23
669 23
670 27
671 23
672 27
673 23
674 23
675 27
676 23
677 27
678 27
679 27
680 27
681 27
682 27
683 23
684 27
685 27
686 31
687 31
688 31
689 30
690 31
691 30
692 31
693 31
694 31
695 31
696 31
697 31
698 31
699 30
700 31
701 31
702 30
703 31
704 31
705 31
706 31
707 30
708 31
709 31
710 31
711 31
712 30
713 31
714 30
715 31
716 31
717 30
718 31
719 31
720 31
721 31
722 31
723 31
724 31
725 30
726 31
727 31
728 31
729 30
730 31
731 31
732 30
733 31
734 31
735 31
736 30
737 31
738 31
739 31
740 31
741 31
742 30
743 31
744 31
745 31
746 30
747 31
748 31
749 33
750 31
751 31
752 31
753 31
754 31
755 31
756 31
757 32
758 31
759 31
760 31
761 31
762 31
763 31
764 31
765 31
766 31
767 30
768 30
769 31
770 31
771 30
772 31
773 31
774 31
775 33
776 30
777 31
778 31
779 31
780 31
781 31
782 31
783 31
784 31
785 31
786 31
787 31
788 30
789 30
790 31
791 30
792 31
793 31
794 31
795 31
796 30
797 31
798 31
799 31
800 31
801 31
802 30
803 31
804 30
805 31
806 30
807 31
808 31
809 31
810 31
811 31
812 31
813 31
814 31
815 31
816 30
817 31
818 30
819 31
820 31
821 31
822 30
823 31
824 31
825 31
826 31
827 31
828 31
829 31
830 31
831 31
832 31
833 30
834 31
835 31
836 31
837 31
838 31
839 30
840 31
841 31
842 31
843 31
844 31
845 31
846 31
847 31
848 31
849 31
850 30
851 31
852 30
853 31
854 31
855 30
856 31
857 72
858 30
859 30
860 31
861 30
862 72
863 30
864 31
865 72
866 30
867 30
868 72
869 31
870 30
871 30
872 30
873 30
874 30
875 31
876 30
877 30
878 30
879 30
880 31
881 30
882 30
883 31
884 31
885 30
886 30
887 30
888 30
889 30
890 31
891 31
892 31
893 31
894 30
895 30
896 51
897 34
898 51
899 34
900 34
901 50
902 51
903 50
904 60
905 27
906 34
907 34
908 34
909 34
910 23
911 34
912 23
913 51
914 51
915 23
916 34
917 51
918 34
919 51
920 34
921 34
922 34
923 64
924 51
925 34
926 34
927 34
928 34
929 60
930 23
931 23
932 34
933 51
934 34
935 51
936 27
937 51
938 50
939 23
940 51
941 51
942 51
943 51
944 51
945 51
946 34
947 34
948 23
949 51
950 34
951 34
952 34
953 34
954 51
955 34
956 36
957 51
958 50
959 34
960 34
961 34
962 27
963 50
964 51
965 51
966 34
967 34
968 51
969 51
970 34
971 51
972 34
973 34
974 51
975 51
976 27
977 51
978 34
979 36
980 34
981 51
982 34
983 34
984 51
985 51
986 51
987 42
988 51
989 51
990 64
991 34
992 50
993 34
994 51
995 34
996 34
997 34
998 34
999 34
1000 51
1001 27
1002 41
1003 34
1004 34
1005 51
1006 34
1007 51
1008 34
1009 51
1010 51
1011 51
1012 27
1013 51
1014 51
1015 51
1016 36
1017 34
1018 51
1019 51
1020 51
1021 51
1022 34
1023 34
1024 34
1025 23
1026 34
1027 48
1028 34
1029 34
1030 34
1031 34
1032 51
1033 34
1034 34
1035 51
1036 51
1037 51
1038 34
1039 34
1040 34
1041 51
1042 51
1043 34
1044 51
1045 34
1046 46
1047 34
1048 34
1049 34
1050 47
1051 51
1052 51
1053 36
1054 34
1055 47
1056 34
1057 36
1058 64
1059 34
1060 51
1061 34
1062 51
1063 34
1064 23
1065 51
1066 51
1067 51
1068 34
1069 34
1070 51
1071 43
1072 51
1073 34
1074 34
1075 34
1076 34
1077 47
1078 34
1079 34
1080 27
1081 51
1082 51
1083 34
1084 34
1085 72
1086 34
1087 34
1088 34
1089 51
1090 51
1091 34
1092 34
1093 51
1094 23
1095 27
1096 34
1097 50
1098 34
1099 51
1100 51
1101 34
1102 51
1103 51
1104 51
1105 41
1106 51
1107 34
1108 51
1109 51
1110 34
1111 34
1112 34
1113 23
1114 27
1115 51
1116 34
1117 34
1118 50
1119 34
1120 51
1121 51
1122 27
1123 34
1124 34
1125 34
1126 34
1127 51
1128 34
1129 51
1130 34
1131 51
1132 34
1133 34
1134 51
1135 34
1136 34
1137 50
1138 36
1139 51
1140 64
1141 51
1142 23
1143 51
1144 34
1145 34
1146 34
1147 34
1148 51
1149 34
1150 47
1151 34
1152 51
1153 34
1154 23
1155 27
1156 34
1157 34
1158 51
1159 51
1160 34
1161 34
1162 27
1163 34
1164 34
1165 34
1166 51
1167 51
1168 51
1169 51
1170 51
1171 60
1172 34
1173 34
1174 34
1175 34
1176 51
1177 36
1178 34
1179 27
1180 34
1181 34
1182 34
1183 51
1184 34
1185 34
1186 50
1187 34
1188 51
1189 51
1190 51
1191 34
1192 51
1193 60
1194 38
1195 34
1196 34
1197 34
1198 34
1199 34
1200 40
1201 34
1202 44
1203 34
1204 51
1205 34
1206 34
1207 34
1208 35
1209 34
1210 27
1211 34
1212 23
1213 51
1214 34
1215 51
1216 50
1217 51
1218 36
1219 34
1220 34
1221 51
1222 34
1223 27
1224 64
1225 51
1226 51
1227 51
1228 51
1229 51
1230 34
1231 51
1232 50
1233 27
1234 23
1235 51
1236 51
1237 27
1238 34
1239 34
1240 45
1241 51
1242 34
1243 34
1244 51
1245 51
1246 51
1247 51
1248 51
1249 51
1250 34
1251 34
1252 34
1253 39
1254 34
1255 34
1256 34
1257 51
1258 51
1259 51
1260 51
1261 51
1262 34
1263 27
1264 51
1265 34
1266 47
1267 34
1268 51
1269 34
1270 34
1271 34
1272 34
1273 51
1274 34
1275 51
1276 34
1277 51
1278 34
1279 51
1280 34
1281 51
1282 51
1283 34
1284 51
1285 34
1286 51
1287 34
1288 34
1289 34
1290 34
1291 34
1292 51
1293 34
1294 23
1295 23
1296 51
1297 60
1298 51
1299 51
1300 27
1301 34
1302 34
1303 51
1304 51
1305 34
1306 51
1307 34
1308 51
1309 51
1310 51
1311 51
1312 34
1313 27
1314 50
1315 51
1316 51
1317 64
1318 27
1319 50
1320 27
1321 34
1322 51
1323 34
1324 51
1325 34
1326 40
1327 34
1328 34
1329 34
1330 34
1331 34
1332 23
1333 50
1334 34
1335 34
1336 34
1337 47
1338 51
1339 34
1340 34
1341 34
1342 23
1343 51
1344 34
1345 51
1346 34
1347 51
1348 51
1349 27
1350 51
1351 34
1352 34
1353 42
1354 51
1355 51
1356 23
1357 27
1358 27
1359 34
1360 34
1361 34
1362 51
1363 50
1364 51
1365 34
1366 51
1367 34
1368 34
1369 34
1370 34
1371 50
1372 23
1373 51
1374 27
1375 34
1376 34
1377 34
1378 50
1379 51
1380 34
1381 51
1382 51
1383 34
1384 34
1385 51
1386 34
1387 60
1388 34
1389 34
1390 34
1391 34
1392 51
1393 34
1394 42
1395 34
1396 51
1397 27
1398 34
1399 34
1400 27
1401 34
1402 34
1403 36
1404 51
1405 34
1406 51
1407 34
1408 27
1409 34
1410 34
1411 34
1412 51
1413 51
1414 51
1415 51
1416 34
1417 51
1418 51
1419 34
1420 34
1421 34
1422 27
1423 51
1424 50
1425 23
1426 51
1427 23
1428 51
1429 51
1430 23
1431 34
1432 51
1433 34
1434 47
1435 34
1436 51
1437 34
1438 51
1439 34
1440 34
1441 47
1442 34
1443 23
1444 51
1445 34
1446 27
1447 34
1448 51
1449 34
1450 64
1451 51
1452 50
1453 23
1454 51
1455 23
1456 34
1457 34
1458 34
1459 51
1460 34
1461 64
1462 51
1463 34
1464 23
1465 53
1466 34
1467 34
1468 50
1469 51
1470 34
1471 34
1472 51
1473 51
1474 51
1475 51
1476 34
1477 34
1478 23
1479 51
1480 34
1481 51
1482 51
1483 34
1484 34
1485 34
1486 60
1487 27
1488 34
1489 51
1490 27
1491 34
1492 51
1493 50
1494 34
1495 51
1496 51
1497 23
1498 34
1499 36
1500 51
1501 34
1502 51
1503 51
1504 51
1505 64
1506 27
1507 51
1508 51
1509 34
1510 51
1511 34
1512 27
1513 34
1514 27
1515 51
1516 34
1517 34
1518 34
1519 34
1520 34
1521 34
1522 34
1523 34
1524 34
1525 51
1526 27
1527 34
1528 34
1529 51
1530 34
1531 51
1532 34
1533 50
1534 64
1535 34
1536 51
1537 34
1538 34
1539 34
1540 34
1541 51
1542 34
1543 27
1544 47
1545 27
1546 36
1547 34
1548 50
1549 23
1550 51
1551 34
1552 47
1553 34
1554 34
1555 34
1556 34
1557 34
1558 34
1559 34
1560 34
1561 34
1562 36
1563 34
1564 47
1565 23
1566 23
1567 34
1568 50
1569 51
1570 34
1571 34
1572 34
1573 51
1574 27
1575 51
1576 51
1577 53
1578 51
1579 34
1580 34
1581 34
1582 51
1583 51
1584 34
1585 47
1586 38
1587 51
1588 34
1589 34
1590 34
1591 51
1592 51
1593 34
1594 34
1595 51
1596 51
1597 34
1598 34
1599 27
1600 34
1601 50
1602 23
1603 34
1604 34
1605 34
1606 27
1607 36
1608 34
1609 34
1610 34
1611 51
1612 34
1613 34
1614 34
1615 34
1616 27
1617 34
1618 34
1619 34
1620 34
1621 34
1622 34
1623 34
1624 51
1625 23
1626 34
1627 37
1628 51
1629 50
1630 51
1631 27
1632 34
1633 51
1634 51
1635 51
1636 51
1637 34
1638 51
1639 34
1640 51
1641 34
1642 64
1643 34
1644 34
1645 27
1646 51
1647 51
1648 50
1649 51
1650 51
1651 34
1652 34
1653 34
1654 23
1655 51
1656 64
1657 23
1658 51
1659 34
1660 23
1661 51
1662 34
1663 34
1664 51
1665 34
1666 64
1667 51
1668 34
1669 34
1670 34
1671 23
1672 51
1673 27
1674 34
1675 34
1676 34
1677 27
1678 34
1679 27
1680 51
1681 51
1682 51
1683 34
1684 60
1685 34
1686 51
1687 34
1688 34
1689 34
1690 51
1691 51
1692 27
1693 51
1694 27
1695 23
1696 27
1697 47
1698 34
1699 51
1700 34
1701 60
1702 34
1703 51
1704 51
1705 34
1706 51
1707 34
1708 34
1709 51
1710 34
1711 34
1712 34
1713 51
1714 34
1715 51
1716 51
1717 34
1718 53
1719 34
1720 51
1721 34
1722 34
1723 34
1724 34
1725 51
1726 64
1727 51
1728 51
1729 51
1730 34
1731 27
1732 51
1733 50
1734 34
1735 34
1736 34
1737 34
1738 51
1739 51
1740 27
1741 34
1742 51
1743 23
1744 27
1745 51
1746 34
1747 50
1748 51
1749 51
1750 34
1751 51
1752 34
1753 34
1754 34
1755 51
1756 51
1757 34
1758 64
1759 51
1760 49
1761 34
1762 23
1763 23
1764 51
1765 34
1766 23
1767 27
1768 34
1769 34
1770 51
1771 34
1772 34
1773 23
1774 34
1775 34
1776 23
1777 23
1778 27
1779 47
1780 34
1781 51
1782 34
1783 51
1784 50
1785 51
1786 51
1787 50
1788 34
1789 34
1790 27
1791 34
1792 64
1793 34
1794 51
1795 34
1796 34
1797 34
1798 50
1799 34
1800 34
1801 23
1802 50
1803 34
1804 34
1805 34
1806 34
1807 51
1808 23
1809 34
1810 34
1811 34
1812 51
1813 34
1814 27
1815 51
1816 34
1817 34
1818 51
1819 34
1820 51
1821 34
1822 47
1823 34
1824 51
1825 34
1826 34
1827 34
1828 51
1829 23
1830 51
1831 23
1832 34
1833 34
1834 34
1835 34
1836 34
1837 50
1838 60
1839 34
1840 51
1841 51
1842 34
1843 34
1844 27
1845 34
1846 34
1847 51
1848 51
1849 34
1850 51
1851 34
1852 34
1853 27
1854 34
1855 51
1856 34
1857 51
1858 34
1859 51
1860 34
1861 34
1862 51
1863 34
1864 34
1865 47
1866 34
1867 34
1868 34
1869 51
1870 23
1871 51
1872 51
1873 51
1874 34
1875 51
1876 51
1877 34
1878 27
1879 34
1880 50
1881 23
1882 27
1883 34
1884 51
1885 51
1886 34
1887 51
1888 34
1889 36
1890 35
1891 34
1892 50
1893 51
1894 51
1895 50
1896 36
1897 51
1898 34
1899 51
1900 34
1901 23
1902 34
1903 51
1904 51
1905 47
1906 51
1907 51
1908 34
1909 34
1910 23
1911 34
1912 53
1913 53
1914 53
1915 54
1916 53
1917 59
1918 59
1919 53
1920 53
1921 53
1922 54
1923 53
1924 56
1925 59
1926 53
1927 53
1928 53
1929 59
1930 54
1931 53
1932 53
1933 54
1934 54
1935 53
1936 54
1937 54
1938 59
1939 53
1940 53
1941 53
1942 59
1943 59
1944 53
1945 53
1946 59
1947 53
1948 53
1949 54
1950 53
1951 53
1952 53
1953 59
1954 53
1955 53
1956 55
1957 53
1958 53
1959 53
1960 54
1961 52
1962 59
1963 59
1964 53
1965 54
1966 59
1967 23
1968 53
1969 53
1970 53
1971 59
1972 53
1973 53
1974 53
1975 54
1976 53
1977 53
1978 54
1979 59
1980 53
1981 53
1982 53
1983 59
1984 59
1985 59
1986 59
1987 53
1988 56
1989 59
1990 54
1991 53
1992 56
1993 59
1994 53
1995 53
1996 53
1997 59
1998 53
1999 53
2000 53
2001 53
2002 53
2003 53
2004 53
2005 59
2006 53
2007 53
2008 54
2009 53
2010 53
2011 53
2012 53
2013 53
2014 53
2015 54
2016 53
2017 53
2018 53
2019 59
2020 59
2021 59
2022 53
2023 54
2024 53
2025 53
2026 53
2027 53
2028 53
2029 53
2030 59
2031 53
2032 53
2033 59
2034 54
2035 54
2036 53
2037 59
2038 53
2039 53
2040 59
2041 54
2042 53
2043 59
2044 59
2045 59
2046 59
2047 53
2048 53
2049 54
2050 53
2051 54
2052 53
2053 53
2054 53
2055 59
2056 59
2057 53
2058 59
2059 59
2060 59
2061 53
2062 53
2063 59
2064 59
2065 53
2066 53
2067 59
2068 53
2069 59
2070 54
2071 53
2072 53
2073 59
2074 59
2075 53
2076 56
2077 59
2078 59
2079 53
2080 54
2081 53
2082 54
2083 59
2084 59
2085 53
2086 59
2087 53
2088 59
2089 54
2090 59
2091 54
2092 59
2093 59
2094 52
2095 59
2096 53
2097 53
2098 59
2099 53
2100 53
2101 53
2102 53
2103 59
2104 59
2105 54
2106 53
2107 54
2108 59
2109 59
2110 53
2111 53
2112 59
2113 53
2114 54
2115 59
2116 53
2117 53
2118 59
2119 54
2120 54
2121 59
2122 59
2123 59
2124 59
2125 53
2126 54
2127 53
2128 53
2129 54
2130 54
2131 59
2132 53
2133 53
2134 53
2135 53
2136 59
2137 53
2138 53
2139 59
2140 59
2141 53
2142 59
2143 53
2144 53
2145 53
2146 54
2147 59
2148 53
2149 53
2150 59
2151 53
2152 54
2153 53
2154 59
2155 53
2156 54
2157 53
2158 54
2159 53
2160 54
2161 53
2162 54
2163 53
2164 59
2165 59
2166 54
2167 52
2168 53
2169 53
2170 56
2171 53
2172 59
2173 54
2174 53
2175 53
2176 53
2177 53
2178 54
2179 59
2180 53
2181 54
2182 53
2183 53
2184 59
2185 53
2186 53
2187 53
2188 59
2189 53
2190 59
2191 53
2192 53
2193 54
2194 53
2195 53
2196 53
2197 54
2198 53
2199 53
2200 59
2201 59
2202 53
2203 53
2204 53
2205 53
2206 59
2207 56
2208 53
2209 53
2210 59
2211 53
2212 59
2213 59
2214 53
2215 53
2216 59
2217 53
2218 59
2219 53
2220 59
2221 53
2222 53
2223 53
2224 53
2225 53
2226 53
2227 54
2228 54
2229 59
2230 53
2231 54
2232 53
2233 59
2234 59
2235 53
2236 54
2237 59
2238 54
2239 53
2240 59
2241 53
2242 53
2243 53
2244 59
2245 52
2246 53
2247 53
2248 54
2249 53
2250 53
2251 54
2252 53
2253 59
2254 53
2255 56
2256 53
2257 59
2258 59
2259 53
2260 54
2261 59
2262 59
2263 58
2264 53
2265 53
2266 59
2267 53
2268 53
2269 53
2270 53
2271 59
2272 53
2273 53
2274 53
2275 59
2276 59
2277 54
2278 59
2279 53
2280 53
2281 55
2282 53
2283 53
2284 53
2285 53
2286 54
2287 59
2288 59
2289 53
2290 59
2291 53
2292 53
2293 53
2294 53
2295 53
2296 53
2297 53
2298 53
2299 59
2300 59
2301 55
2302 53
2303 59
2304 53
2305 53
2306 59
2307 59
2308 59
2309 59
2310 53
2311 59
2312 53
2313 54
2314 54
2315 53
2316 54
2317 54
2318 53
2319 53
2320 56
2321 53
2322 54
2323 59
2324 59
2325 53
2326 59
2327 53
2328 53
2329 59
2330 53
2331 59
2332 53
2333 53
2334 59
2335 54
2336 53
2337 53
2338 53
2339 59
2340 59
2341 54
2342 54
2343 53
2344 53
2345 53
2346 53
2347 59
2348 59
2349 56
2350 59
2351 53
2352 59
2353 59
2354 59
2355 53
2356 59
2357 54
2358 53
2359 59
2360 54
2361 54
2362 53
2363 59
2364 53
2365 53
2366 53
2367 53
2368 53
2369 59
2370 59
2371 54
2372 53
2373 54
2374 59
2375 53
2376 59
2377 53
2378 53
2379 53
2380 54
2381 59
2382 54
2383 59
2384 53
2385 53
2386 59
2387 59
2388 54
2389 53
2390 53
2391 59
2392 59
2393 59
2394 53
2395 59
2396 53
2397 54
2398 53
2399 53
2400 53
2401 56
2402 54
2403 54
2404 59
2405 54
2406 53
2407 59
2408 59
2409 59
2410 59
2411 54
2412 54
2413 53
2414 59
2415 53
2416 53
2417 53
2418 59
2419 53
2420 53
2421 53
2422 53
2423 59
2424 54
2425 53
2426 56
2427 59
2428 59
2429 59
2430 59
2431 57
2432 53
2433 59
2434 53
2435 53
2436 53
2437 53
2438 53
2439 53
2440 54
2441 53
2442 59
2443 59
2444 56
2445 53
2446 59
2447 53
2448 54
2449 59
2450 53
2451 53
2452 53
2453 53
2454 59
2455 54
2456 54
2457 53
2458 53
2459 53
2460 59
2461 53
2462 59
2463 53
2464 59
2465 53
2466 56
2467 59
2468 59
2469 59
2470 53
2471 53
2472 53
2473 53
2474 54
2475 53
2476 59
2477 59
2478 59
2479 53
2480 53
2481 52
2482 59
2483 54
2484 59
2485 59
2486 56
2487 55
2488 54
2489 59
2490 56
2491 53
2492 59
2493 53
2494 53
2495 59
2496 53
2497 54
2498 53
2499 59
2500 59
2501 53
2502 53
2503 54
2504 59
2505 53
2506 59
2507 59
2508 53
2509 53
2510 53
2511 53
2512 53
2513 56
2514 53
2515 56
2516 53
2517 53
2518 53
2519 53
2520 59
2521 59
2522 53
2523 54
2524 59
2525 53
2526 59
2527 53
2528 58
2529 53
2530 53
2531 53
2532 59
2533 53
2534 54
2535 55
2536 59
2537 53
2538 53
2539 59
2540 54
2541 54
2542 59
2543 59
2544 53
2545 59
2546 59
2547 53
2548 53
2549 59
2550 59
2551 59
2552 59
2553 59
2554 59
2555 53
2556 59
2557 53
2558 53
2559 59
2560 59
2561 59
2562 54
2563 59
2564 59
2565 53
2566 53
2567 53
2568 53
2569 53
2570 54
2571 53
2572 53
2573 59
2574 59
2575 59
2576 59
2577 54
2578 59
2579 59
2580 54
2581 53
2582 53
2583 53
2584 59
2585 53
2586 59
2587 54
2588 53
2589 53
2590 59
2591 59
2592 53
2593 59
2594 53
2595 54
2596 53
2597 53
2598 53
2599 53
2600 59
2601 59
2602 59
2603 53
2604 59
2605 53
2606 59
2607 59
2608 53
2609 53
2610 53
2611 59
2612 53
2613 59
2614 54
2615 59
2616 53
2617 53
2618 54
2619 59
2620 53
2621 57
2622 56
2623 59
2624 59
2625 59
2626 53
2627 53
2628 54
2629 53
2630 59
2631 59
2632 53
2633 53
2634 54
2635 53
2636 53
2637 53
2638 59
2639 53
2640 53
2641 53
2642 53
2643 53
2644 54
2645 53
2646 59
2647 53
2648 53
2649 53
2650 56
2651 53
2652 53
2653 53
2654 59
2655 59
2656 54
2657 53
2658 53
2659 53
2660 53
2661 60
2662 64
2663 63
2664 63
2665 60
2666 63
2667 60
2668 60
2669 63
2670 61
2671 60
2672 60
2673 63
2674 60
2675 64
2676 63
2677 64
2678 64
2679 63
2680 63
2681 63
2682 64
2683 63
2684 60
2685 60
2686 64
2687 60
2688 64
2689 63
2690 60
2691 64
2692 64
2693 64
2694 63
2695 63
2696 64
2697 64
2698 63
2699 61
2700 60
2701 60
2702 64
2703 61
2704 60
2705 63
2706 63
2707 60
2708 60
2709 60
2710 63
2711 64
2712 60
2713 64
2714 60
2715 60
2716 60
2717 63
2718 64
2719 60
2720 60
2721 60
2722 60
2723 60
2724 64
2725 64
2726 63
2727 60
2728 64
2729 62
2730 64
2731 62
2732 64
2733 60
2734 60
2735 60
2736 64
2737 60
2738 62
2739 64
2740 60
2741 63
2742 60
2743 63
2744 64
2745 63
2746 63
2747 60
2748 60
2749 63
2750 63
2751 60
2752 60
2753 60
2754 63
2755 63
2756 62
2757 63
2758 64
2759 63
2760 64
2761 63
2762 60
2763 63
2764 64
2765 60
2766 62
2767 61
2768 60
2769 63
2770 60
2771 64
2772 60
2773 63
2774 64
2775 64
2776 64
2777 63
2778 60
2779 64
2780 60
2781 60
2782 63
2783 60
2784 60
2785 60
2786 63
2787 60
2788 64
2789 63
2790 60
2791 60
2792 64
2793 60
2794 62
2795 60
2796 60
2797 60
2798 62
2799 64
2800 63
2801 64
2802 60
2803 60
2804 60
2805 64
2806 63
2807 62
2808 60
2809 62
2810 63
2811 60
2812 60
2813 60
2814 60
2815 63
2816 64
2817 64
2818 60
2819 60
2820 64
2821 62
2822 64
2823 60
2824 60
2825 60
2826 64
2827 63
2828 60
2829 64
2830 64
2831 60
2832 60
2833 60
2834 61
2835 63
2836 60
2837 62
2838 60
2839 63
2840 60
2841 60
2842 60
2843 64
2844 60
2845 60
2846 60
2847 60
2848 60
2849 60
2850 63
2851 63
2852 63
2853 60
2854 63
2855 60
2856 60
2857 64
2858 60
2859 60
2860 64
2861 64
2862 63
2863 60
2864 63
2865 64
2866 63
2867 63
2868 60
2869 60
2870 64
2871 64
2872 63
2873 63
2874 62
2875 60
2876 60
2877 63
2878 60
2879 61
2880 63
2881 60
2882 60
2883 64
2884 63
2885 60
2886 60
2887 62
2888 62
2889 61
2890 63
2891 63
2892 64
2893 64
2894 60
2895 60
2896 63
2897 63
2898 64
2899 63
2900 64
2901 60
2902 64
2903 64
2904 60
2905 63
2906 63
2907 63
2908 63
2909 63
2910 63
2911 63
2912 63
2913 63
2914 60
2915 63
2916 63
2917 63
2918 64
2919 63
2920 63
2921 60
2922 64
2923 60
2924 63
2925 63
2926 60
2927 63
2928 63
2929 63
2930 64
2931 63
2932 64
2933 64
2934 64
2935 64
2936 60
2937 60
2938 64
2939 60
2940 63
2941 64
2942 60
2943 63
2944 63
2945 63
2946 63
2947 64
2948 63
2949 64
2950 60
2951 64
2952 63
2953 63
2954 64
2955 64
2956 63
2957 60
2958 60
2959 61
2960 63
2961 63
2962 64
2963 62
2964 60
2965 60
2966 63
2967 63
2968 64
2969 63
2970 60
2971 64
2972 61
2973 60
2974 63
2975 60
2976 60
2977 62
2978 63
2979 64
2980 60
2981 62
2982 61
2983 64
2984 60
2985 63
2986 63
2987 63
2988 63
2989 60
2990 64
2991 60
2992 60
2993 63
2994 63
2995 60
2996 60
2997 64
2998 60
2999 64
3000 63
3001 64
3002 64
3003 60
3004 63
3005 60
3006 60
3007 60
3008 61
3009 60
3010 62
3011 60
3012 64
3013 60
3014 63
3015 60
3016 60
3017 60
3018 64
3019 64
3020 64
3021 60
3022 63
3023 63
3024 60
3025 62
3026 63
3027 60
3028 64
3029 63
3030 62
3031 60
3032 64
3033 63
3034 60
3035 60
3036 62
3037 64
3038 60
3039 60
3040 63
3041 60
3042 63
3043 60
3044 63
3045 63
3046 60
3047 63
3048 60
3049 60
3050 60
3051 60
3052 63
3053 64
3054 63
3055 64
3056 63
3057 64
3058 60
3059 63
3060 60
3061 60
3062 64
3063 64
3064 63
3065 63
3066 60
3067 60
3068 64
3069 64
3070 60
3071 60
3072 60
3073 63
3074 64
3075 60
3076 60
3077 64
3078 63
3079 60
3080 62
3081 60
3082 60
3083 60
3084 62
3085 63
3086 64
3087 64
3088 60
3089 60
3090 63
3091 60
3092 63
3093 60
3094 60
3095 63
3096 63
3097 60
3098 63
3099 60
3100 64
3101 60
3102 60
3103 64
3104 63
3105 64
3106 60
3107 60
3108 63
3109 60
3110 60
3111 60
3112 60
3113 60
3114 62
3115 60
3116 60
3117 63
3118 60
3119 63
3120 60
3121 60
3122 64
3123 62
3124 60
3125 64
3126 60
3127 64
3128 60
3129 63
3130 63
3131 64
3132 60
3133 64
3134 60
3135 62
3136 64
3137 62
3138 60
3139 63
3140 60
3141 64
3142 63
3143 63
3144 60
3145 60
3146 60
3147 64
3148 60
3149 63
3150 60
3151 60
3152 60
3153 63
3154 64
3155 64
3156 64
3157 60
3158 62
3159 64
3160 60
3161 60
3162 64
3163 63
3164 64
3165 64
3166 62
3167 64
3168 64
3169 60
3170 60
3171 60
3172 60
3173 60
3174 63
3175 60
3176 64
3177 64
3178 60
3179 60
3180 64
3181 64
3182 60
3183 60
3184 63
3185 60
3186 64
3187 64
3188 60
3189 64
3190 64
3191 64
3192 60
3193 63
3194 60
3195 63
3196 64
3197 60
3198 60
3199 60
3200 64
3201 60
3202 63
3203 60
3204 60
3205 64
3206 60
3207 64
3208 60
3209 60
3210 64
3211 60
3212 60
3213 63
3214 60
3215 60
3216 64
3217 60
3218 64
3219 64
3220 63
3221 60
3222 64
3223 64
3224 60
3225 60
3226 63
3227 63
3228 63
3229 63
3230 60
3231 62
3232 63
3233 64
3234 63
3235 60
3236 64
3237 63
3238 62
3239 60
3240 60
3241 64
3242 60
3243 63
3244 64
3245 64
3246 64
3247 60
3248 64
3249 60
3250 63
3251 64
3252 60
3253 64
3254 60
3255 64
3256 64
3257 62
3258 60
3259 64
3260 60
3261 60
3262 60
3263 64
3264 64
3265 60
3266 60
3267 60
3268 66
3269 62
3270 60
3271 64
3272 60
3273 64
3274 60
3275 60
3276 60
3277 60
3278 64
3279 60
3280 60
3281 60
3282 64
3283 61
3284 63
3285 64
3286 63
3287 60
3288 60
3289 64
3290 60
3291 60
3292 60
3293 63
3294 63
3295 64
3296 60
3297 60
3298 60
3299 60
3300 63
3301 63
3302 60
3303 63
3304 63
3305 60
3306 60
3307 60
3308 60
3309 61
3310 64
3311 61
3312 60
3313 60
3314 61
3315 63
3316 60
3317 62
3318 61
3319 60
3320 60
3321 60
3322 60
3323 60
3324 63
3325 61
3326 60
3327 60
3328 60
3329 60
3330 60
3331 60
3332 60
3333 62
3334 64
3335 60
3336 60
3337 64
3338 60
3339 63
3340 60
3341 60
3342 60
3343 60
3344 60
3345 60
3346 64
3347 60
3348 63
3349 60
3350 60
3351 60
3352 60
3353 60
3354 64
3355 60
3356 64
3357 60
3358 64
3359 64
3360 60
3361 64
3362 63
3363 63
3364 63
3365 64
3366 64
3367 60
3368 64
3369 64
3370 64
3371 64
3372 64
3373 60
3374 64
3375 60
3376 60
3377 60
3378 60
3379 64
3380 60
3381 60
3382 61
3383 64
3384 63
3385 64
3386 60
3387 63
3388 62
3389 64
3390 63
3391 60
3392 63
3393 60
3394 62
3395 60
3396 60
3397 60
3398 60
3399 63
3400 62
3401 60
3402 64
3403 60
3404 64
3405 60
3406 60
3407 65
3408 64
3409 60
3410 64
3411 60
3412 64
3413 62
3414 63
3415 64
3416 60
3417 63
3418 60
3419 60
3420 64
3421 60
3422 60
3423 61
3424 64
3425 60
3426 63
3427 60
3428 63
3429 64
3430 63
3431 60
3432 64
3433 63
3434 60
3435 62
3436 63
3437 68
3438 72
3439 69
3440 72
3441 69
3442 69
3443 69
3444 68
3445 69
3446 69
3447 69
3448 72
3449 72
3450 70
3451 68
3452 70
3453 68
3454 72
3455 69
3456 72
3457 72
3458 68
3459 68
3460 69
3461 72
3462 70
3463 68
3464 69
3465 69
3466 69
3467 72
3468 68
3469 69
3470 69
3471 70
3472 69
3473 69
3474 69
3475 70
3476 69
3477 72
3478 69
3479 69
3480 72
3481 69
3482 68
3483 68
3484 72
3485 70
3486 68
3487 81
3488 70
3489 69
3490 69
3491 72
3492 72
3493 68
3494 68
3495 72
3496 72
3497 70
3498 69
3499 68
3500 69
3501 72
3502 70
3503 70
3504 72
3505 69
3506 68
3507 68
3508 69
3509 68
3510 69
3511 68
3512 72
3513 69
3514 70
3515 68
3516 69
3517 72
3518 70
3519 69
3520 72
3521 69
3522 72
3523 69
3524 68
3525 72
3526 69
3527 70
3528 70
3529 69
3530 81
3531 69
3532 68
3533 72
3534 68
3535 68
3536 69
3537 69
3538 69
3539 68
3540 72
3541 69
3542 70
3543 70
3544 72
3545 70
3546 69
3547 72
3548 70
3549 69
3550 72
3551 81
3552 72
3553 69
3554 69
3555 68
3556 72
3557 70
3558 68
3559 70
3560 71
3561 69
3562 69
3563 72
3564 68
3565 70
3566 68
3567 69
3568 68
3569 68
3570 68
3571 69
3572 68
3573 70
3574 70
3575 70
3576 70
3577 72
3578 70
3579 69
3580 69
3581 69
3582 69
3583 68
3584 68
3585 69
3586 72
3587 69
3588 69
3589 68
3590 69
3591 68
3592 72
3593 68
3594 69
3595 69
3596 70
3597 69
3598 68
3599 69
3600 68
3601 68
3602 69
3603 70
3604 70
3605 70
3606 69
3607 68
3608 69
3609 72
3610 72
3611 70
3612 68
3613 69
3614 68
3615 69
3616 69
3617 68
3618 72
3619 72
3620 68
3621 72
3622 68
3623 68
3624 69
3625 72
3626 72
3627 70
3628 69
3629 69
3630 69
3631 68
3632 77
3633 72
3634 69
3635 70
3636 69
3637 70
3638 69
3639 69
3640 70
3641 69
3642 70
3643 68
3644 68
3645 68
3646 68
3647 69
3648 68
3649 69
3650 68
3651 72
3652 69
3653 77
3654 72
3655 69
3656 72
3657 69
3658 70
3659 72
3660 72
3661 70
3662 69
3663 69
3664 69
3665 69
3666 69
3667 72
3668 69
3669 70
3670 70
3671 68
3672 70
3673 68
3674 72
3675 69
3676 69
3677 72
3678 68
3679 69
3680 68
3681 70
3682 69
3683 72
3684 72
3685 69
3686 70
3687 70
3688 68
3689 72
3690 68
3691 67
3692 72
3693 72
3694 69
3695 69
3696 69
3697 72
3698 69
3699 69
3700 70
3701 69
3702 70
3703 72
3704 70
3705 69
3706 68
3707 70
3708 69
3709 68
3710 69
3711 68
3712 72
3713 69
3714 68
3715 69
3716 69
3717 74
3718 68
3719 68
3720 77
3721 72
3722 69
3723 82
3724 68
3725 69
3726 69
3727 69
3728 69
3729 68
3730 70
3731 70
3732 72
3733 68
3734 72
3735 69
3736 72
3737 70
3738 69
3739 69
3740 69
3741 72
3742 68
3743 69
3744 73
3745 69
3746 79
3747 69
3748 68
3749 76
3750 72
3751 77
3752 69
3753 69
3754 68
3755 72
3756 72
3757 69
3758 68
3759 69
3760 72
3761 69
3762 70
3763 68
3764 68
3765 72
3766 69
3767 68
3768 68
3769 69
3770 68
3771 69
3772 72
3773 69
3774 69
3775 72
3776 69
3777 68
3778 69
3779 72
3780 72
3781 68
3782 68
3783 69
3784 68
3785 70
3786 68
3787 76
3788 72
3789 76
3790 70
3791 69
3792 68
3793 68
3794 68
3795 72
3796 72
3797 72
3798 68
3799 69
3800 70
3801 80
3802 69
3803 68
3804 70
3805 72
3806 69
3807 77
3808 68
3809 69
3810 68
3811 69
3812 69
3813 70
3814 69
3815 69
3816 68
3817 72
3818 68
3819 69
3820 68
3821 68
3822 68
3823 68
3824 70
3825 68
3826 68
3827 69
3828 70
3829 69
3830 72
3831 72
3832 70
3833 68
3834 68
3835 69
3836 69
3837 69
3838 70
3839 72
3840 69
3841 72
3842 72
3843 68
3844 69
3845 70
3846 75
3847 72
3848 69
3849 68
3850 69
3851 72
3852 70
3853 68
3854 69
3855 68
3856 68
3857 69
3858 70
3859 68
3860 70
3861 68
3862 69
3863 69
3864 70
3865 69
3866 68
3867 69
3868 69
3869 68
3870 68
3871 69
3872 72
3873 72
3874 69
3875 69
3876 69
3877 72
3878 68
3879 69
3880 72
3881 68
3882 68
3883 69
3884 70
3885 78
3886 72
3887 69
3888 72
3889 72
3890 68
3891 70
3892 69
3893 68
3894 69
3895 68
3896 68
3897 70
3898 69
3899 69
3900 68
3901 69
3902 70
3903 68
3904 68
3905 69
3906 68
3907 69
3908 70
3909 68
3910 69
3911 70
3912 69
3913 70
3914 68
3915 69
3916 72
3917 69
3918 69
3919 69
3920 69
3921 69
3922 69
3923 77
3924 68
3925 82
3926 70
3927 68
3928 70
3929 72
3930 70
3931 68
3932 69
3933 69
3934 70
3935 68
3936 69
3937 69
3938 72
3939 69
3940 70
3941 68
3942 69
3943 72
3944 72
3945 69
3946 68
3947 68
3948 72
3949 69
3950 72
3951 68
3952 69
3953 72
3954 69
3955 68
3956 69
3957 69
3958 68
3959 68
3960 69
3961 81
3962 72
3963 69
3964 69
3965 69
3966 70
3967 69
3968 72
3969 68
3970 72
3971 72
3972 69
3973 68
3974 68
3975 69
3976 68
3977 69
3978 72
3979 72
3980 88
3981 88
3982 88
3983 84
3984 88
3985 88
3986 88
3987 86
3988 88
3989 88
3990 84
3991 88
3992 88
3993 88
3994 88
3995 88
3996 88
3997 88
3998 88
3999 84
4000 88
4001 87
4002 88
4003 88
4004 88
4005 88
4006 88
4007 84
4008 88
4009 88
4010 88
4011 88
4012 83
4013 88
4014 88
4015 88
4016 84
4017 88
4018 88
4019 88
4020 88
4021 88
4022 88
4023 88
4024 88
4025 84
4026 88
4027 88
4028 88
4029 85
4030 88
4031 88
4032 88
4033 88
4034 88
4035 88
4036 88
4037 88
4038 88
