122
0 83
1 89
2 100
3 60
4 114
5 84
6 109
7 110
8 58
9 99
10 99
11 123
12 30
13 84
14 99
15 58
16 79
17 58
18 98
19 0
20 52
21 118
22 52
23 109
24 79
25 2
26 30
27 100
28 109
29 0
30 0
31 30
32 84
33 0
34 58
35 30
36 58
37 58
38 1
39 2
40 99
41 107
42 58
43 99
44 58
45 79
46 76
47 3
48 110
49 84
50 98
51 94
52 84
53 58
54 117
55 60
56 61
57 58
58 76
59 99
60 58
61 61
62 0
63 58
64 30
65 89
66 4
67 112
68 58
69 110
70 89
71 110
72 99
73 122
74 58
75 94
76 122
77 79
78 122
79 30
80 89
81 107
82 58
83 52
84 99
85 5
86 6
87 76
88 30
89 30
90 30
91 7
92 58
93 99
94 58
95 30
96 8
97 101
98 107
99 106
100 30
101 89
102 30
103 107
104 58
105 30
106 52
107 107
108 30
109 30
110 58
111 79
112 30
113 60
114 84
115 60
116 58
117 79
118 58
119 58
120 58
121 112
122 58
123 99
124 84
125 58
126 52
127 52
128 9
129 52
130 52
131 58
132 58
133 99
134 84
135 30
136 118
137 0
138 99
139 58
140 110
141 10
142 52
143 58
144 52
145 84
146 58
147 99
148 61
149 11
150 12
151 13
152 123
153 112
154 82
155 52
156 14
157 94
158 51
159 115
160 30
161 58
162 58
163 15
164 30
165 84
166 58
167 30
168 84
169 109
170 58
171 79
172 58
173 60
174 58
175 58
176 15
177 58
178 99
179 60
180 105
181 58
182 112
183 99
184 92
185 58
186 30
187 99
188 58
189 60
190 58
191 99
192 6
193 58
194 79
195 98
196 52
197 44
198 123
199 58
200 60
201 99
202 84
203 84
204 58
205 0
206 58
207 0
208 61
209 16
210 17
211 123
212 110
213 110
214 76
215 58
216 30
217 0
218 18
219 60
220 30
221 107
222 58
223 58
224 19
225 58
226 105
227 84
228 89
229 79
230 110
231 60
232 58
233 112
234 105
235 107
236 79
237 99
238 77
239 105
240 110
241 84
242 99
243 99
244 105
245 58
246 98
247 84
248 61
249 99
250 30
251 106
252 108
253 20
254 30
255 58
256 30
257 30
258 58
259 30
260 84
261 98
262 30
263 58
264 21
265 22
266 0
267 58
268 0
269 58
270 52
271 58
272 23
273 97
274 26
275 60
276 58
277 110
278 117
279 84
280 30
281 58
282 109
283 30
284 30
285 112
286 109
287 105
288 84
289 79
290 0
291 99
292 84
293 98
294 58
295 110
296 114
297 84
298 85
299 36
300 99
301 108
302 112
303 60
304 84
305 24
306 107
307 60
308 123
309 30
310 30
311 60
312 110
313 58
314 30
315 80
316 99
317 25
318 60
319 26
320 30
321 123
322 30
323 27
324 93
325 123
326 30
327 60
328 30
329 79
330 98
331 84
332 58
333 117
334 58
335 111
336 79
337 60
338 60
339 30
340 30
341 99
342 112
343 60
344 28
345 99
346 84
347 3
348 58
349 30
350 84
351 58
352 52
353 100
354 60
355 29
356 107
357 98
358 52
359 99
360 58
361 84
362 58
363 76
364 109
365 99
366 79
367 79
368 103
369 112
370 99
371 120
372 107
373 106
374 60
375 79
376 84
377 30
378 58
379 58
380 112
381 58
382 58
383 84
384 32
385 52
386 33
387 34
388 71
389 58
390 34
391 60
392 52
393 30
394 52
395 99
396 30
397 30
398 35
399 84
400 110
401 79
402 58
403 109
404 61
405 52
406 36
407 99
408 99
409 30
410 58
411 30
412 30
413 52
414 105
415 30
416 79
417 60
418 30
419 83
420 52
421 57
422 82
423 87
424 123
425 58
426 60
427 52
428 122
429 109
430 58
431 113
432 109
433 110
434 58
435 84
436 113
437 52
438 122
439 0
440 58
441 30
442 92
443 30
444 89
445 99
446 110
447 110
448 36
449 58
450 105
451 63
452 89
453 99
454 52
455 0
456 88
457 0
458 60
459 30
460 58
461 58
462 7
463 122
464 52
465 60
466 117
467 89
468 85
469 107
470 94
471 120
472 87
473 79
474 52
475 37
476 30
477 123
478 98
479 0
480 58
481 58
482 82
483 84
484 84
485 58
486 117
487 61
488 117
489 109
490 52
491 60
492 52
493 30
494 52
495 99
496 58
497 105
498 58
499 60
500 84
501 58
502 30
503 30
504 123
505 107
506 79
507 30
508 58
509 0
510 52
511 60
512 90
513 112
514 60
515 112
516 98
517 58
518 84
519 52
520 58
521 52
522 117
523 58
524 38
525 112
526 89
527 99
528 39
529 110
530 89
531 60
532 79
533 72
534 58
535 58
536 40
537 89
538 107
539 106
540 30
541 30
542 110
543 30
544 0
545 30
546 41
547 84
548 52
549 58
550 42
551 52
552 30
553 43
554 123
555 79
556 30
557 60
558 99
559 58
560 44
561 110
562 58
563 113
564 30
565 30
566 117
567 109
568 84
569 113
570 58
571 58
572 45
573 0
574 0
575 99
576 84
577 84
578 117
579 58
580 60
581 58
582 84
583 123
584 58
585 117
586 84
587 58
588 99
589 89
590 58
591 110
592 58
593 58
594 30
595 120
596 52
597 58
598 99
599 123
600 99
601 46
602 99
603 95
604 58
605 60
606 79
607 84
608 58
609 60
610 79
611 110
612 58
613 79
614 79
615 58
616 113
617 0
618 60
619 60
620 47
621 99
622 30
623 52
624 30
625 52
626 114
627 52
628 60
629 79
630 117
631 103
632 2
633 58
634 61
635 113
636 52
637 58
638 107
639 117
640 58
641 30
642 48
643 117
644 113
645 79
646 0
647 18
648 0
649 99
650 48
651 117
652 49
653 58
654 30
655 117
656 111
657 50
658 58
659 107
660 30
661 99
662 30
663 0
664 117
665 58
666 99
667 114
668 30
669 58
670 99
671 60
672 30
673 107
674 51
675 51
676 99
677 26
678 109
679 58
680 51
681 58
682 99
683 60
684 60
685 58
686 30
687 107
688 30
689 107
690 105
691 58
692 107
693 107
694 110
695 99
696 110
697 98
698 110
699 60
700 79
701 30
702 52
703 30
704 58
705 79
706 60
707 79
708 84
709 58
710 58
711 110
712 99
713 52
714 52
715 109
716 84
717 84
718 61
719 30
720 76
721 113
722 106
723 117
724 113
725 30
726 58
727 84
728 45
729 79
730 30
731 123
732 61
733 58
734 111
735 58
736 99
737 52
738 52
739 58
740 30
741 111
742 87
743 0
744 58
745 58
746 113
747 0
748 58
749 58
750 105
751 30
752 113
753 58
754 0
755 30
756 58
757 30
758 99
759 60
760 84
761 52
762 60
763 52
764 79
765 89
766 109
767 58
768 97
769 107
770 60
771 99
772 30
773 58
774 84
775 76
776 107
777 52
778 58
779 58
780 84
781 58
782 117
783 107
784 107
785 76
786 110
787 58
788 112
789 112
790 52
791 109
792 58
793 58
794 58
795 84
796 105
797 30
798 89
799 110
800 0
801 30
802 107
803 84
804 112
805 112
806 99
807 53
808 109
809 74
810 53
811 58
812 60
813 79
814 58
815 54
816 99
817 58
818 79
819 25
820 99
821 109
822 84
823 98
824 105
825 0
826 0
827 84
828 109
829 123
830 52
831 105
832 52
833 118
834 84
835 58
836 109
837 99
838 107
839 107
840 123
841 123
842 55
843 99
844 58
845 99
846 99
847 30
848 30
849 58
850 110
851 79
852 58
853 30
854 57
855 60
856 0
857 58
858 123
859 17
860 107
861 84
862 107
863 118
864 82
865 52
866 112
867 109
868 58
869 76
870 30
871 48
872 0
873 36
874 23
875 52
876 38
877 30
878 0
879 118
880 118
881 84
882 52
883 52
884 52
885 52
886 0
887 58
888 109
889 84
890 58
891 58
892 30
893 58
894 76
895 52
896 60
897 108
898 30
899 113
900 58
901 123
902 60
903 30
904 58
905 99
906 52
907 109
908 30
909 113
910 84
911 46
912 60
913 123
914 92
915 30
916 84
917 98
918 107
919 58
920 30
921 100
922 79
923 58
924 60
925 30
926 112
927 76
928 60
929 109
930 58
931 116
932 99
933 76
934 99
935 52
936 84
937 84
938 84
939 60
940 52
941 0
942 58
943 58
944 107
945 58
946 58
947 60
948 79
949 99
950 105
951 89
952 0
953 58
954 60
955 84
956 30
957 30
958 102
959 30
960 0
961 30
962 118
963 58
964 60
965 84
966 51
967 61
968 111
969 123
970 58
971 52
972 117
973 84
974 52
975 52
976 58
977 52
978 30
979 0
980 58
981 0
982 60
983 52
984 111
985 107
986 107
987 107
988 113
989 0
990 61
991 58
992 58
993 100
994 58
995 30
996 53
997 28
998 30
999 30
1000 30
1001 52
1002 123
1003 58
1004 58
1005 58
1006 58
1007 110
1008 0
1009 30
1010 62
1011 62
1012 63
1013 60
1014 117
1015 84
1016 123
1017 99
1018 52
1019 107
1020 58
1021 60
1022 58
1023 60
1024 84
1025 110
1026 60
1027 52
1028 58
1029 60
1030 111
1031 89
1032 64
1033 64
1034 64
1035 58
1036 30
1037 99
1038 30
1039 65
1040 30
1041 107
1042 30
1043 99
1044 58
1045 66
1046 60
1047 88
1048 92
1049 105
1050 30
1051 0
1052 123
1053 58
1054 123
1055 112
1056 110
1057 79
1058 58
1059 58
1060 52
1061 67
1062 67
1063 98
1064 107
1065 89
1066 58
1067 98
1068 107
1069 113
1070 68
1071 99
1072 30
1073 117
1074 58
1075 52
1076 58
1077 69
1078 69
1079 30
1080 27
1081 77
1082 99
1083 107
1084 0
1085 0
1086 0
1087 0
1088 30
1089 58
1090 84
1091 107
1092 58
1093 58
1094 120
1095 58
1096 89
1097 99
1098 52
1099 99
1100 58
1101 105
1102 70
1103 60
1104 30
1105 79
1106 0
1107 28
1108 114
1109 52
1110 117
1111 93
1112 58
1113 76
1114 118
1115 79
1116 109
1117 58
1118 58
1119 30
1120 99
1121 123
1122 58
1123 98
1124 30
1125 58
1126 58
1127 0
1128 107
1129 71
1130 58
1131 107
1132 114
1133 106
1134 112
1135 112
1136 58
1137 88
1138 110
1139 90
1140 76
1141 30
1142 58
1143 99
1144 117
1145 113
1146 113
1147 58
1148 58
1149 123
1150 0
1151 89
1152 116
1153 72
1154 58
1155 91
1156 58
1157 58
1158 30
1159 73
1160 58
1161 118
1162 99
1163 52
1164 0
1165 58
1166 107
1167 79
1168 60
1169 112
1170 52
1171 58
1172 74
1173 107
1174 30
1175 58
1176 60
1177 58
1178 99
1179 109
1180 111
1181 58
1182 5
1183 84
1184 114
1185 71
1186 58
1187 107
1188 107
1189 84
1190 90
1191 107
1192 60
1193 58
1194 84
1195 112
1196 110
1197 114
1198 84
1199 60
1200 89
1201 99
1202 112
1203 52
1204 75
1205 99
1206 123
1207 123
1208 58
1209 58
1210 112
1211 58
1212 30
1213 76
1214 25
1215 79
1216 117
1217 84
1218 79
1219 58
1220 60
1221 58
1222 58
1223 89
1224 30
1225 76
1226 113
1227 84
1228 60
1229 58
1230 84
1231 99
1232 74
1233 63
1234 58
1235 107
1236 74
1237 99
1238 58
1239 122
1240 58
1241 107
1242 107
1243 110
1244 110
1245 110
1246 84
1247 99
1248 58
1249 99
1250 58
1251 103
1252 58
1253 99
1254 60
1255 100
1256 113
1257 111
1258 84
1259 98
1260 110
1261 110
1262 0
1263 75
1264 0
1265 76
1266 99
1267 0
1268 30
1269 84
1270 99
1271 58
1272 58
1273 30
1274 98
1275 61
1276 110
1277 30
1278 84
1279 79
1280 30
1281 0
1282 89
1283 60
1284 30
1285 77
1286 79
1287 77
1288 89
1289 52
1290 60
1291 58
1292 105
1293 78
1294 58
1295 110
1296 60
1297 84
1298 52
1299 116
1300 60
1301 96
1302 105
1303 104
1304 58
1305 0
1306 60
1307 84
1308 60
1309 113
1310 78
1311 58
1312 84
1313 111
1314 58
1315 79
1316 122
1317 52
1318 58
1319 110
1320 57
1321 84
1322 22
1323 107
1324 30
1325 60
1326 123
1327 84
1328 58
1329 58
1330 30
1331 52
1332 58
1333 30
1334 30
1335 76
1336 84
1337 30
1338 60
1339 110
1340 82
1341 49
1342 114
1343 30
1344 84
1345 76
1346 58
1347 58
1348 61
1349 80
1350 49
1351 113
1352 99
1353 99
1354 58
1355 123
1356 67
1357 110
1358 0
1359 58
1360 52
1361 58
1362 0
1363 60
1364 20
1365 89
1366 58
1367 84
1368 112
1369 52
1370 78
1371 79
1372 30
1373 95
1374 30
1375 60
1376 116
1377 79
1378 84
1379 117
1380 60
1381 58
1382 89
1383 84
1384 82
1385 30
1386 79
1387 99
1388 118
1389 58
1390 117
1391 113
1392 123
1393 117
1394 117
1395 99
1396 60
1397 52
1398 58
1399 58
1400 99
1401 58
1402 58
1403 107
1404 58
1405 58
1406 30
1407 58
1408 58
1409 60
1410 30
1411 58
1412 66
1413 79
1414 58
1415 76
1416 52
1417 99
1418 117
1419 30
1420 111
1421 71
1422 30
1423 60
1424 78
1425 30
1426 113
1427 58
1428 99
1429 58
1430 58
1431 99
1432 117
1433 58
1434 19
1435 58
1436 89
1437 0
1438 60
1439 52
1440 58
1441 60
1442 30
1443 43
1444 58
1445 107
1446 98
1447 98
1448 109
1449 109
1450 98
1451 30
1452 76
1453 79
1454 110
1455 30
1456 30
1457 98
1458 30
1459 58
1460 79
1461 89
1462 30
1463 107
1464 113
1465 58
1466 117
1467 60
1468 58
1469 80
1470 58
1471 84
1472 112
1473 99
1474 105
1475 52
1476 60
1477 58
1478 99
1479 52
1480 79
1481 58
1482 58
1483 113
1484 80
1485 113
1486 84
1487 80
1488 0
1489 0
1490 99
1491 58
1492 58
1493 0
1494 58
1495 30
1496 99
1497 76
1498 98
1499 99
1500 112
1501 60
1502 52
1503 98
1504 51
1505 58
1506 60
1507 117
1508 58
1509 30
1510 81
1511 89
1512 81
1513 113
1514 84
1515 100
1516 92
1517 58
1518 30
1519 89
1520 58
1521 58
1522 52
1523 98
1524 104
1525 52
1526 30
1527 99
1528 81
1529 81
1530 60
1531 105
1532 82
1533 30
1534 84
1535 4
1536 60
1537 84
1538 30
1539 117
1540 30
1541 79
1542 83
1543 83
1544 113
1545 89
1546 89
1547 83
1548 0
1549 107
1550 7
1551 24
1552 30
1553 30
1554 89
1555 52
1556 84
1557 82
1558 113
1559 58
1560 79
1561 113
1562 30
1563 30
1564 84
1565 58
1566 123
1567 84
1568 99
1569 52
1570 99
1571 76
1572 110
1573 105
1574 58
1575 60
1576 117
1577 58
1578 58
1579 84
1580 123
1581 98
1582 58
1583 58
1584 120
1585 99
1586 58
1587 58
1588 58
1589 30
1590 82
1591 100
1592 97
1593 58
1594 84
1595 58
1596 58
1597 53
1598 52
1599 58
1600 30
1601 84
1602 110
1603 58
1604 30
1605 99
1606 83
1607 30
1608 113
1609 30
1610 30
1611 107
1612 89
1613 52
1614 84
1615 30
1616 111
1617 107
1618 84
1619 99
1620 99
1621 118
1622 89
1623 85
1624 84
1625 110
1626 52
1627 123
1628 107
1629 111
1630 99
1631 85
1632 123
1633 58
1634 30
1635 89
1636 84
1637 110
1638 30
1639 85
1640 87
1641 58
1642 84
1643 60
1644 86
1645 110
1646 99
1647 87
1648 58
1649 100
1650 107
1651 113
1652 30
1653 58
1654 71
1655 60
1656 30
1657 58
1658 0
1659 60
1660 52
1661 112
1662 89
1663 30
1664 84
1665 123
1666 58
1667 58
1668 58
1669 118
1670 111
1671 30
1672 99
1673 76
1674 58
1675 30
1676 58
1677 58
1678 104
1679 58
1680 7
1681 91
1682 89
1683 58
1684 58
1685 87
1686 58
1687 114
1688 58
1689 0
1690 88
1691 0
1692 52
1693 116
1694 117
1695 111
1696 0
1697 58
1698 58
1699 58
1700 61
1701 97
1702 58
1703 29
1704 84
1705 89
1706 58
1707 89
1708 89
1709 89
1710 84
1711 61
1712 107
1713 122
1714 30
1715 79
1716 30
1717 0
1718 123
1719 30
1720 33
1721 90
1722 58
1723 79
1724 99
1725 52
1726 98
1727 84
1728 54
1729 107
1730 99
1731 30
1732 112
1733 89
1734 108
1735 96
1736 121
1737 58
1738 110
1739 111
1740 60
1741 60
1742 91
1743 111
1744 99
1745 0
1746 0
1747 58
1748 84
1749 100
1750 99
1751 60
1752 92
1753 93
1754 30
1755 94
1756 94
1757 58
1758 98
1759 112
1760 110
1761 30
1762 95
1763 0
1764 99
1765 96
1766 99
1767 30
1768 58
1769 0
1770 112
1771 74
1772 117
1773 107
1774 64
1775 98
1776 89
1777 107
1778 36
1779 52
1780 97
1781 107
1782 52
1783 89
1784 84
1785 95
1786 0
1787 98
1788 58
1789 98
1790 119
1791 98
1792 98
1793 58
1794 112
1795 123
1796 61
1797 79
1798 113
1799 58
1800 111
1801 52
1802 58
1803 0
1804 60
1805 58
1806 98
1807 107
1808 88
1809 0
1810 98
1811 0
1812 110
1813 99
1814 99
1815 99
1816 0
1817 100
1818 58
1819 84
1820 99
1821 58
1822 58
1823 58
1824 98
1825 100
1826 95
1827 84
1828 120
1829 58
1830 0
1831 0
1832 60
1833 60
1834 60
1835 0
1836 111
1837 114
1838 105
1839 107
1840 30
1841 95
1842 98
1843 105
1844 84
1845 30
1846 58
1847 52
1848 105
1849 84
1850 58
1851 123
1852 0
1853 58
1854 52
1855 109
1856 60
1857 84
1858 58
1859 58
1860 109
1861 101
1862 30
1863 52
1864 107
1865 30
1866 109
1867 109
1868 112
1869 30
1870 58
1871 83
1872 58
1873 117
1874 60
1875 84
1876 108
1877 52
1878 98
1879 84
1880 30
1881 113
1882 113
1883 98
1884 58
1885 58
1886 58
1887 123
1888 98
1889 98
1890 99
1891 52
1892 89
1893 52
1894 52
1895 60
1896 107
1897 58
1898 52
1899 82
1900 84
1901 99
1902 52
1903 30
1904 58
1905 58
1906 60
1907 76
1908 58
1909 58
1910 109
1911 0
1912 84
1913 58
1914 117
1915 30
1916 58
1917 79
1918 107
1919 58
1920 58
1921 60
1922 99
1923 58
1924 58
1925 89
1926 99
1927 107
1928 58
1929 109
1930 112
1931 98
1932 82
1933 107
1934 58
1935 82
1936 122
1937 30
1938 82
1939 99
1940 63
1941 98
1942 82
1943 98
1944 87
1945 0
1946 58
1947 111
1948 52
1949 58
1950 60
1951 52
1952 107
1953 107
1954 123
1955 52
1956 54
1957 54
1958 58
1959 60
1960 112
1961 117
1962 84
1963 99
1964 52
1965 58
1966 99
1967 36
1968 60
1969 51
1970 83
1971 84
1972 58
1973 83
1974 99
1975 99
1976 30
1977 105
1978 113
1979 58
1980 58
1981 84
1982 58
1983 52
1984 58
1985 108
1986 99
1987 30
1988 79
1989 98
1990 30
1991 98
1992 0
1993 52
1994 60
1995 52
1996 58
1997 98
1998 98
1999 98
2000 79
2001 74
2002 90
2003 123
2004 110
2005 110
2006 84
2007 98
2008 107
2009 98
2010 58
2011 58
2012 110
2013 98
2014 85
2015 58
2016 81
2017 30
2018 0
2019 110
2020 52
2021 117
2022 99
2023 99
2024 113
2025 107
2026 30
2027 98
2028 98
2029 85
2030 84
2031 51
2032 52
2033 85
2034 85
2035 86
2036 98
2037 84
2038 58
2039 58
2040 106
2041 30
2042 87
2043 58
2044 58
2045 89
2046 99
2047 99
2048 58
2049 60
2050 60
2051 87
2052 89
2053 107
2054 99
2055 88
2056 104
2057 20
2058 89
2059 52
2060 58
2061 30
2062 30
2063 36
2064 89
2065 79
2066 84
2067 30
2068 121
2069 99
2070 79
2071 58
2072 58
2073 84
2074 78
2075 61
2076 60
2077 75
2078 40
2079 58
2080 58
2081 30
2082 58
2083 105
2084 52
2085 79
2086 107
2087 117
2088 58
2089 58
2090 76
2091 58
2092 84
2093 107
2094 107
2095 107
2096 111
2097 107
2098 119
2099 122
2100 65
2101 0
2102 89
2103 58
2104 107
2105 52
2106 79
2107 98
2108 99
2109 52
2110 84
2111 30
2112 119
2113 89
2114 95
2115 84
2116 52
2117 60
2118 0
2119 123
2120 105
2121 79
2122 58
2123 58
2124 89
2125 89
2126 58
2127 84
2128 58
2129 98
2130 98
2131 60
2132 119
2133 122
2134 0
2135 90
2136 109
2137 58
2138 79
2139 30
2140 58
2141 89
2142 58
2143 110
2144 110
2145 98
2146 58
2147 58
2148 98
2149 93
2150 98
2151 99
2152 58
2153 84
2154 107
2155 123
2156 86
2157 58
2158 60
2159 43
2160 112
2161 123
2162 58
2163 76
2164 63
2165 30
2166 58
2167 91
2168 0
2169 92
2170 108
2171 58
2172 99
2173 58
2174 84
2175 110
2176 98
2177 58
2178 99
2179 89
2180 99
2181 58
2182 58
2183 58
2184 98
2185 58
2186 30
2187 112
2188 0
2189 117
2190 110
2191 98
2192 101
2193 79
2194 107
2195 52
2196 93
2197 58
2198 58
2199 67
2200 122
2201 79
2202 79
2203 92
2204 109
2205 112
2206 123
2207 99
2208 97
2209 58
2210 98
2211 52
2212 58
2213 120
2214 30
2215 113
2216 79
2217 58
2218 0
2219 109
2220 93
2221 89
2222 110
2223 52
2224 30
2225 99
2226 123
2227 99
2228 58
2229 100
2230 58
2231 89
2232 83
2233 15
2234 110
2235 58
2236 114
2237 99
2238 58
2239 30
2240 58
2241 99
2242 99
2243 84
2244 113
2245 94
2246 58
2247 82
2248 123
2249 107
2250 107
2251 107
2252 107
2253 107
2254 107
2255 123
2256 52
2257 98
2258 107
2259 84
2260 94
2261 123
2262 2
2263 89
2264 89
2265 123
2266 0
2267 76
2268 30
2269 95
2270 123
2271 96
2272 111
2273 50
2274 30
2275 107
2276 107
2277 99
2278 79
2279 58
2280 58
2281 79
2282 58
2283 60
2284 58
2285 89
2286 11
2287 117
2288 82
2289 60
2290 96
2291 117
2292 50
2293 94
2294 98
2295 30
2296 105
2297 58
2298 52
2299 89
2300 30
2301 58
2302 60
2303 99
2304 52
2305 87
2306 58
2307 58
2308 97
2309 115
2310 110
2311 98
2312 98
2313 58
2314 58
2315 123
2316 118
2317 121
2318 98
2319 74
2320 79
2321 60
2322 58
2323 98
2324 60
2325 107
2326 104
2327 58
2328 101
2329 98
2330 98
2331 99
2332 99
2333 107
2334 58
2335 58
2336 84
2337 99
2338 96
2339 89
2340 84
2341 60
2342 88
2343 99
2344 98
2345 112
2346 116
2347 52
2348 98
2349 58
2350 89
2351 58
2352 25
2353 58
2354 0
2355 58
2356 99
2357 99
2358 60
2359 58
2360 109
2361 58
2362 0
2363 100
2364 58
2365 30
2366 58
2367 58
2368 52
2369 98
2370 123
2371 30
2372 84
2373 123
2374 113
2375 117
2376 117
2377 98
2378 98
2379 117
2380 99
2381 110
2382 30
2383 32
2384 120
2385 109
2386 48
2387 117
2388 112
2389 58
2390 83
2391 109
2392 99
2393 114
2394 0
2395 0
2396 30
2397 117
2398 99
2399 113
2400 58
2401 58
2402 30
2403 58
2404 52
2405 79
2406 89
2407 79
2408 99
2409 60
2410 84
2411 100
2412 58
2413 58
2414 1
2415 99
2416 100
2417 63
2418 98
2419 30
2420 52
2421 98
2422 101
2423 58
2424 58
2425 58
2426 52
2427 30
2428 107
2429 98
2430 58
2431 58
2432 82
2433 30
2434 95
2435 60
2436 84
2437 30
2438 114
2439 64
2440 58
2441 58
2442 84
2443 98
2444 98
2445 58
2446 0
2447 109
2448 52
2449 58
2450 0
2451 52
2452 89
2453 52
2454 84
2455 109
2456 58
2457 30
2458 102
2459 102
2460 0
2461 52
2462 58
2463 103
2464 99
2465 60
2466 58
2467 84
2468 52
2469 52
2470 99
2471 58
2472 107
2473 99
2474 117
2475 103
2476 110
2477 99
2478 113
2479 30
2480 110
2481 104
2482 104
2483 0
2484 105
2485 58
2486 110
2487 52
2488 99
2489 0
2490 99
2491 105
2492 52
2493 60
2494 30
2495 110
2496 106
2497 99
2498 99
2499 84
2500 58
2501 58
2502 52
2503 84
2504 52
2505 58
2506 58
2507 76
2508 110
2509 30
2510 52
2511 58
2512 52
2513 109
2514 60
2515 58
2516 52
2517 117
2518 117
2519 58
2520 99
2521 107
2522 84
2523 84
2524 30
2525 105
2526 99
2527 30
2528 30
2529 111
2530 107
2531 61
2532 113
2533 99
2534 27
2535 82
2536 92
2537 30
2538 52
2539 107
2540 107
2541 107
2542 107
2543 110
2544 123
2545 58
2546 107
2547 107
2548 99
2549 78
2550 58
2551 117
2552 99
2553 30
2554 109
2555 76
2556 58
2557 99
2558 107
2559 30
2560 30
2561 60
2562 79
2563 30
2564 99
2565 58
2566 52
2567 84
2568 30
2569 60
2570 58
2571 30
2572 84
2573 84
2574 113
2575 58
2576 84
2577 52
2578 112
2579 52
2580 12
2581 52
2582 58
2583 52
2584 99
2585 79
2586 58
2587 34
2588 99
2589 85
2590 123
2591 107
2592 98
2593 99
2594 100
2595 107
2596 30
2597 99
2598 99
2599 0
2600 60
2601 84
2602 84
2603 30
2604 58
2605 99
2606 13
2607 58
2608 117
2609 84
2610 30
2611 30
2612 112
2613 30
2614 109
2615 123
2616 52
2617 58
2618 58
2619 109
2620 30
2621 52
2622 84
2623 112
2624 112
2625 99
2626 52
2627 58
2628 58
2629 58
2630 84
2631 52
2632 98
2633 109
2634 109
2635 100
2636 119
2637 52
2638 30
2639 30
2640 110
2641 52
2642 113
2643 123
2644 113
2645 113
2646 60
2647 99
2648 108
2649 30
2650 58
2651 79
2652 84
2653 58
2654 58
2655 30
2656 30
2657 110
2658 109
2659 79
2660 0
2661 0
2662 107
2663 60
2664 52
2665 30
2666 30
2667 30
2668 30
2669 58
2670 58
2671 95
2672 99
2673 58
2674 58
2675 58
2676 52
2677 58
2678 109
2679 98
2680 109
2681 107
2682 60
2683 0
2684 116
2685 110
2686 117
2687 58
2688 58
2689 111
2690 123
2691 58
2692 123
2693 60
2694 30
2695 110
2696 111
2697 58
2698 107
2699 107
2700 58
2701 117
2702 117
2703 122
2704 110
2705 30
2706 58
2707 58
2708 52
2709 111
2710 84
2711 36
2712 100
2713 84
2714 73
2715 30
2716 99
2717 0
2718 0
2719 107
2720 52
2721 60
2722 123
2723 58
2724 98
2725 98
2726 98
2727 103
2728 60
2729 113
2730 84
2731 79
2732 112
2733 58
2734 58
2735 99
2736 84
2737 60
2738 99
2739 123
2740 30
2741 30
2742 117
2743 60
2744 112
2745 30
2746 112
2747 79
2748 58
2749 99
2750 98
2751 74
2752 99
2753 58
2754 58
2755 84
2756 52
2757 30
2758 112
2759 30
2760 87
2761 105
2762 117
2763 30
2764 88
2765 110
2766 89
2767 89
2768 122
2769 89
2770 0
2771 0
2772 89
2773 107
2774 92
2775 98
2776 30
2777 0
2778 52
2779 84
2780 0
2781 107
2782 89
2783 89
2784 114
2785 120
2786 51
2787 52
2788 58
2789 117
2790 58
2791 58
2792 30
2793 90
2794 30
2795 51
2796 58
2797 99
2798 30
2799 60
2800 99
2801 30
2802 60
2803 110
2804 99
2805 52
2806 84
2807 112
2808 52
2809 79
2810 110
2811 103
2812 79
2813 107
2814 61
2815 30
2816 103
2817 58
2818 58
2819 99
2820 84
2821 99
2822 99
2823 76
2824 30
2825 52
2826 99
2827 99
2828 58
2829 84
2830 42
2831 58
2832 30
2833 120
2834 107
2835 110
2836 122
2837 58
2838 110
2839 30
2840 58
2841 30
2842 30
2843 113
2844 30
2845 52
2846 110
2847 123
2848 87
2849 79
2850 117
2851 52
2852 84
2853 58
2854 79
2855 109
2856 109
2857 30
2858 0
2859 0
2860 92
2861 52
2862 52
2863 114
2864 92
2865 58
2866 99
2867 113
2868 98
2869 107
2870 84
2871 20
2872 84
2873 118
2874 52
2875 104
2876 68
2877 58
2878 58
2879 58
2880 92
2881 123
2882 105
2883 105
2884 58
2885 93
2886 0
2887 84
2888 0
2889 0
2890 58
2891 52
2892 98
2893 98
2894 58
2895 99
2896 58
2897 58
2898 93
2899 30
2900 99
2901 52
2902 51
2903 89
2904 52
2905 60
2906 94
2907 60
2908 123
2909 107
2910 123
2911 61
2912 98
2913 99
2914 58
2915 60
2916 30
2917 30
2918 112
2919 58
2920 58
2921 84
2922 58
2923 0
2924 0
2925 84
2926 58
2927 113
2928 84
2929 94
2930 86
2931 52
2932 84
2933 95
2934 96
2935 113
2936 107
2937 109
2938 52
2939 58
2940 107
2941 84
2942 0
2943 0
2944 107
2945 30
2946 97
2947 98
2948 58
2949 58
2950 99
2951 101
2952 11
2953 60
2954 52
2955 52
2956 116
2957 58
2958 107
2959 99
2960 30
2961 107
2962 112
2963 84
2964 30
2965 120
2966 89
2967 123
2968 84
2969 58
2970 30
2971 52
2972 84
2973 105
2974 84
2975 30
2976 58
2977 58
2978 116
2979 58
2980 58
2981 52
2982 99
2983 107
2984 61
2985 58
2986 30
2987 99
2988 99
2989 30
2990 107
2991 58
2992 58
2993 30
2994 58
2995 30
2996 60
2997 118
2998 58
2999 30
3000 58
3001 61
3002 97
3003 117
3004 110
3005 0
3006 52
3007 117
3008 0
3009 30
3010 13
3011 58
3012 61
3013 60
3014 79
3015 99
3016 99
3017 99
3018 99
3019 84
3020 60
3021 112
3022 84
3023 99
3024 98
3025 0
3026 99
3027 99
3028 30
3029 30
3030 110
3031 110
3032 111
3033 98
3034 123
3035 0
3036 52
3037 99
3038 98
3039 99
3040 107
3041 107
3042 30
3043 99
3044 0
3045 60
3046 58
3047 107
3048 107
3049 100
3050 98
3051 98
3052 100
3053 109
3054 111
3055 84
3056 89
3057 114
3058 110
3059 101
3060 60
3061 102
3062 60
3063 30
3064 84
3065 58
3066 58
3067 60
3068 111
3069 58
3070 100
3071 89
3072 103
3073 89
3074 60
3075 52
3076 30
3077 84
3078 102
3079 110
3080 58
3081 5
3082 30
3083 79
3084 117
3085 60
3086 84
3087 58
3088 30
3089 52
3090 99
3091 58
3092 60
3093 98
3094 99
3095 99
3096 52
3097 52
3098 107
3099 58
3100 52
3101 84
3102 0
3103 30
3104 99
3105 113
3106 99
3107 103
3108 0
3109 0
3110 30
3111 113
3112 117
3113 113
3114 113
3115 98
3116 98
3117 98
3118 98
3119 116
3120 114
3121 52
3122 52
3123 52
3124 110
3125 114
3126 117
3127 30
3128 60
3129 79
3130 30
3131 58
3132 84
3133 52
3134 30
3135 84
3136 123
3137 79
3138 107
3139 60
3140 30
3141 79
3142 58
3143 107
3144 99
3145 58
3146 103
3147 0
3148 58
3149 98
3150 60
3151 58
3152 98
3153 84
3154 109
3155 99
3156 30
3157 98
3158 30
3159 52
3160 58
3161 107
3162 92
3163 30
3164 30
3165 51
3166 79
3167 79
3168 98
3169 58
3170 107
3171 123
3172 112
3173 84
3174 76
3175 107
3176 84
3177 110
3178 98
3179 118
3180 58
3181 103
3182 103
3183 107
3184 30
3185 30
3186 58
3187 105
3188 30
3189 98
3190 110
3191 93
3192 117
3193 89
3194 58
3195 111
3196 63
3197 98
3198 82
3199 98
3200 98
3201 98
3202 98
3203 109
3204 98
3205 58
3206 60
3207 114
3208 84
3209 30
3210 58
3211 58
3212 104
3213 110
3214 84
3215 98
3216 58
3217 30
3218 58
3219 58
3220 89
3221 99
3222 98
3223 105
3224 61
3225 30
3226 61
3227 120
3228 61
3229 61
3230 105
3231 58
3232 58
3233 60
3234 107
3235 0
3236 51
3237 99
3238 58
3239 58
3240 109
3241 99
3242 99
3243 106
3244 106
3245 120
3246 58
3247 112
3248 30
3249 110
3250 84
3251 87
3252 30
3253 104
3254 52
3255 11
3256 0
3257 52
3258 58
3259 58
3260 117
3261 117
3262 109
3263 79
3264 107
3265 107
3266 60
3267 99
3268 99
3269 58
3270 86
3271 52
3272 51
3273 58
3274 58
3275 61
3276 58
3277 107
3278 58
3279 79
3280 123
3281 58
3282 58
3283 113
3284 0
3285 52
3286 60
3287 107
3288 109
3289 0
3290 14
3291 117
3292 84
3293 105
3294 99
3295 87
3296 73
3297 84
3298 58
3299 58
3300 122
3301 30
3302 58
3303 113
3304 30
3305 99
3306 58
3307 98
3308 60
3309 1
3310 52
3311 60
3312 84
3313 75
3314 47
3315 58
3316 0
3317 30
3318 30
3319 107
3320 58
3321 82
3322 117
3323 0
3324 60
3325 110
3326 89
3327 99
3328 0
3329 61
3330 51
3331 58
3332 84
3333 79
3334 79
3335 98
3336 58
3337 0
3338 109
3339 58
3340 122
3341 60
3342 58
3343 99
3344 123
3345 60
3346 113
3347 84
3348 0
3349 107
3350 84
3351 98
3352 110
3353 98
3354 98
3355 113
3356 30
3357 30
3358 117
3359 16
3360 99
3361 89
3362 107
3363 107
3364 107
3365 123
3366 98
3367 98
3368 98
3369 98
3370 96
3371 107
3372 107
3373 109
3374 98
3375 58
3376 98
3377 112
3378 98
3379 106
3380 79
3381 107
3382 108
3383 30
3384 99
3385 109
3386 58
3387 60
3388 60
3389 58
3390 60
3391 84
3392 30
3393 84
3394 30
3395 110
3396 64
3397 79
3398 79
3399 58
3400 58
3401 52
3402 79
3403 114
3404 60
3405 99
3406 0
3407 109
3408 58
3409 85
3410 60
3411 45
3412 98
3413 58
3414 98
3415 98
3416 53
3417 100
3418 60
3419 30
3420 58
3421 30
3422 109
3423 84
3424 58
3425 52
3426 52
3427 58
3428 60
3429 30
3430 109
3431 60
3432 109
3433 58
3434 58
3435 117
3436 60
3437 110
3438 113
3439 98
3440 30
3441 58
3442 89
3443 60
3444 112
3445 98
3446 52
3447 109
3448 58
3449 52
3450 58
3451 58
3452 122
3453 110
3454 0
3455 107
3456 117
3457 58
3458 48
3459 124
3460 110
3461 0
3462 58
3463 30
3464 111
3465 58
3466 89
3467 58
3468 105
3469 111
3470 30
3471 111
3472 107
3473 113
3474 109
3475 58
3476 60
3477 30
3478 30
3479 60
3480 99
3481 87
3482 106
3483 111
3484 107
3485 112
3486 30
3487 107
3488 30
3489 30
3490 52
3491 58
3492 60
3493 99
3494 60
3495 60
3496 110
3497 58
3498 60
3499 112
3500 99
3501 105
3502 58
3503 30
3504 58
3505 58
3506 30
3507 117
3508 30
3509 107
3510 113
3511 76
3512 99
3513 123
3514 107
3515 58
3516 52
3517 99
3518 123
3519 112
3520 58
3521 107
3522 52
3523 60
3524 122
3525 113
3526 30
3527 110
3528 114
3529 30
3530 30
3531 84
3532 30
3533 98
3534 30
3535 100
3536 99
3537 93
3538 107
3539 84
3540 30
3541 84
3542 118
3543 117
3544 99
3545 0
3546 30
3547 110
3548 84
3549 58
3550 58
3551 79
3552 52
3553 92
3554 79
3555 83
3556 114
3557 30
3558 60
3559 60
3560 58
3561 115
3562 58
3563 107
3564 58
3565 58
3566 30
3567 84
3568 89
3569 58
3570 112
3571 58
3572 30
3573 109
3574 111
3575 30
3576 30
3577 58
3578 116
3579 58
3580 109
3581 0
3582 30
3583 71
3584 116
3585 52
3586 107
3587 52
3588 0
3589 117
3590 109
3591 0
3592 84
3593 123
3594 0
3595 76
3596 117
3597 117
3598 84
3599 84
3600 30
3601 58
3602 58
3603 21
3604 30
3605 0
3606 114
3607 76
3608 117
3609 117
3610 11
3611 117
3612 30
3613 70
3614 30
3615 0
3616 110
3617 110
3618 118
3619 99
3620 58
3621 118
3622 76
3623 107
3624 52
3625 30
3626 84
3627 0
3628 123
3629 60
3630 99
3631 84
3632 84
3633 85
3634 60
3635 52
3636 60
3637 52
3638 99
3639 30
3640 60
3641 58
3642 107
3643 119
3644 123
3645 0
3646 52
3647 117
3648 30
3649 52
3650 84
3651 78
3652 30
3653 58
3654 60
3655 111
3656 0
3657 60
3658 30
3659 30
3660 52
3661 116
3662 79
3663 30
3664 30
3665 30
3666 30
3667 79
3668 58
3669 30
3670 110
3671 85
3672 103
3673 30
3674 60
3675 99
3676 58
3677 110
3678 113
3679 105
3680 100
3681 30
3682 30
3683 58
3684 60
3685 52
3686 120
3687 112
3688 30
3689 52
3690 111
3691 58
3692 84
3693 58
3694 58
3695 58
3696 99
3697 84
3698 107
3699 120
3700 60
3701 110
3702 58
3703 52
3704 96
3705 103
3706 99
3707 0
3708 120
3709 89
3710 109
3711 109
3712 58
3713 52
3714 117
3715 55
3716 58
3717 58
3718 89
3719 99
3720 120
3721 60
3722 52
3723 58
3724 106
3725 107
3726 0
3727 58
3728 58
3729 1
3730 99
3731 105
3732 30
3733 99
3734 76
3735 30
3736 30
3737 99
3738 121
3739 123
3740 122
3741 84
3742 110
3743 52
3744 109
3745 99
3746 99
3747 52
3748 105
3749 30
3750 30
3751 30
3752 112
3753 0
3754 60
3755 58
3756 122
3757 58
3758 123
3759 58
3760 79
3761 58
3762 58
3763 52
3764 113
3765 79
3766 30
3767 0
3768 98
3769 0
3770 99
3771 99
3772 58
3773 0
3774 99
3775 89
3776 112
3777 99
3778 83
3779 117
3780 0
3781 30
3782 123
3783 89
3784 99
3785 58
3786 30
3787 58
3788 0
3789 109
3790 113
3791 76
3792 58
3793 60
3794 52
3795 52
3796 58
3797 123
3798 84
3799 123
3800 123
3801 32
3802 61
3803 123
3804 89
3805 58
3806 74
3807 67
3808 107
3809 52
3810 58
3811 89
3812 89
3813 84
3814 123
3815 58
3816 58
3817 123
3818 89
3819 107
3820 30
3821 30
3822 109
3823 58
3824 113
3825 0
3826 107
3827 120
3828 110
3829 107
3830 58
3831 58
3832 60
3833 52
3834 30
3835 30
3836 84
3837 89
3838 58
3839 117
3840 58
3841 58
3842 58
3843 58
3844 107
3845 58
3846 30
3847 52
3848 30
3849 84
3850 83
3851 58
3852 30
3853 30
3854 30
3855 123
3856 52
3857 52
3858 52
3859 58
3860 124
3861 102
3862 60
3863 58
3864 60
3865 117
3866 76
3867 89
3868 84
3869 0
3870 58
3871 81
3872 58
3873 58
3874 110
3875 97
3876 98
3877 0
3878 58
3879 117
3880 52
3881 89
3882 107
3883 0
3884 113
3885 104
3886 58
3887 98
3888 89
3889 30
3890 58
3891 99
3892 30
3893 84
3894 100
3895 30
3896 30
3897 67
3898 60
3899 52
3900 30
3901 58
3902 82
3903 110
3904 123
3905 79
3906 76
3907 0
3908 82
3909 30
3910 117
3911 0
3912 58
3913 84
3914 60
3915 110
3916 99
3917 99
3918 99
3919 99
3920 60
3921 99
3922 68
3923 107
3924 84
3925 79
3926 120
3927 111
3928 107
3929 58
3930 73
3931 75
3932 58
3933 87
3934 123
3935 30
3936 30
3937 47
3938 76
3939 30
3940 52
3941 123
3942 30
3943 2
3944 52
3945 60
3946 102
3947 99
3948 107
3949 117
3950 99
3951 30
3952 117
3953 79
3954 60
3955 58
3956 52
3957 84
3958 113
3959 52
3960 84
3961 58
3962 60
3963 60
3964 60
3965 58
3966 110
3967 60
3968 113
3969 79
3970 113
3971 0
3972 79
3973 60
3974 107
3975 84
3976 60
3977 58
3978 30
3979 30
3980 113
3981 58
3982 84
3983 84
3984 30
3985 84
3986 107
3987 58
3988 111
3989 52
3990 84
3991 117
3992 121
3993 111
3994 79
3995 110
3996 71
3997 97
3998 58
3999 58
4000 100
4001 110
4002 0
4003 123
4004 123
4005 30
4006 122
4007 112
4008 111
4009 117
4010 84
4011 99
4012 57
4013 57
4014 52
4015 30
4016 100
4017 30
4018 99
4019 99
4020 45
4021 51
4022 99
4023 89
4024 98
4025 58
4026 117
4027 99
4028 0
4029 89
4030 30
4031 0
4032 99
4033 107
4034 107
4035 30
4036 58
4037 79
4038 84
4039 109
4040 113
4041 30
4042 117
4043 30
4044 123
4045 112
4046 58
4047 30
4048 98
4049 84
4050 89
4051 102
4052 30
4053 79
4054 84
4055 99
4056 98
4057 99
4058 99
4059 84
4060 109
4061 98
4062 98
4063 98
4064 102
4065 98
4066 101
4067 60
4068 98
4069 98
4070 84
4071 60
4072 89
4073 107
4074 0
4075 58
4076 30
4077 99
4078 36
4079 0
4080 107
4081 107
4082 60
4083 93
4084 84
4085 58
4086 58
4087 113
4088 84
4089 58
4090 0
4091 0
4092 113
4093 0
4094 107
4095 89
4096 60
4097 80
4098 112
4099 105
4100 52
4101 109
4102 102
4103 109
4104 30
4105 116
4106 76
4107 110
4108 58
4109 30
4110 103
4111 52
4112 30
4113 107
4114 110
4115 30
4116 117
4117 89
4118 58
4119 110
4120 60
4121 30
4122 107
4123 58
4124 30
4125 98
4126 98
4127 98
4128 30
4129 110
4130 52
4131 109
4132 98
4133 98
4134 98
4135 98
4136 52
4137 111
4138 30
4139 52
4140 110
4141 103
4142 110
4143 103
4144 30
4145 58
4146 79
4147 79
4148 123
4149 79
4150 58
4151 122
4152 99
4153 110
4154 30
4155 52
4156 52
4157 52
4158 110
4159 60
4160 58
4161 110
4162 0
4163 58
4164 58
4165 99
4166 99
4167 30
4168 99
4169 99
4170 0
4171 58
4172 79
4173 103
4174 60
4175 111
4176 0
4177 111
4178 79
4179 110
4180 58
4181 30
4182 119
4183 76
4184 89
4185 104
4186 84
4187 99
4188 84
4189 101
4190 60
4191 76
4192 89
4193 58
4194 58
4195 0
4196 30
4197 100
4198 104
4199 105
4200 0
4201 103
4202 52
4203 109
4204 0
4205 52
4206 58
4207 117
4208 30
4209 12
4210 60
4211 60
4212 117
4213 99
4214 109
4215 74
4216 58
4217 109
4218 107
4219 58
4220 123
4221 84
4222 110
4223 34
4224 109
4225 84
4226 84
4227 30
4228 30
4229 52
4230 58
4231 105
4232 99
4233 112
4234 0
4235 106
4236 107
4237 58
4238 85
4239 58
4240 113
4241 107
4242 79
4243 58
4244 89
4245 30
4246 30
4247 105
4248 30
4249 58
4250 84
4251 89
4252 89
4253 98
4254 108
4255 30
4256 52
4257 84
4258 30
4259 89
4260 99
4261 58
4262 58
4263 98
4264 98
4265 112
4266 67
4267 79
4268 52
4269 58
4270 109
4271 89
4272 35
4273 58
4274 84
4275 58
4276 107
4277 58
4278 114
4279 30
4280 30
4281 99
4282 58
4283 91
4284 112
4285 30
4286 89
4287 110
4288 110
4289 109
4290 109
4291 122
4292 107
4293 58
4294 30
4295 30
4296 58
4297 58
4298 99
4299 103
4300 89
4301 98
4302 101
4303 99
4304 3
4305 98
4306 110
4307 60
4308 89
4309 107
4310 98
4311 107
4312 99
4313 98
4314 98
4315 107
4316 58
4317 98
4318 58
4319 98
4320 98
4321 123
4322 58
4323 99
4324 110
4325 110
4326 110
4327 25
4328 84
4329 58
4330 58
4331 52
4332 112
4333 98
4334 0
4335 58
4336 58
4337 58
4338 79
4339 30
4340 8
4341 99
4342 58
4343 60
4344 84
4345 110
4346 113
4347 58
4348 120
4349 98
4350 0
4351 84
4352 52
4353 109
4354 114
4355 52
4356 117
4357 58
4358 30
4359 110
4360 30
4361 58
4362 30
4363 60
4364 30
4365 30
4366 30
4367 58
4368 111
4369 58
4370 122
4371 111
4372 58
4373 58
4374 52
4375 110
4376 95
4377 107
4378 114
4379 107
4380 0
4381 30
4382 98
4383 110
4384 89
4385 30
4386 107
4387 123
4388 107
4389 110
4390 109
4391 117
4392 99
4393 99
4394 58
4395 111
4396 30
4397 58
4398 52
4399 117
4400 111
4401 58
4402 111
4403 113
4404 79
4405 58
4406 99
4407 99
4408 51
4409 58
4410 105
4411 111
4412 76
4413 52
4414 107
4415 112
4416 58
4417 30
4418 84
4419 0
4420 111
4421 30
4422 0
4423 30
4424 0
4425 98
4426 52
4427 98
4428 120
4429 107
4430 113
4431 58
4432 84
4433 30
4434 60
4435 58
4436 113
4437 122
4438 79
4439 122
4440 84
4441 52
4442 123
4443 30
4444 84
4445 110
4446 123
4447 123
4448 113
4449 112
4450 60
4451 84
4452 84
4453 30
4454 58
4455 58
4456 98
4457 98
4458 58
4459 52
4460 87
4461 30
4462 30
4463 30
4464 52
4465 61
4466 60
4467 110
4468 58
4469 58
4470 0
4471 109
4472 52
4473 58
4474 58
4475 60
4476 30
4477 102
4478 76
4479 58
4480 84
4481 58
4482 58
4483 102
4484 102
4485 95
4486 86
4487 51
4488 58
4489 30
4490 113
4491 58
4492 84
4493 111
4494 30
4495 99
4496 89
4497 30
4498 0
4499 30
4500 112
4501 82
4502 113
4503 58
4504 58
4505 123
4506 114
4507 60
4508 109
4509 51
4510 109
4511 90
4512 79
4513 114
4514 58
4515 107
4516 99
4517 110
4518 107
4519 58
4520 111
4521 84
4522 107
4523 60
4524 84
4525 84
4526 52
4527 58
4528 84
4529 52
4530 52
4531 110
4532 111
4533 58
4534 58
4535 117
4536 52
4537 58
4538 79
4539 58
4540 58
4541 76
4542 30
4543 114
4544 60
4545 111
4546 107
4547 100
4548 58
4549 98
4550 0
4551 30
4552 99
4553 114
4554 98
4555 98
4556 58
4557 111
4558 111
4559 79
4560 84
4561 79
4562 52
4563 112
4564 58
4565 114
4566 67
4567 58
4568 110
4569 76
4570 58
4571 30
4572 58
4573 58
4574 52
4575 114
4576 107
4577 58
4578 58
4579 52
4580 0
4581 30
4582 76
4583 61
4584 98
4585 98
4586 98
4587 120
4588 30
4589 69
4590 0
4591 58
4592 58
4593 99
4594 58
4595 111
4596 123
4597 58
4598 110
4599 84
4600 99
4601 123
4602 0
4603 114
4604 58
4605 98
4606 58
4607 30
4608 60
4609 98
4610 110
4611 93
4612 98
4613 99
4614 114
4615 98
4616 98
4617 112
4618 81
4619 61
4620 52
4621 98
4622 113
4623 84
4624 89
4625 60
4626 101
4627 98
4628 98
4629 30
4630 98
4631 58
4632 58
4633 26
4634 99
4635 98
4636 109
4637 39
4638 99
4639 99
4640 58
4641 117
4642 98
4643 98
4644 84
4645 58
4646 79
4647 120
4648 52
4649 98
4650 84
4651 58
4652 58
4653 99
4654 114
4655 60
4656 79
4657 58
4658 114
4659 114
4660 58
4661 30
4662 111
4663 58
4664 107
4665 60
4666 113
4667 30
4668 79
4669 18
4670 60
4671 110
4672 84
4673 60
4674 58
4675 84
4676 0
4677 0
4678 123
4679 58
4680 99
4681 0
4682 58
4683 58
4684 30
4685 0
4686 0
4687 107
4688 30
4689 79
4690 58
4691 58
4692 58
4693 99
4694 52
4695 58
4696 58
4697 52
4698 0
4699 99
4700 30
4701 84
4702 114
4703 84
4704 110
4705 89
4706 60
4707 58
4708 86
4709 113
4710 58
4711 99
4712 84
4713 58
4714 114
4715 89
4716 89
4717 9
4718 52
4719 101
4720 30
4721 89
4722 30
4723 116
4724 99
4725 123
4726 98
4727 30
4728 30
4729 98
4730 30
4731 98
4732 52
4733 30
4734 76
4735 110
4736 87
4737 98
4738 99
4739 99
4740 123
4741 58
4742 123
4743 52
4744 52
4745 58
4746 113
4747 30
4748 115
4749 58
4750 30
4751 99
4752 60
4753 58
4754 105
4755 52
4756 116
4757 0
4758 0
4759 34
4760 89
4761 60
4762 84
4763 123
4764 58
4765 99
4766 123
4767 58
4768 58
4769 116
4770 52
4771 110
4772 58
4773 58
4774 107
4775 123
4776 0
4777 58
4778 84
4779 123
4780 14
4781 0
4782 97
4783 117
4784 58
4785 55
4786 10
4787 107
4788 117
4789 58
4790 84
4791 98
4792 113
4793 98
4794 79
4795 117
4796 0
4797 58
4798 112
4799 118
4800 109
4801 89
4802 30
4803 98
4804 113
4805 58
4806 58
4807 118
4808 113
4809 52
4810 58
4811 52
4812 58
4813 98
4814 98
4815 98
4816 85
4817 98
4818 98
4819 84
4820 58
4821 84
4822 60
4823 122
4824 98
4825 60
4826 0
4827 99
4828 58
4829 117
4830 30
4831 0
4832 0
4833 99
4834 99
4835 52
4836 110
4837 99
4838 30
4839 98
4840 89
4841 61
4842 58
4843 84
4844 58
4845 60
4846 58
4847 110
4848 92
4849 82
4850 79
4851 30
4852 99
4853 33
4854 52
4855 0
4856 118
4857 118
4858 60
4859 58
4860 52
4861 111
4862 0
4863 113
4864 52
4865 41
4866 0
4867 110
4868 106
4869 58
4870 118
4871 0
4872 0
4873 58
4874 94
4875 84
4876 43
4877 42
4878 60
4879 98
4880 30
4881 99
4882 84
4883 52
4884 60
4885 30
4886 107
4887 30
4888 103
4889 122
4890 84
4891 60
4892 99
4893 61
4894 84
4895 58
4896 79
4897 107
4898 103
4899 99
4900 118
4901 52
4902 79
4903 123
4904 118
4905 30
4906 87
4907 30
4908 0
4909 30
4910 58
4911 123
4912 30
4913 58
4914 100
4915 84
4916 110
4917 118
4918 110
4919 60
4920 110
4921 118
4922 0
4923 0
4924 0
4925 58
4926 105
4927 84
4928 58
4929 37
4930 110
4931 45
4932 109
4933 84
4934 30
4935 60
4936 60
4937 105
4938 118
4939 52
4940 58
4941 110
4942 60
4943 30
4944 122
4945 52
4946 0
4947 109
4948 118
4949 60
4950 114
4951 118
4952 60
4953 117
4954 84
4955 30
4956 58
4957 99
4958 108
4959 60
4960 119
4961 58
4962 0
4963 0
4964 52
4965 107
4966 88
4967 0
4968 60
4969 30
4970 109
4971 75
4972 84
4973 95
4974 58
4975 58
4976 60
4977 110
4978 99
4979 99
4980 99
4981 74
4982 0
4983 30
4984 119
4985 58
4986 84
4987 30
4988 100
4989 0
4990 99
4991 58
4992 58
4993 119
4994 111
4995 98
4996 58
4997 52
4998 79
4999 107
5000 79
5001 52
5002 101
5003 58
5004 112
5005 113
5006 30
5007 58
5008 99
5009 119
5010 111
5011 123
5012 30
5013 120
5014 58
5015 67
5016 58
5017 58
5018 30
5019 111
5020 109
5021 58
5022 0
5023 58
5024 110
5025 99
5026 52
5027 58
5028 52
5029 123
5030 120
5031 58
5032 30
5033 30
5034 120
5035 30
5036 102
5037 0
5038 58
5039 121
5040 104
5041 30
5042 52
5043 98
5044 58
5045 99
5046 99
5047 52
5048 58
5049 106
5050 111
5051 58
5052 58
5053 58
5054 58
5055 99
5056 60
5057 79
5058 111
5059 60
5060 52
5061 58
5062 117
5063 60
5064 109
5065 52
5066 79
5067 58
5068 58
5069 58
5070 98
5071 0
5072 84
5073 112
5074 79
5075 58
5076 84
5077 71
5078 103
5079 110
5080 123
5081 114
5082 58
5083 121
5084 84
5085 122
5086 58
5087 54
5088 97
5089 30
5090 54
5091 30
5092 79
5093 52
5094 123
5095 58
5096 58
5097 109
5098 99
5099 97
5100 121
5101 0
5102 0
5103 98
5104 98
5105 30
5106 98
5107 98
5108 98
5109 98
5110 98
5111 98
5112 98
5113 119
5114 93
5115 0
5116 107
5117 107
5118 58
5119 123
5120 113
5121 98
5122 122
5123 100
5124 98
5125 58
5126 26
5127 89
5128 110
5129 122
5130 107
5131 107
5132 114
5133 58
5134 17
5135 100
5136 117
5137 99
5138 6
5139 26
5140 99
5141 58
5142 98
5143 123
5144 107
5145 58
5146 107
5147 99
5148 99
5149 98
5150 98
5151 79
5152 58
5153 100
5154 52
5155 122
5156 58
5157 100
5158 98
5159 119
5160 89
5161 122
5162 112
5163 84
5164 57
5165 58
5166 58
5167 117
5168 30
5169 58
5170 58
5171 60
5172 84
5173 58
5174 60
5175 58
5176 98
5177 110
5178 123
5179 99
5180 58
5181 0
5182 117
5183 122
5184 0
5185 30
5186 30
5187 52
5188 60
5189 93
5190 30
5191 58
5192 58
5193 84
5194 110
5195 60
5196 113
5197 0
5198 100
5199 0
5200 97
5201 112
5202 109
5203 53
5204 123
5205 107
5206 30
5207 107
5208 0
5209 97
5210 43
5211 107
5212 107
5213 107
5214 52
5215 89
5216 109
5217 110
5218 123
5219 123
5220 84
5221 107
5222 57
5223 84
5224 99
5225 30
5226 52
5227 112
5228 123
5229 58
5230 30
5231 84
5232 84
5233 99
5234 107
5235 58
5236 99
5237 91
5238 84
5239 107
5240 58
