65
0 0
1 0
2 26
3 0
4 0
5 0
6 39
7 0
8 0
9 0
10 0
11 0
12 0
13 26
14 26
15 26
16 0
17 0
18 26
19 0
20 0
21 27
22 0
23 26
24 0
25 55
26 26
27 44
28 0
29 26
30 26
31 26
32 0
33 0
34 0
35 0
36 0
37 0
38 0
39 0
40 0
41 25
42 0
43 26
44 0
45 0
46 0
47 0
48 0
49 0
50 0
51 0
52 26
53 0
54 0
55 26
56 0
57 0
58 26
59 0
60 39
61 26
62 0
63 62
64 26
65 0
66 26
67 26
68 0
69 0
70 26
71 0
72 0
73 0
74 0
75 26
76 0
77 26
78 62
79 0
80 26
81 26
82 0
83 0
84 26
85 0
86 0
87 38
88 0
89 0
90 0
91 26
92 0
93 0
94 0
95 0
96 0
97 0
98 26
99 0
100 0
101 26
102 0
103 0
104 0
105 26
106 26
107 26
108 0
109 0
110 0
111 0
112 25
113 26
114 26
115 0
116 0
117 0
118 26
119 26
120 0
121 0
122 0
123 25
124 0
125 62
126 0
127 26
128 26
129 26
130 26
131 0
132 0
133 0
134 0
135 0
136 55
137 25
138 26
139 26
140 0
141 0
142 25
143 0
144 0
145 25
146 26
147 0
148 27
149 25
150 25
151 26
152 0
153 26
154 26
155 26
156 0
157 0
158 0
159 0
160 0
161 1
162 1
163 0
164 26
165 0
166 0
167 53
168 26
169 0
170 0
171 26
172 0
173 0
174 2
175 0
176 0
177 0
178 0
179 0
180 3
181 0
182 0
183 0
184 26
185 0
186 25
187 0
188 26
189 0
190 25
191 26
192 0
193 26
194 25
195 0
196 0
197 0
198 25
199 26
200 25
201 0
202 4
203 0
204 39
205 39
206 26
207 0
208 26
209 0
210 27
211 0
212 0
213 0
214 26
215 0
216 0
217 0
218 0
219 26
220 26
221 0
222 26
223 38
224 0
225 64
226 0
227 0
228 26
229 26
230 0
231 50
232 57
233 0
234 35
235 25
236 0
237 0
238 0
239 0
240 0
241 0
242 0
243 0
244 26
245 26
246 26
247 0
248 5
249 0
250 26
251 0
252 26
253 26
254 25
255 26
256 0
257 0
258 57
259 25
260 0
261 25
262 0
263 0
264 57
265 0
266 0
267 0
268 0
269 0
270 0
271 0
272 26
273 0
274 0
275 0
276 0
277 0
278 57
279 0
280 6
281 0
282 26
283 0
284 0
285 0
286 57
287 26
288 26
289 0
290 42
291 0
292 25
293 26
294 26
295 0
296 0
297 0
298 26
299 25
300 0
301 0
302 26
303 0
304 0
305 25
306 26
307 0
308 26
309 0
310 26
311 25
312 26
313 0
314 26
315 0
316 7
317 0
318 0
319 0
320 26
321 0
322 26
323 0
324 0
325 26
326 0
327 0
328 0
329 0
330 39
331 26
332 0
333 0
334 55
335 64
336 0
337 0
338 0
339 0
340 26
341 0
342 0
343 0
344 26
345 16
346 57
347 0
348 0
349 71
350 8
351 26
352 0
353 0
354 0
355 57
356 0
357 0
358 9
359 9
360 0
361 25
362 26
363 42
364 38
365 0
366 27
367 0
368 0
369 0
370 0
371 25
372 0
373 26
374 0
375 26
376 26
377 26
378 0
379 0
380 26
381 0
382 0
383 0
384 26
385 27
386 14
387 26
388 0
389 0
390 26
391 26
392 26
393 4
394 26
395 10
396 0
397 0
398 0
399 0
400 0
401 0
402 0
403 44
404 26
405 0
406 0
407 57
408 57
409 11
410 0
411 0
412 26
413 0
414 0
415 0
416 26
417 0
418 0
419 0
420 0
421 0
422 26
423 0
424 26
425 0
426 0
427 0
428 0
429 0
430 0
431 0
432 26
433 0
434 57
435 26
436 0
437 26
438 27
439 26
440 0
441 26
442 0
443 0
444 26
445 26
446 0
447 57
448 0
449 0
450 26
451 0
452 26
453 0
454 12
455 0
456 26
457 42
458 0
459 26
460 0
461 26
462 13
463 0
464 0
465 57
466 0
467 14
468 0
469 0
470 0
471 26
472 0
473 57
474 0
475 26
476 15
477 0
478 0
479 0
480 0
481 26
482 0
483 26
484 16
485 0
486 0
487 0
488 0
489 26
490 0
491 17
492 0
493 26
494 25
495 0
496 0
497 0
498 0
499 0
500 0
501 0
502 0
503 26
504 25
505 0
506 0
507 43
508 27
509 26
510 0
511 0
512 0
513 0
514 0
515 38
516 26
517 0
518 27
519 26
520 0
521 0
522 42
523 0
524 27
525 26
526 27
527 26
528 27
529 0
530 57
531 0
532 0
533 0
534 26
535 0
536 0
537 0
538 0
539 25
540 26
541 6
542 57
543 0
544 0
545 26
546 26
547 26
548 0
549 0
550 26
551 26
552 26
553 0
554 0
555 37
556 0
557 26
558 0
559 0
560 26
561 26
562 26
563 0
564 26
565 26
566 18
567 0
568 0
569 26
570 25
571 26
572 19
573 0
574 26
575 0
576 0
577 0
578 0
579 26
580 0
581 0
582 26
583 0
584 0
585 0
586 25
587 0
588 0
589 0
590 0
591 26
592 0
593 0
594 0
595 0
596 0
597 26
598 0
599 0
600 25
601 0
602 26
603 0
604 0
605 26
606 0
607 26
608 26
609 26
610 0
611 26
612 39
613 25
614 0
615 71
616 71
617 26
618 0
619 0
620 26
621 25
622 0
623 0
624 0
625 26
626 0
627 26
628 26
629 0
630 0
631 0
632 26
633 0
634 26
635 0
636 0
637 0
638 25
639 0
640 42
641 0
642 0
643 26
644 26
645 0
646 0
647 26
648 0
649 0
650 26
651 0
652 0
653 0
654 26
655 0
656 26
657 0
658 26
659 0
660 25
661 0
662 0
663 0
664 0
665 0
666 26
667 49
668 0
669 25
670 0
671 39
672 26
673 0
674 0
675 0
676 0
677 47
678 20
679 0
680 0
681 0
682 26
683 0
684 26
685 0
686 0
687 0
688 26
689 26
690 55
691 0
692 0
693 25
694 26
695 0
696 0
697 0
698 0
699 57
700 0
701 0
702 26
703 39
704 0
705 26
706 26
707 26
708 0
709 0
710 0
711 0
712 21
713 14
714 0
715 0
716 0
717 25
718 0
719 0
720 57
721 0
722 26
723 0
724 0
725 0
726 25
727 0
728 0
729 26
730 0
731 26
732 0
733 0
734 0
735 57
736 0
737 14
738 26
739 0
740 0
741 57
742 25
743 0
744 0
745 0
746 0
747 26
748 0
749 0
750 0
751 0
752 0
753 0
754 0
755 57
756 26
757 0
758 25
759 0
760 26
761 0
762 0
763 0
764 0
765 55
766 0
767 0
768 0
769 26
770 0
771 0
772 26
773 0
774 0
775 0
776 0
777 0
778 0
779 0
780 0
781 0
782 0
783 25
784 0
785 0
786 0
787 0
788 0
789 0
790 26
791 26
792 0
793 25
794 0
795 26
796 27
797 26
798 0
799 0
800 57
801 26
802 26
803 35
804 0
805 0
806 0
807 22
808 0
809 0
810 0
811 0
812 25
813 0
814 0
815 0
816 0
817 0
818 0
819 0
820 28
821 0
822 57
823 0
824 0
825 0
826 25
827 42
828 23
829 25
830 0
831 0
832 0
833 0
834 0
835 42
836 24
837 71
838 26
839 26
840 25
841 0
842 0
843 0
844 0
845 26
846 0
847 0
848 26
849 0
850 22
851 0
852 25
853 26
854 0
855 26
856 22
857 26
858 0
859 26
860 0
861 25
862 0
863 5
864 0
865 0
866 0
867 27
868 0
869 27
870 0
871 26
872 38
873 0
874 26
875 0
876 26
877 0
878 42
879 26
880 26
881 26
882 25
883 25
884 0
885 26
886 26
887 0
888 26
889 0
890 26
891 0
892 26
893 0
894 26
895 0
896 26
897 0
898 26
899 0
900 26
901 26
902 0
903 0
904 0
905 0
906 57
907 71
908 0
909 0
910 27
911 26
912 0
913 0
914 0
915 0
916 0
917 71
918 0
919 0
920 27
921 0
922 0
923 0
924 27
925 26
926 0
927 0
928 0
929 0
930 26
931 0
932 0
933 26
934 26
935 0
936 26
937 0
938 0
939 0
940 0
941 0
942 28
943 26
944 0
945 27
946 27
947 55
948 0
949 0
950 0
951 44
952 0
953 0
954 0
955 26
956 25
957 0
958 0
959 0
960 26
961 0
962 0
963 0
964 0
965 26
966 26
967 0
968 0
969 0
970 0
971 0
972 0
973 0
974 0
975 0
976 26
977 26
978 0
979 26
980 26
981 0
982 0
983 26
984 28
985 43
986 26
987 26
988 26
989 57
990 57
991 0
992 26
993 57
994 0
995 25
996 0
997 0
998 0
999 0
1000 26
1001 26
1002 0
1003 26
1004 26
1005 27
1006 0
1007 0
1008 0
1009 0
1010 26
1011 0
1012 27
1013 0
1014 0
1015 26
1016 0
1017 0
1018 0
1019 0
1020 0
1021 0
1022 26
1023 0
1024 0
1025 42
1026 0
1027 26
1028 26
1029 0
1030 0
1031 0
1032 27
1033 26
1034 0
1035 0
1036 0
1037 42
1038 26
1039 0
1040 0
1041 0
1042 0
1043 63
1044 26
1045 0
1046 0
1047 57
1048 0
1049 0
1050 26
1051 26
1052 26
1053 26
1054 0
1055 27
1056 26
1057 0
1058 26
1059 0
1060 0
1061 0
1062 26
1063 0
1064 0
1065 26
1066 0
1067 0
1068 0
1069 26
1070 26
1071 0
1072 0
1073 0
1074 26
1075 0
1076 27
1077 0
1078 57
1079 0
1080 26
1081 0
1082 26
1083 0
1084 24
1085 0
1086 0
1087 0
1088 0
1089 0
1090 29
1091 0
1092 26
1093 0
1094 28
1095 26
1096 0
1097 0
1098 0
1099 0
1100 0
1101 26
1102 0
1103 0
1104 39
1105 0
1106 0
1107 0
1108 0
1109 0
1110 0
1111 27
1112 55
1113 0
1114 0
1115 26
1116 57
1117 0
1118 0
1119 29
1120 28
1121 26
1122 0
1123 57
1124 57
1125 57
1126 0
1127 0
1128 0
1129 0
1130 25
1131 0
1132 26
1133 0
1134 26
1135 0
1136 0
1137 25
1138 0
1139 0
1140 26
1141 0
1142 27
1143 0
1144 26
1145 0
1146 26
1147 0
1148 0
1149 0
1150 0
1151 57
1152 26
1153 25
1154 26
1155 0
1156 26
1157 0
1158 0
1159 26
1160 0
1161 57
1162 26
1163 0
1164 27
1165 0
1166 0
1167 26
1168 0
1169 26
1170 27
1171 0
1172 26
1173 0
1174 0
1175 0
1176 26
1177 0
1178 26
1179 26
1180 26
1181 0
1182 26
1183 0
1184 0
1185 25
1186 0
1187 26
1188 0
1189 0
1190 55
1191 0
1192 26
1193 0
1194 0
1195 0
1196 26
1197 25
1198 0
1199 0
1200 57
1201 0
1202 0
1203 26
1204 0
1205 26
1206 25
1207 26
1208 26
1209 25
1210 0
1211 0
1212 0
1213 0
1214 25
1215 26
1216 26
1217 0
1218 0
1219 55
1220 25
1221 26
1222 0
1223 0
1224 26
1225 0
1226 0
1227 0
1228 0
1229 0
1230 25
1231 0
1232 0
1233 0
1234 0
1235 0
1236 26
1237 0
1238 27
1239 0
1240 0
1241 0
1242 0
1243 0
1244 0
1245 26
1246 0
1247 25
1248 0
1249 0
1250 38
1251 0
1252 0
1253 0
1254 26
1255 0
1256 0
1257 0
1258 0
1259 0
1260 0
1261 57
1262 0
1263 0
1264 26
1265 0
1266 0
1267 0
1268 0
1269 57
1270 0
1271 0
1272 26
1273 26
1274 26
1275 26
1276 0
1277 26
1278 26
1279 26
1280 0
1281 0
1282 0
1283 0
1284 0
1285 0
1286 0
1287 26
1288 0
1289 0
1290 26
1291 25
1292 0
1293 0
1294 0
1295 26
1296 26
1297 0
1298 26
1299 0
1300 26
1301 0
1302 26
1303 0
1304 0
1305 0
1306 0
1307 0
1308 0
1309 0
1310 26
1311 0
1312 25
1313 0
1314 0
1315 25
1316 0
1317 0
1318 0
1319 0
1320 26
1321 0
1322 26
1323 0
1324 25
1325 0
1326 0
1327 0
1328 26
1329 25
1330 0
1331 26
1332 0
1333 0
1334 0
1335 0
1336 0
1337 0
1338 0
1339 0
1340 0
1341 25
1342 26
1343 26
1344 26
1345 26
1346 26
1347 0
1348 0
1349 25
1350 0
1351 26
1352 25
1353 0
1354 0
1355 26
1356 26
1357 0
1358 0
1359 57
1360 26
1361 0
1362 0
1363 0
1364 25
1365 26
1366 0
1367 0
1368 0
1369 0
1370 26
1371 0
1372 0
1373 0
1374 0
1375 67
1376 0
1377 0
1378 57
1379 0
1380 0
1381 26
1382 0
1383 0
1384 0
1385 25
1386 0
1387 0
1388 27
1389 57
1390 0
1391 26
1392 0
1393 0
1394 0
1395 0
1396 25
1397 26
1398 0
1399 0
1400 0
1401 0
1402 0
1403 0
1404 0
1405 26
1406 25
1407 0
1408 0
1409 26
1410 26
1411 0
1412 0
1413 0
1414 25
1415 57
1416 0
1417 0
1418 25
1419 0
1420 0
1421 0
1422 0
1423 0
1424 26
1425 0
1426 0
1427 0
1428 0
1429 26
1430 27
1431 0
1432 26
1433 25
1434 0
1435 26
1436 26
1437 0
1438 0
1439 0
1440 0
1441 26
1442 0
1443 0
1444 0
1445 0
1446 0
1447 26
1448 26
1449 0
1450 44
1451 0
1452 0
1453 26
1454 26
1455 57
1456 0
1457 57
1458 26
1459 0
1460 26
1461 42
1462 0
1463 0
1464 26
1465 0
1466 38
1467 0
1468 0
1469 58
1470 55
1471 0
1472 0
1473 0
1474 28
1475 26
1476 0
1477 0
1478 0
1479 42
1480 26
1481 26
1482 0
1483 0
1484 26
1485 26
1486 0
1487 0
1488 0
1489 0
1490 57
1491 26
1492 57
1493 38
1494 0
1495 26
1496 0
1497 0
1498 28
1499 57
1500 28
1501 27
1502 0
1503 25
1504 0
1505 26
1506 57
1507 27
1508 57
1509 0
1510 25
1511 25
1512 0
1513 0
1514 0
1515 26
1516 26
1517 0
1518 0
1519 26
1520 26
1521 26
1522 0
1523 26
1524 0
1525 0
1526 0
1527 0
1528 0
1529 0
1530 0
1531 0
1532 0
1533 0
1534 0
1535 57
1536 0
1537 0
1538 0
1539 0
1540 0
1541 0
1542 35
1543 0
1544 25
1545 0
1546 0
1547 0
1548 0
1549 0
1550 0
1551 0
1552 0
1553 0
1554 0
1555 0
1556 0
1557 26
1558 0
1559 0
1560 0
1561 0
1562 0
1563 42
1564 0
1565 26
1566 0
1567 0
1568 0
1569 26
1570 0
1571 0
1572 26
1573 26
1574 0
1575 26
1576 25
1577 0
1578 26
1579 26
1580 0
1581 0
1582 0
1583 0
1584 25
1585 0
1586 25
1587 25
1588 26
1589 0
1590 25
1591 26
1592 0
1593 0
1594 26
1595 0
1596 0
1597 0
1598 0
1599 28
1600 9
1601 0
1602 26
1603 26
1604 28
1605 0
1606 0
1607 0
1608 0
1609 25
1610 57
1611 26
1612 0
1613 0
1614 0
1615 0
1616 0
1617 0
1618 0
1619 26
1620 26
1621 0
1622 0
1623 26
1624 16
1625 27
1626 25
1627 0
1628 0
1629 26
1630 57
1631 25
1632 25
1633 0
1634 0
1635 0
1636 25
1637 0
1638 26
1639 0
1640 0
1641 0
1642 0
1643 0
1644 26
1645 0
1646 0
1647 0
1648 25
1649 0
1650 0
1651 26
1652 0
1653 25
1654 0
1655 25
1656 26
1657 0
1658 26
1659 0
1660 0
1661 0
1662 26
1663 26
1664 0
1665 0
1666 26
1667 27
1668 0
1669 0
1670 25
1671 55
1672 0
1673 25
1674 57
1675 26
1676 26
1677 26
1678 26
1679 26
1680 27
1681 26
1682 26
1683 0
1684 0
1685 26
1686 26
1687 26
1688 25
1689 26
1690 0
1691 51
1692 0
1693 0
1694 0
1695 0
1696 26
1697 0
1698 26
1699 26
1700 25
1701 0
1702 27
1703 0
1704 0
1705 0
1706 26
1707 26
1708 26
1709 0
1710 26
1711 26
1712 25
1713 0
1714 0
1715 0
1716 0
1717 0
1718 26
1719 26
1720 26
1721 0
1722 0
1723 0
1724 0
1725 0
1726 27
1727 0
1728 26
1729 0
1730 26
1731 27
1732 26
1733 26
1734 0
1735 51
1736 0
1737 26
1738 57
1739 26
1740 26
1741 0
1742 0
1743 0
1744 0
1745 26
1746 0
1747 0
1748 0
1749 0
1750 28
1751 0
1752 0
1753 0
1754 0
1755 0
1756 0
1757 0
1758 0
1759 26
1760 55
1761 26
1762 0
1763 0
1764 26
1765 26
1766 0
1767 26
1768 26
1769 0
1770 0
1771 25
1772 0
1773 0
1774 0
1775 39
1776 14
1777 26
1778 0
1779 26
1780 0
1781 57
1782 26
1783 26
1784 26
1785 25
1786 26
1787 0
1788 26
1789 29
1790 0
1791 0
1792 0
1793 0
1794 26
1795 0
1796 26
1797 26
1798 0
1799 26
1800 26
1801 0
1802 26
1803 25
1804 0
1805 0
1806 0
1807 0
1808 0
1809 57
1810 0
1811 0
1812 71
1813 26
1814 42
1815 25
1816 0
1817 26
1818 0
1819 26
1820 0
1821 26
1822 0
1823 26
1824 0
1825 0
1826 0
1827 0
1828 39
1829 0
1830 27
1831 0
1832 0
1833 0
1834 0
1835 26
1836 26
1837 26
1838 28
1839 26
1840 26
1841 26
1842 27
1843 26
1844 26
1845 71
1846 26
1847 26
1848 26
1849 0
1850 26
1851 55
1852 0
1853 0
1854 0
1855 0
1856 0
1857 0
1858 26
1859 0
1860 26
1861 26
1862 67
1863 26
1864 0
1865 0
1866 26
1867 26
1868 28
1869 26
1870 0
1871 66
1872 26
1873 66
1874 0
1875 0
1876 0
1877 0
1878 26
1879 25
1880 0
1881 26
1882 26
1883 26
1884 38
1885 0
1886 28
1887 0
1888 26
1889 38
1890 26
1891 0
1892 0
1893 28
1894 28
1895 57
1896 0
1897 0
1898 0
1899 26
1900 0
1901 0
1902 26
1903 25
1904 0
1905 26
1906 57
1907 26
1908 26
1909 0
1910 0
1911 0
1912 26
1913 25
1914 0
1915 26
1916 26
1917 0
1918 0
1919 26
1920 25
1921 0
1922 3
1923 0
1924 26
1925 0
1926 0
1927 0
1928 26
1929 0
1930 35
1931 0
1932 0
1933 26
1934 57
1935 0
1936 0
1937 26
1938 57
1939 25
1940 0
1941 57
1942 25
1943 0
1944 26
1945 0
1946 0
1947 0
1948 0
1949 0
1950 0
1951 0
1952 62
1953 0
1954 0
1955 0
1956 26
1957 0
1958 25
1959 26
1960 25
1961 0
1962 26
1963 0
1964 0
1965 0
1966 26
1967 0
1968 0
1969 0
1970 67
1971 25
1972 0
1973 0
1974 57
1975 26
1976 26
1977 0
1978 0
1979 0
1980 0
1981 26
1982 57
1983 0
1984 26
1985 42
1986 0
1987 26
1988 27
1989 25
1990 57
1991 0
1992 26
1993 25
1994 25
1995 26
1996 25
1997 0
1998 26
1999 24
2000 0
2001 39
2002 0
2003 0
2004 0
2005 0
2006 0
2007 26
2008 26
2009 26
2010 0
2011 0
2012 25
2013 0
2014 0
2015 26
2016 24
2017 0
2018 0
2019 25
2020 57
2021 26
2022 67
2023 0
2024 26
2025 5
2026 0
2027 0
2028 0
2029 0
2030 0
2031 0
2032 26
2033 26
2034 0
2035 57
2036 0
2037 0
2038 0
2039 27
2040 0
2041 0
2042 26
2043 25
2044 0
2045 26
2046 0
2047 0
2048 26
2049 26
2050 0
2051 26
2052 39
2053 0
2054 26
2055 0
2056 26
2057 0
2058 42
2059 0
2060 0
2061 26
2062 0
2063 26
2064 0
2065 0
2066 0
2067 0
2068 0
2069 0
2070 28
2071 0
2072 0
2073 57
2074 25
2075 57
2076 25
2077 0
2078 26
2079 26
2080 0
2081 24
2082 0
2083 26
2084 26
2085 26
2086 0
2087 0
2088 0
2089 0
2090 0
2091 0
2092 0
2093 0
2094 0
2095 0
2096 26
2097 0
2098 0
2099 0
2100 0
2101 71
2102 26
2103 0
2104 26
2105 26
2106 0
2107 71
2108 0
2109 26
2110 0
2111 26
2112 26
2113 0
2114 26
2115 0
2116 0
2117 26
2118 26
2119 26
2120 26
2121 26
2122 26
2123 24
2124 26
2125 26
2126 26
2127 26
2128 26
2129 0
2130 0
2131 26
2132 0
2133 0
2134 0
2135 0
2136 0
2137 0
2138 0
2139 27
2140 0
2141 0
2142 26
2143 42
2144 0
2145 0
2146 0
2147 0
2148 0
2149 0
2150 0
2151 67
2152 0
2153 0
2154 24
2155 0
2156 0
2157 26
2158 0
2159 57
2160 26
2161 0
2162 0
2163 57
2164 0
2165 55
2166 26
2167 26
2168 0
2169 0
2170 0
2171 26
2172 26
2173 0
2174 0
2175 71
2176 28
2177 0
2178 0
2179 24
2180 39
2181 0
2182 29
2183 29
2184 0
2185 0
2186 0
2187 0
2188 26
2189 26
2190 26
2191 26
2192 27
2193 25
2194 26
2195 43
2196 0
2197 0
2198 26
2199 64
2200 29
2201 29
2202 0
2203 26
2204 0
2205 0
2206 0
2207 26
2208 0
2209 26
2210 0
2211 0
2212 25
2213 25
2214 0
2215 26
2216 0
2217 55
2218 0
2219 26
2220 26
2221 29
2222 0
2223 0
2224 26
2225 26
2226 26
2227 26
2228 0
2229 0
2230 0
2231 26
2232 0
2233 25
2234 0
2235 26
2236 0
2237 0
2238 26
2239 0
2240 0
2241 0
2242 55
2243 26
2244 57
2245 26
2246 26
2247 0
2248 29
2249 26
2250 0
2251 0
2252 0
2253 55
2254 26
2255 0
2256 0
2257 26
2258 26
2259 67
2260 0
2261 55
2262 26
2263 26
2264 0
2265 26
2266 0
2267 0
2268 26
2269 0
2270 0
2271 0
2272 0
2273 0
2274 0
2275 0
2276 0
2277 59
2278 0
2279 26
2280 71
2281 26
2282 55
2283 26
2284 25
2285 0
2286 26
2287 26
2288 0
2289 0
2290 0
2291 0
2292 0
2293 26
2294 0
2295 0
2296 26
2297 26
2298 26
2299 0
2300 26
2301 0
2302 26
2303 0
2304 26
2305 0
2306 55
2307 0
2308 0
2309 0
2310 26
2311 0
2312 26
2313 26
2314 0
2315 0
2316 0
2317 0
2318 0
2319 0
2320 0
2321 25
2322 0
2323 26
2324 26
2325 38
2326 26
2327 0
2328 0
2329 57
2330 55
2331 26
2332 0
2333 26
2334 57
2335 0
2336 26
2337 0
2338 42
2339 0
2340 26
2341 27
2342 26
2343 27
2344 26
2345 0
2346 57
2347 26
2348 0
2349 26
2350 26
2351 0
2352 26
2353 25
2354 0
2355 26
2356 26
2357 0
2358 25
2359 26
2360 0
2361 0
2362 0
2363 26
2364 0
2365 0
2366 0
2367 26
2368 0
2369 57
2370 57
2371 0
2372 26
2373 0
2374 42
2375 0
2376 26
2377 26
2378 0
2379 26
2380 0
2381 26
2382 26
2383 0
2384 42
2385 0
2386 0
2387 0
2388 70
2389 26
2390 0
2391 0
2392 26
2393 0
2394 0
2395 26
2396 0
2397 26
2398 0
2399 26
2400 0
2401 26
2402 26
2403 26
2404 26
2405 0
2406 0
2407 29
2408 26
2409 55
2410 25
2411 26
2412 26
2413 0
2414 0
2415 26
2416 0
2417 0
2418 26
2419 26
2420 51
2421 26
2422 0
2423 25
2424 26
2425 0
2426 0
2427 0
2428 0
2429 34
2430 0
2431 0
2432 0
2433 57
2434 26
2435 26
2436 25
2437 0
2438 0
2439 26
2440 0
2441 0
2442 42
2443 57
2444 0
2445 0
2446 0
2447 26
2448 26
2449 17
2450 0
2451 0
2452 0
2453 0
2454 26
2455 26
2456 0
2457 35
2458 0
2459 0
2460 0
2461 0
2462 0
2463 0
2464 0
2465 0
2466 0
2467 26
2468 0
2469 63
2470 0
2471 26
2472 0
2473 25
2474 0
2475 67
2476 0
2477 26
2478 0
2479 0
2480 0
2481 55
2482 0
2483 0
2484 26
2485 0
2486 0
2487 26
2488 26
2489 26
2490 26
2491 26
2492 0
2493 0
2494 0
2495 0
2496 0
2497 26
2498 0
2499 26
2500 26
2501 0
2502 0
2503 0
2504 0
2505 26
2506 0
2507 26
2508 0
2509 0
2510 0
2511 0
2512 23
2513 0
2514 0
2515 0
2516 0
2517 26
2518 26
2519 0
2520 0
2521 25
2522 0
2523 0
2524 0
2525 26
2526 57
2527 0
2528 0
2529 0
2530 0
2531 0
2532 25
2533 0
2534 0
2535 0
2536 26
2537 26
2538 0
2539 26
2540 0
2541 0
2542 0
2543 26
2544 26
2545 26
2546 26
2547 26
2548 0
2549 26
2550 26
2551 0
2552 0
2553 26
2554 26
2555 55
2556 26
2557 0
2558 25
2559 39
2560 0
2561 25
2562 0
2563 0
2564 0
2565 26
2566 27
2567 0
2568 42
2569 0
2570 0
2571 25
2572 26
2573 57
2574 0
2575 29
2576 0
2577 0
2578 26
2579 26
2580 0
2581 26
2582 26
2583 29
2584 26
2585 0
2586 0
2587 29
2588 0
2589 0
2590 25
2591 25
2592 0
2593 26
2594 0
2595 25
2596 0
2597 26
2598 71
2599 26
2600 0
2601 0
2602 0
2603 0
2604 0
2605 0
2606 0
2607 26
2608 67
2609 26
2610 26
2611 0
2612 0
2613 0
2614 0
2615 26
2616 0
2617 57
2618 0
2619 0
2620 0
2621 26
2622 0
2623 0
2624 26
2625 26
2626 52
2627 0
2628 26
2629 0
2630 0
2631 25
2632 25
2633 0
2634 0
2635 0
2636 0
2637 0
2638 25
2639 0
2640 0
2641 29
2642 0
2643 26
2644 0
2645 0
2646 0
2647 0
2648 25
2649 0
2650 0
2651 0
2652 0
2653 0
2654 0
2655 0
2656 0
2657 26
2658 0
2659 42
2660 26
2661 0
2662 26
2663 0
2664 0
2665 0
2666 0
2667 0
2668 0
2669 26
2670 0
2671 0
2672 0
2673 0
2674 0
2675 0
2676 0
2677 0
2678 0
2679 0
2680 0
2681 0
2682 29
2683 0
2684 0
2685 0
2686 0
2687 0
2688 0
2689 57
2690 0
2691 0
2692 0
2693 26
2694 26
2695 0
2696 0
2697 0
2698 25
2699 26
2700 26
2701 26
2702 0
2703 57
2704 26
2705 57
2706 0
2707 0
2708 26
2709 0
2710 0
2711 35
2712 67
2713 26
2714 26
2715 0
2716 0
2717 0
2718 26
2719 27
2720 0
2721 26
2722 0
2723 0
2724 26
2725 26
2726 26
2727 0
2728 0
2729 0
2730 57
2731 57
2732 0
2733 0
2734 0
2735 0
2736 71
2737 0
2738 26
2739 26
2740 29
2741 57
2742 0
2743 0
2744 20
2745 38
2746 26
2747 26
2748 42
2749 25
2750 26
2751 26
2752 0
2753 0
2754 0
2755 29
2756 26
2757 0
2758 0
2759 26
2760 26
2761 0
2762 26
2763 0
2764 25
2765 0
2766 0
2767 0
2768 26
2769 55
2770 26
2771 26
2772 26
2773 0
2774 0
2775 0
2776 0
2777 0
2778 0
2779 25
2780 0
2781 0
2782 26
2783 0
2784 26
2785 26
2786 26
2787 25
2788 0
2789 26
2790 0
2791 0
2792 57
2793 0
2794 26
2795 26
2796 25
2797 25
2798 27
2799 8
2800 37
2801 55
2802 0
2803 26
2804 0
2805 0
2806 26
2807 0
2808 0
2809 3
2810 0
2811 0
2812 0
2813 0
2814 26
2815 0
2816 26
2817 25
2818 12
2819 27
2820 0
2821 26
2822 70
2823 0
2824 26
2825 26
2826 26
2827 35
2828 0
2829 0
2830 0
2831 26
2832 0
2833 0
2834 0
2835 27
2836 0
2837 0
2838 26
2839 0
2840 57
2841 27
2842 0
2843 25
2844 0
2845 0
2846 26
2847 57
2848 0
2849 26
2850 26
2851 26
2852 57
2853 0
2854 0
2855 25
2856 0
2857 0
2858 26
2859 26
2860 70
2861 0
2862 0
2863 0
2864 0
2865 0
2866 0
2867 0
2868 0
2869 26
2870 0
2871 0
2872 26
2873 25
2874 0
2875 0
2876 26
2877 0
2878 26
2879 25
2880 26
2881 0
2882 51
2883 26
2884 26
2885 0
2886 0
2887 26
2888 0
2889 0
2890 26
2891 0
2892 26
2893 62
2894 26
2895 0
2896 26
2897 0
2898 26
2899 0
2900 0
2901 0
2902 0
2903 0
2904 0
2905 0
2906 26
2907 25
2908 0
2909 0
2910 0
2911 0
2912 0
2913 26
2914 0
2915 0
2916 0
2917 26
2918 0
2919 0
2920 26
2921 26
2922 29
2923 0
2924 26
2925 26
2926 0
2927 0
2928 0
2929 0
2930 0
2931 0
2932 0
2933 63
2934 0
2935 0
2936 0
2937 26
2938 26
2939 26
2940 0
2941 26
2942 0
2943 57
2944 27
2945 0
2946 0
2947 71
2948 0
2949 0
2950 26
2951 26
2952 26
2953 25
2954 25
2955 26
2956 26
2957 26
2958 0
2959 0
2960 25
2961 0
2962 0
2963 0
2964 25
2965 0
2966 25
2967 0
2968 0
2969 0
2970 0
2971 0
2972 39
2973 26
2974 26
2975 26
2976 25
2977 0
2978 0
2979 0
2980 57
2981 0
2982 25
2983 0
2984 26
2985 0
2986 0
2987 0
2988 0
2989 0
2990 0
2991 0
2992 0
2993 0
2994 0
2995 26
2996 0
2997 0
2998 0
2999 0
3000 26
3001 0
3002 29
3003 26
3004 0
3005 0
3006 57
3007 0
3008 0
3009 0
3010 67
3011 0
3012 26
3013 25
3014 0
3015 26
3016 0
3017 0
3018 0
3019 0
3020 0
3021 26
3022 25
3023 55
3024 0
3025 0
3026 0
3027 25
3028 0
3029 25
3030 0
3031 27
3032 0
3033 0
3034 26
3035 26
3036 0
3037 26
3038 0
3039 0
3040 57
3041 0
3042 0
3043 0
3044 27
3045 26
3046 25
3047 0
3048 0
3049 55
3050 25
3051 25
3052 0
3053 27
3054 57
3055 26
3056 57
3057 0
3058 0
3059 26
3060 26
3061 26
3062 71
3063 0
3064 26
3065 26
3066 26
3067 0
3068 0
3069 0
3070 6
3071 0
3072 71
3073 0
3074 0
3075 25
3076 26
3077 26
3078 0
3079 0
3080 26
3081 35
3082 0
3083 35
3084 28
3085 0
3086 0
3087 26
3088 26
3089 0
3090 35
3091 0
3092 0
3093 26
3094 57
3095 0
3096 0
3097 26
3098 26
3099 0
3100 57
3101 58
3102 35
3103 35
3104 26
3105 0
3106 0
3107 0
3108 0
3109 25
3110 26
3111 26
3112 26
3113 26
3114 0
3115 26
3116 0
3117 0
3118 0
3119 26
3120 26
3121 0
3122 0
3123 0
3124 0
3125 26
3126 0
3127 57
3128 0
3129 0
3130 0
3131 0
3132 0
3133 0
3134 0
3135 26
3136 0
3137 26
3138 0
3139 26
3140 0
3141 26
3142 27
3143 25
3144 25
3145 0
3146 55
3147 0
3148 25
3149 0
3150 0
3151 0
3152 0
3153 25
3154 26
3155 0
3156 26
3157 0
3158 0
3159 0
3160 0
3161 0
3162 0
3163 0
3164 0
3165 57
3166 26
3167 0
3168 0
3169 26
3170 26
3171 25
3172 35
3173 26
3174 26
3175 25
3176 27
3177 26
3178 25
3179 27
3180 0
3181 26
3182 0
3183 0
3184 0
3185 55
3186 0
3187 0
3188 0
3189 0
3190 62
3191 0
3192 27
3193 0
3194 0
3195 0
3196 0
3197 55
3198 55
3199 26
3200 0
3201 0
3202 0
3203 26
3204 57
3205 0
3206 26
3207 0
3208 26
3209 0
3210 26
3211 0
3212 26
3213 43
3214 0
3215 0
3216 0
3217 0
3218 26
3219 0
3220 26
3221 0
3222 25
3223 0
3224 26
3225 26
3226 26
3227 0
3228 0
3229 0
3230 26
3231 26
3232 26
3233 0
3234 0
3235 0
3236 0
3237 42
3238 0
3239 0
3240 0
3241 0
3242 57
3243 35
3244 0
3245 26
3246 25
3247 0
3248 27
3249 0
3250 0
3251 0
3252 0
3253 0
3254 26
3255 26
3256 26
3257 0
3258 26
3259 0
3260 57
3261 26
3262 0
3263 26
3264 0
3265 0
3266 26
3267 0
3268 0
3269 0
3270 0
3271 23
3272 26
3273 26
3274 0
3275 0
3276 26
3277 0
3278 0
3279 0
3280 0
3281 0
3282 0
3283 26
3284 0
3285 36
3286 0
3287 0
3288 0
3289 26
3290 26
3291 26
3292 5
3293 0
3294 26
3295 27
3296 27
3297 26
3298 0
3299 67
3300 0
3301 26
3302 0
3303 0
3304 0
3305 26
3306 26
3307 25
3308 0
3309 26
3310 0
3311 25
3312 0
3313 0
3314 0
3315 0
3316 0
3317 25
3318 26
3319 0
3320 0
3321 29
3322 26
3323 26
3324 57
3325 0
3326 0
3327 26
3328 0
3329 0
3330 0
3331 26
3332 0
3333 0
3334 0
3335 26
3336 26
3337 0
3338 0
3339 26
3340 0
3341 0
3342 0
3343 0
3344 0
3345 0
3346 35
3347 0
3348 26
3349 0
3350 35
3351 0
3352 0
3353 0
3354 26
3355 25
3356 0
3357 0
3358 0
3359 25
3360 0
3361 26
3362 0
3363 0
3364 26
3365 0
3366 36
3367 0
3368 0
3369 57
3370 0
3371 0
3372 26
3373 0
3374 0
3375 0
3376 25
3377 0
3378 0
3379 26
3380 0
3381 0
3382 0
3383 0
3384 26
3385 0
3386 26
3387 0
3388 39
3389 0
3390 26
3391 55
3392 0
3393 26
3394 0
3395 38
3396 26
3397 27
3398 0
3399 37
3400 26
3401 0
3402 0
3403 26
3404 0
3405 0
3406 0
3407 26
3408 0
3409 25
3410 0
3411 57
3412 0
3413 0
3414 17
3415 26
3416 0
3417 0
3418 0
3419 26
3420 26
3421 55
3422 0
3423 0
3424 38
3425 0
3426 0
3427 26
3428 26
3429 0
3430 26
3431 26
3432 26
3433 0
3434 0
3435 39
3436 0
3437 0
3438 26
3439 0
3440 0
3441 0
3442 26
3443 0
3444 0
3445 26
3446 0
3447 26
3448 0
3449 0
3450 0
3451 55
3452 0
3453 0
3454 27
3455 25
3456 0
3457 0
3458 0
3459 0
3460 0
3461 0
3462 0
3463 0
3464 0
3465 0
3466 0
3467 26
3468 0
3469 25
3470 57
3471 55
3472 0
3473 25
3474 0
3475 0
3476 0
3477 26
3478 0
3479 0
3480 25
3481 26
3482 26
3483 0
3484 0
3485 0
3486 0
3487 26
3488 0
3489 0
3490 26
3491 26
3492 0
3493 0
3494 0
3495 0
3496 0
3497 26
3498 0
3499 26
3500 0
3501 0
3502 0
3503 26
3504 26
3505 0
3506 0
3507 26
3508 26
3509 0
3510 0
3511 0
3512 35
3513 0
3514 57
3515 26
3516 0
3517 25
3518 26
3519 26
3520 26
3521 57
3522 0
3523 43
3524 0
3525 0
3526 0
3527 0
3528 0
3529 26
3530 26
3531 0
3532 57
3533 0
3534 0
3535 0
3536 0
3537 35
3538 47
3539 0
3540 0
3541 26
3542 26
3543 0
3544 0
3545 43
3546 38
3547 0
3548 0
3549 26
3550 0
3551 25
3552 0
3553 0
3554 0
3555 0
3556 0
3557 26
3558 0
3559 26
3560 26
3561 26
3562 0
3563 26
3564 25
3565 0
3566 0
3567 0
3568 0
3569 57
3570 57
3571 41
3572 0
3573 25
3574 25
3575 0
3576 26
3577 0
3578 0
3579 26
3580 0
3581 26
3582 0
3583 0
3584 0
3585 26
3586 26
3587 0
3588 0
3589 27
3590 0
3591 26
3592 27
3593 26
3594 0
3595 0
3596 0
3597 26
3598 0
3599 0
3600 57
3601 0
3602 25
3603 26
3604 0
3605 0
3606 26
3607 0
3608 26
3609 0
3610 36
3611 0
3612 0
3613 26
3614 0
3615 25
3616 0
3617 26
3618 0
3619 55
3620 25
3621 0
3622 25
3623 0
3624 0
3625 0
3626 26
3627 0
3628 0
3629 27
3630 71
3631 26
3632 0
3633 0
3634 0
3635 0
3636 55
3637 55
3638 0
3639 0
3640 26
3641 26
3642 0
3643 0
3644 0
3645 0
3646 0
3647 26
3648 0
3649 25
3650 0
3651 27
3652 3
3653 0
3654 0
3655 26
3656 57
3657 0
3658 57
3659 26
3660 26
3661 26
3662 26
3663 25
3664 0
3665 0
3666 0
3667 0
3668 0
3669 0
3670 0
3671 0
3672 26
3673 0
3674 0
3675 26
3676 26
3677 26
3678 25
3679 60
3680 0
3681 0
3682 26
3683 26
3684 26
3685 0
3686 26
3687 0
3688 26
3689 26
3690 26
3691 25
3692 26
3693 0
3694 0
3695 0
3696 0
3697 0
3698 67
3699 0
3700 27
3701 0
3702 26
3703 26
3704 0
3705 55
3706 0
3707 0
3708 0
3709 0
3710 0
3711 0
3712 0
3713 0
3714 0
3715 55
3716 25
3717 26
3718 56
3719 26
3720 0
3721 0
3722 25
3723 26
3724 0
3725 26
3726 26
3727 0
3728 0
3729 29
3730 26
3731 0
3732 35
3733 35
3734 26
3735 25
3736 0
3737 26
3738 0
3739 26
3740 26
3741 0
3742 26
3743 0
3744 0
3745 0
3746 0
3747 42
3748 0
3749 27
3750 26
3751 26
3752 0
3753 0
3754 0
3755 0
3756 0
3757 25
3758 26
3759 0
3760 26
3761 0
3762 0
3763 26
3764 26
3765 26
3766 25
3767 0
3768 0
3769 0
3770 0
3771 35
3772 0
3773 35
3774 0
3775 26
3776 26
3777 26
3778 0
3779 0
3780 0
3781 0
3782 0
3783 26
3784 35
3785 26
3786 0
3787 0
3788 0
3789 26
3790 35
3791 26
3792 0
3793 35
3794 0
3795 27
3796 0
3797 26
3798 26
3799 0
3800 0
3801 0
3802 0
3803 0
3804 0
3805 25
3806 0
3807 57
3808 0
3809 26
3810 26
3811 0
3812 25
3813 0
3814 0
3815 55
3816 0
3817 0
3818 26
3819 26
3820 26
3821 26
3822 0
3823 0
3824 0
3825 0
3826 42
3827 0
3828 26
3829 0
3830 0
3831 0
3832 0
3833 26
3834 0
3835 0
3836 26
3837 0
3838 0
3839 26
3840 0
3841 0
3842 71
3843 0
3844 26
3845 27
3846 67
3847 0
3848 0
3849 26
3850 25
3851 0
3852 0
3853 0
3854 0
3855 0
3856 0
3857 42
3858 0
3859 26
3860 0
3861 0
3862 0
3863 0
3864 0
3865 27
3866 0
3867 0
3868 0
3869 0
3870 26
3871 0
3872 0
3873 0
3874 26
3875 0
3876 26
3877 0
3878 25
3879 0
3880 0
3881 0
3882 0
3883 26
3884 42
3885 26
3886 0
3887 0
3888 0
3889 0
3890 0
3891 0
3892 0
3893 0
3894 42
3895 0
3896 26
3897 0
3898 37
3899 0
3900 0
3901 0
3902 26
3903 62
3904 0
3905 0
3906 42
3907 26
3908 26
3909 0
3910 0
3911 26
3912 0
3913 67
3914 26
3915 0
3916 26
3917 26
3918 0
3919 26
3920 26
3921 42
3922 0
3923 0
3924 0
3925 0
3926 26
3927 0
3928 0
3929 0
3930 28
3931 0
3932 26
3933 26
3934 0
3935 0
3936 26
3937 26
3938 0
3939 0
3940 0
3941 26
3942 26
3943 26
3944 26
3945 26
3946 0
3947 26
3948 0
3949 0
3950 42
3951 0
3952 26
3953 0
3954 0
3955 0
3956 0
3957 26
3958 0
3959 26
3960 53
3961 0
3962 26
3963 26
3964 26
3965 0
3966 26
3967 0
3968 0
3969 0
3970 0
3971 25
3972 0
3973 0
3974 0
3975 26
3976 0
3977 26
3978 0
3979 26
3980 0
3981 0
3982 0
3983 0
3984 0
3985 0
3986 0
3987 0
3988 41
3989 26
3990 0
3991 0
3992 26
3993 26
3994 26
3995 0
3996 0
3997 0
3998 0
3999 0
4000 0
4001 26
4002 42
4003 0
4004 0
4005 0
4006 0
4007 39
4008 0
4009 26
4010 0
4011 0
4012 26
4013 0
4014 0
4015 0
4016 26
4017 0
4018 0
4019 0
4020 0
4021 0
4022 25
4023 25
4024 0
4025 0
4026 0
4027 0
4028 0
4029 0
4030 26
4031 0
4032 25
4033 26
4034 53
4035 0
4036 0
4037 0
4038 27
4039 26
4040 27
4041 27
4042 26
4043 0
4044 27
4045 0
4046 0
4047 0
4048 55
4049 26
4050 0
4051 26
4052 0
4053 0
4054 26
4055 0
4056 55
4057 55
4058 44
4059 0
4060 26
4061 25
4062 25
4063 0
4064 26
4065 26
4066 26
4067 0
4068 0
4069 0
4070 0
4071 0
4072 26
4073 0
4074 0
4075 27
4076 26
4077 38
4078 57
4079 27
4080 26
4081 0
4082 55
4083 0
4084 26
4085 26
4086 51
4087 26
4088 26
4089 0
4090 0
4091 0
4092 0
4093 0
4094 0
4095 26
4096 63
4097 26
4098 0
4099 0
4100 0
4101 0
4102 0
4103 0
4104 0
4105 26
4106 0
4107 0
4108 0
4109 0
4110 0
4111 39
4112 0
4113 0
4114 0
4115 0
4116 0
4117 0
4118 0
4119 0
4120 3
4121 26
4122 57
4123 0
4124 26
4125 57
4126 26
4127 25
4128 25
4129 26
4130 0
4131 41
4132 0
4133 0
4134 0
4135 0
4136 28
4137 26
4138 26
4139 26
4140 0
4141 0
4142 26
4143 0
4144 0
4145 0
4146 39
4147 0
4148 57
4149 26
4150 26
4151 0
4152 0
4153 26
4154 0
4155 0
4156 0
4157 55
4158 0
4159 0
4160 0
4161 26
4162 25
4163 0
4164 0
4165 0
4166 0
4167 27
4168 27
4169 0
4170 57
4171 26
4172 26
4173 0
4174 0
4175 0
4176 0
4177 26
4178 0
4179 0
4180 0
4181 0
4182 0
4183 0
4184 0
4185 0
4186 26
4187 26
4188 26
4189 0
4190 0
4191 26
4192 26
4193 0
4194 0
4195 0
4196 26
4197 0
4198 26
4199 50
4200 25
4201 26
4202 0
4203 39
4204 27
4205 0
4206 27
4207 26
4208 0
4209 27
4210 0
4211 0
4212 26
4213 0
4214 0
4215 0
4216 25
4217 26
4218 57
4219 26
4220 0
4221 0
4222 26
4223 0
4224 26
4225 0
4226 0
4227 0
4228 0
4229 25
4230 27
4231 0
4232 26
4233 27
4234 0
4235 27
4236 0
4237 27
4238 0
4239 38
4240 57
4241 0
4242 25
4243 0
4244 26
4245 27
4246 0
4247 26
4248 0
4249 0
4250 0
4251 0
4252 39
4253 26
4254 0
4255 67
4256 26
4257 26
4258 0
4259 26
4260 0
4261 57
4262 0
4263 0
4264 0
4265 0
4266 26
4267 0
4268 0
4269 0
4270 26
4271 0
4272 25
4273 0
4274 0
4275 39
4276 0
4277 0
4278 0
4279 0
4280 25
4281 0
4282 57
4283 26
4284 0
4285 0
4286 0
4287 26
4288 26
4289 0
4290 26
4291 0
4292 26
4293 0
4294 3
4295 26
4296 0
4297 27
4298 27
4299 0
4300 0
4301 15
4302 0
4303 0
4304 0
4305 27
4306 0
4307 42
4308 26
4309 0
4310 0
4311 26
4312 0
4313 26
4314 0
4315 0
4316 0
4317 27
4318 25
4319 0
4320 0
4321 0
4322 57
4323 26
4324 25
4325 26
4326 0
4327 26
4328 26
4329 0
4330 37
4331 37
4332 0
4333 0
4334 27
4335 0
4336 0
4337 27
4338 53
4339 26
4340 0
4341 0
4342 26
4343 0
4344 0
4345 42
4346 27
4347 0
4348 0
4349 29
4350 42
4351 0
4352 57
4353 26
4354 0
4355 27
4356 0
4357 0
4358 0
4359 0
4360 26
4361 26
4362 26
4363 0
4364 26
4365 26
4366 26
4367 26
4368 0
4369 0
4370 0
4371 0
4372 0
4373 0
4374 0
4375 26
4376 0
4377 0
4378 0
4379 0
4380 0
4381 25
4382 0
4383 26
4384 26
4385 0
4386 0
4387 0
4388 0
4389 26
4390 0
4391 0
4392 0
4393 0
4394 26
4395 0
4396 0
4397 0
4398 0
4399 0
4400 26
4401 0
4402 57
4403 26
4404 26
4405 0
4406 3
4407 26
4408 35
4409 0
4410 0
4411 27
4412 57
4413 26
4414 0
4415 0
4416 0
4417 0
4418 26
4419 26
4420 0
4421 0
4422 26
4423 26
4424 26
4425 0
4426 0
4427 0
4428 0
4429 37
4430 0
4431 26
4432 0
4433 0
4434 0
4435 35
4436 0
4437 26
4438 0
4439 0
4440 25
4441 26
4442 26
4443 26
4444 37
4445 26
4446 0
4447 26
4448 26
4449 0
4450 26
4451 26
4452 26
4453 26
4454 0
4455 57
4456 0
4457 0
4458 55
4459 0
4460 0
4461 0
4462 37
4463 25
4464 0
4465 0
4466 0
4467 26
4468 26
4469 26
4470 0
4471 0
4472 26
4473 26
4474 0
4475 0
4476 56
4477 0
4478 26
4479 0
4480 0
4481 0
4482 0
4483 67
4484 25
4485 0
4486 0
4487 26
4488 26
4489 26
4490 26
4491 26
4492 0
4493 0
4494 0
4495 26
4496 26
4497 0
4498 0
4499 0
4500 26
4501 0
4502 57
4503 26
4504 0
4505 0
4506 0
4507 26
4508 0
4509 0
4510 26
4511 38
4512 0
4513 0
4514 25
4515 26
4516 0
4517 26
4518 0
4519 26
4520 0
4521 0
4522 0
4523 0
4524 27
4525 0
4526 26
4527 0
4528 0
4529 0
4530 26
4531 0
4532 0
4533 0
4534 0
4535 0
4536 0
4537 26
4538 26
4539 57
4540 0
4541 0
4542 0
4543 26
4544 0
4545 26
4546 0
4547 0
4548 26
4549 0
4550 26
4551 26
4552 26
4553 0
4554 0
4555 26
4556 0
4557 44
4558 0
4559 10
4560 0
4561 0
4562 0
4563 0
4564 0
4565 25
4566 0
4567 0
4568 0
4569 25
4570 27
4571 0
4572 5
4573 0
4574 0
4575 38
4576 35
4577 0
4578 0
4579 0
4580 0
4581 26
4582 38
4583 0
4584 25
4585 0
4586 26
4587 0
4588 38
4589 0
4590 0
4591 57
4592 0
4593 26
4594 17
4595 17
4596 26
4597 26
4598 26
4599 0
4600 0
4601 0
4602 0
4603 27
4604 55
4605 26
4606 0
4607 0
4608 57
4609 27
4610 26
4611 0
4612 0
4613 27
4614 26
4615 0
4616 0
4617 0
4618 0
4619 0
4620 0
4621 27
4622 0
4623 0
4624 25
4625 0
4626 0
4627 25
4628 27
4629 0
4630 25
4631 26
4632 26
4633 0
4634 0
4635 0
4636 0
4637 26
4638 0
4639 0
4640 6
4641 0
4642 0
4643 25
4644 0
4645 38
4646 0
4647 25
4648 26
4649 38
4650 0
4651 25
4652 57
4653 0
4654 38
4655 0
4656 0
4657 0
4658 0
4659 0
4660 0
4661 0
4662 0
4663 0
4664 71
4665 0
4666 0
4667 0
4668 26
4669 0
4670 0
4671 0
4672 0
4673 25
4674 0
4675 26
4676 0
4677 0
4678 0
4679 57
4680 0
4681 26
4682 0
4683 26
4684 26
4685 26
4686 26
4687 25
4688 0
4689 0
4690 25
4691 0
4692 0
4693 26
4694 0
4695 25
4696 0
4697 26
4698 0
4699 26
4700 0
4701 26
4702 26
4703 38
4704 0
4705 0
4706 0
4707 55
4708 0
4709 0
4710 0
4711 0
4712 0
4713 26
4714 0
4715 0
4716 0
4717 26
4718 0
4719 0
4720 0
4721 0
4722 26
4723 26
4724 25
4725 0
4726 0
4727 0
4728 0
4729 0
4730 0
4731 26
4732 0
4733 38
4734 57
4735 25
4736 26
4737 26
4738 26
4739 0
4740 26
4741 0
4742 0
4743 26
4744 0
4745 0
4746 0
4747 0
4748 0
4749 0
4750 0
4751 38
4752 26
4753 0
4754 0
4755 0
4756 0
4757 0
4758 39
4759 26
4760 0
4761 0
4762 0
4763 0
4764 26
4765 0
4766 25
4767 0
4768 0
4769 0
4770 0
4771 0
4772 0
4773 26
4774 26
4775 0
4776 0
4777 0
4778 0
4779 0
4780 67
4781 0
4782 26
4783 57
4784 26
4785 0
4786 0
4787 0
4788 40
4789 25
4790 26
4791 26
4792 0
4793 0
4794 26
4795 0
4796 26
4797 0
4798 0
4799 0
4800 26
4801 0
4802 0
4803 0
4804 0
4805 0
4806 0
4807 25
4808 26
4809 0
4810 26
4811 26
4812 26
4813 26
4814 0
4815 26
4816 44
4817 0
4818 0
4819 44
4820 26
4821 27
4822 0
4823 0
4824 26
4825 26
4826 0
4827 26
4828 41
4829 0
4830 0
4831 26
4832 0
4833 0
4834 0
4835 0
4836 0
4837 26
4838 0
4839 26
4840 0
4841 0
4842 26
4843 0
4844 38
4845 27
4846 21
4847 21
4848 0
4849 0
4850 26
4851 26
4852 0
4853 0
4854 0
4855 0
4856 27
4857 0
4858 0
4859 27
4860 26
4861 67
4862 0
4863 26
4864 0
4865 26
4866 0
4867 0
4868 0
4869 0
4870 0
4871 43
4872 26
4873 0
4874 26
4875 25
4876 0
4877 26
4878 0
4879 0
4880 0
4881 26
4882 26
4883 0
4884 26
4885 63
4886 55
4887 26
4888 0
4889 26
4890 0
4891 25
4892 57
4893 0
4894 0
4895 0
4896 26
4897 0
4898 0
4899 26
4900 26
4901 0
4902 0
4903 0
4904 26
4905 57
4906 0
4907 0
4908 26
4909 0
4910 0
4911 43
4912 0
4913 26
4914 0
4915 38
4916 26
4917 26
4918 26
4919 38
4920 26
4921 26
4922 0
4923 25
4924 26
4925 0
4926 26
4927 25
4928 67
4929 0
4930 26
4931 0
4932 55
4933 38
4934 26
4935 0
4936 0
4937 57
4938 57
4939 26
4940 0
4941 0
4942 71
4943 0
4944 0
4945 57
4946 0
4947 0
4948 43
4949 0
4950 0
4951 0
4952 39
4953 0
4954 25
4955 26
4956 0
4957 0
4958 26
4959 0
4960 0
4961 0
4962 26
4963 0
4964 26
4965 0
4966 3
4967 0
4968 39
4969 38
4970 0
4971 0
4972 0
4973 0
4974 0
4975 26
4976 25
4977 0
4978 0
4979 0
4980 38
4981 26
4982 0
4983 0
4984 25
4985 0
4986 0
4987 26
4988 0
4989 0
4990 0
4991 0
4992 25
4993 26
4994 0
4995 26
4996 0
4997 0
4998 0
4999 29
5000 0
5001 38
5002 0
5003 26
5004 55
5005 38
5006 0
5007 26
5008 0
5009 26
5010 26
5011 0
5012 0
5013 0
5014 0
5015 0
5016 26
5017 39
5018 57
5019 0
5020 0
5021 0
5022 0
5023 0
5024 0
5025 26
5026 0
5027 26
5028 27
5029 0
5030 0
5031 25
5032 0
5033 26
5034 26
5035 25
5036 26
5037 0
5038 26
5039 42
5040 26
5041 26
5042 0
5043 26
5044 0
5045 39
5046 0
5047 26
5048 26
5049 0
5050 0
5051 0
5052 26
5053 57
5054 26
5055 25
5056 26
5057 26
5058 0
5059 25
5060 26
5061 39
5062 0
5063 26
5064 26
5065 0
5066 0
5067 0
5068 20
5069 44
5070 26
5071 0
5072 0
5073 0
5074 0
5075 57
5076 0
5077 25
5078 0
5079 0
5080 26
5081 0
5082 0
5083 0
5084 26
5085 25
5086 0
5087 25
5088 0
5089 0
5090 0
5091 0
5092 27
5093 14
5094 14
5095 0
5096 26
5097 0
5098 39
5099 27
5100 0
5101 0
5102 0
5103 0
5104 0
5105 25
5106 0
5107 26
5108 26
5109 26
5110 0
5111 26
5112 26
5113 55
5114 26
5115 0
5116 26
5117 25
5118 26
5119 26
5120 0
5121 25
5122 26
5123 26
5124 26
5125 0
5126 0
5127 26
5128 0
5129 25
5130 26
5131 26
5132 26
5133 26
5134 26
5135 0
5136 27
5137 26
5138 0
5139 0
5140 0
5141 26
5142 0
5143 0
5144 25
5145 26
5146 25
5147 38
5148 26
5149 0
5150 0
5151 0
5152 0
5153 0
5154 39
5155 26
5156 0
5157 0
5158 18
5159 0
5160 0
5161 0
5162 0
5163 0
5164 26
5165 26
5166 0
5167 25
5168 0
5169 26
5170 51
5171 0
5172 0
5173 27
5174 0
5175 0
5176 0
5177 42
5178 27
5179 0
5180 0
5181 42
5182 0
5183 0
5184 26
5185 26
5186 0
5187 26
5188 26
5189 0
5190 0
5191 26
5192 26
5193 0
5194 0
5195 0
5196 27
5197 27
5198 26
5199 26
5200 0
5201 39
5202 26
5203 0
5204 0
5205 0
5206 0
5207 27
5208 0
5209 0
5210 0
5211 26
5212 0
5213 0
5214 26
5215 26
5216 0
5217 0
5218 0
5219 0
5220 0
5221 0
5222 0
5223 0
5224 0
5225 0
5226 0
5227 0
5228 28
5229 0
5230 0
5231 0
5232 0
5233 0
5234 0
5235 0
5236 0
5237 0
5238 39
5239 57
5240 0
5241 0
5242 0
5243 26
5244 26
5245 0
5246 0
5247 0
5248 25
5249 0
5250 0
5251 0
5252 0
5253 0
5254 0
5255 0
5256 0
5257 0
5258 26
5259 26
5260 0
5261 0
5262 26
5263 0
5264 26
5265 0
5266 0
5267 39
5268 26
5269 26
5270 26
5271 0
5272 0
5273 0
5274 0
5275 0
5276 0
5277 0
5278 24
5279 0
5280 0
5281 0
5282 0
5283 0
5284 44
5285 57
5286 0
5287 26
5288 26
5289 0
5290 0
5291 0
5292 0
5293 0
5294 26
5295 0
5296 0
5297 0
5298 26
5299 26
5300 0
5301 55
5302 57
5303 26
5304 0
5305 0
5306 0
5307 44
5308 0
5309 26
5310 0
5311 26
5312 0
5313 0
5314 0
5315 39
5316 0
5317 26
5318 0
5319 0
5320 0
5321 26
5322 37
5323 25
5324 0
5325 0
5326 0
5327 0
5328 26
5329 39
5330 0
5331 26
5332 27
5333 26
5334 0
5335 26
5336 26
5337 26
5338 0
5339 26
5340 26
5341 0
5342 0
5343 26
5344 25
5345 26
5346 0
5347 0
5348 26
5349 25
5350 0
5351 26
5352 26
5353 0
5354 55
5355 0
5356 53
5357 39
5358 39
5359 0
5360 42
5361 25
5362 25
5363 0
5364 0
5365 0
5366 0
5367 0
5368 0
5369 57
5370 0
5371 0
5372 0
5373 25
5374 57
5375 70
5376 0
5377 0
5378 0
5379 26
5380 0
5381 0
5382 26
5383 0
5384 0
5385 57
5386 26
5387 25
5388 25
5389 0
5390 0
5391 0
5392 0
5393 26
5394 26
5395 0
5396 0
5397 0
5398 0
5399 0
5400 0
5401 43
5402 0
5403 0
5404 0
5405 0
5406 38
5407 0
5408 0
5409 0
5410 0
5411 27
5412 26
5413 25
5414 26
5415 0
5416 0
5417 0
5418 0
5419 0
5420 0
5421 0
5422 25
5423 0
5424 25
5425 26
5426 0
5427 0
5428 26
5429 26
5430 26
5431 0
5432 26
5433 0
5434 0
5435 0
5436 26
5437 0
5438 26
5439 53
5440 27
5441 42
5442 0
5443 28
5444 0
5445 0
5446 25
5447 27
5448 0
5449 26
5450 0
5451 26
5452 0
5453 0
5454 0
5455 0
5456 17
5457 17
5458 0
5459 26
5460 26
5461 0
5462 0
5463 0
5464 39
5465 26
5466 0
5467 57
5468 0
5469 57
5470 70
5471 27
5472 26
5473 0
5474 26
5475 0
5476 25
5477 0
5478 0
5479 26
5480 26
5481 26
5482 26
5483 0
5484 0
5485 26
5486 0
5487 0
5488 0
5489 26
5490 26
5491 0
5492 26
5493 26
5494 26
5495 26
5496 0
5497 0
5498 26
5499 39
5500 26
5501 27
5502 57
5503 26
5504 57
5505 26
5506 0
5507 25
5508 0
5509 0
5510 0
5511 25
5512 0
5513 26
5514 26
5515 25
5516 0
5517 0
5518 0
5519 0
5520 0
5521 25
5522 25
5523 0
5524 0
5525 42
5526 0
5527 39
5528 0
5529 0
5530 0
5531 0
5532 0
5533 0
5534 26
5535 27
5536 26
5537 0
5538 0
5539 26
5540 0
5541 0
5542 53
5543 26
5544 0
5545 0
5546 57
5547 0
5548 26
5549 0
5550 57
5551 26
5552 0
5553 0
5554 26
5555 0
5556 27
5557 0
5558 0
5559 0
5560 0
5561 0
5562 0
5563 25
5564 0
5565 26
5566 27
5567 0
5568 23
5569 0
5570 26
5571 0
5572 26
5573 25
5574 0
5575 26
5576 0
5577 0
5578 0
5579 0
5580 26
5581 25
5582 0
5583 26
5584 0
5585 25
5586 0
5587 57
5588 43
5589 0
5590 0
5591 27
5592 0
5593 0
5594 0
5595 0
5596 0
5597 26
5598 27
5599 0
5600 27
5601 26
5602 0
5603 0
5604 0
5605 0
5606 0
5607 0
5608 25
5609 0
5610 0
5611 26
5612 0
5613 0
5614 42
5615 57
5616 26
5617 0
5618 44
5619 0
5620 0
5621 0
5622 26
5623 0
5624 26
5625 26
5626 0
5627 26
5628 27
5629 26
5630 0
5631 0
5632 0
5633 39
5634 0
5635 0
5636 26
5637 57
5638 0
5639 26
5640 0
5641 26
5642 0
5643 0
5644 0
5645 0
5646 0
5647 0
5648 0
5649 0
5650 26
5651 0
5652 0
5653 26
5654 0
5655 0
5656 29
5657 0
5658 0
5659 0
5660 0
5661 0
5662 26
5663 26
5664 0
5665 41
5666 26
5667 36
5668 39
5669 26
5670 0
5671 0
5672 0
5673 0
5674 0
5675 26
5676 0
5677 0
5678 3
5679 0
5680 0
5681 0
5682 0
5683 0
5684 26
5685 0
5686 26
5687 0
5688 0
5689 0
5690 26
5691 0
5692 0
5693 26
5694 0
5695 0
5696 0
5697 26
5698 0
5699 0
5700 26
5701 57
5702 0
5703 26
5704 26
5705 26
5706 25
5707 0
5708 0
5709 26
5710 26
5711 0
5712 25
5713 0
5714 25
5715 26
5716 57
5717 0
5718 0
5719 0
5720 26
5721 26
5722 25
5723 0
5724 0
5725 0
5726 26
5727 26
5728 27
5729 26
5730 26
5731 0
5732 26
5733 0
5734 25
5735 0
5736 0
5737 0
5738 0
5739 41
5740 0
5741 26
5742 0
5743 37
5744 0
5745 0
5746 26
5747 25
5748 0
5749 0
5750 0
5751 0
5752 26
5753 26
5754 57
5755 0
5756 0
5757 26
5758 0
5759 0
5760 27
5761 0
5762 26
5763 26
5764 0
5765 0
5766 0
5767 0
5768 39
5769 26
5770 0
5771 67
5772 26
5773 0
5774 0
5775 0
5776 0
5777 26
5778 0
5779 26
5780 0
5781 0
5782 0
5783 3
5784 57
5785 26
5786 0
5787 0
5788 27
5789 0
5790 26
5791 0
5792 0
5793 0
5794 0
5795 26
5796 25
5797 25
5798 0
5799 0
5800 0
5801 0
5802 26
5803 0
5804 26
5805 0
5806 0
5807 26
5808 0
5809 0
5810 0
5811 0
5812 0
5813 26
5814 0
5815 0
5816 0
5817 67
5818 26
5819 0
5820 27
5821 27
5822 0
5823 26
5824 0
5825 51
5826 29
5827 25
5828 26
5829 0
5830 0
5831 26
5832 39
5833 26
5834 0
5835 42
5836 26
5837 0
5838 0
5839 26
5840 26
5841 26
5842 0
5843 0
5844 0
5845 0
5846 26
5847 0
5848 0
5849 0
5850 0
5851 0
5852 26
5853 0
5854 26
5855 0
5856 0
5857 26
5858 26
5859 0
5860 0
5861 26
5862 0
5863 25
5864 0
5865 0
5866 26
5867 26
5868 25
5869 0
5870 25
5871 0
5872 25
5873 57
5874 0
5875 25
5876 26
5877 26
5878 0
5879 26
5880 0
5881 0
5882 0
5883 0
5884 0
5885 26
5886 0
5887 0
5888 0
5889 0
5890 0
5891 26
5892 26
5893 0
5894 0
5895 26
5896 42
5897 0
5898 0
5899 24
5900 0
5901 0
5902 51
5903 42
5904 0
5905 0
5906 0
5907 0
5908 0
5909 57
5910 0
5911 0
5912 25
5913 0
5914 0
5915 26
5916 0
5917 0
5918 0
5919 26
5920 26
5921 26
5922 0
5923 0
5924 25
5925 26
5926 0
5927 0
5928 26
5929 0
5930 0
5931 25
5932 26
5933 57
5934 0
5935 0
5936 0
5937 26
5938 0
5939 26
5940 57
5941 0
5942 0
5943 0
5944 26
5945 57
5946 0
5947 0
5948 26
5949 0
5950 0
5951 0
5952 57
5953 0
5954 0
5955 0
5956 26
5957 25
5958 0
5959 0
5960 0
5961 0
5962 35
5963 0
5964 0
5965 25
5966 0
5967 26
5968 0
5969 42
5970 0
5971 26
5972 42
5973 0
5974 0
5975 0
5976 26
5977 0
5978 0
5979 26
5980 0
5981 0
5982 26
5983 0
5984 0
5985 0
5986 0
5987 0
5988 0
5989 0
5990 0
5991 0
5992 0
5993 0
5994 0
5995 49
5996 0
5997 26
5998 0
5999 0
6000 0
6001 0
6002 0
6003 0
6004 26
6005 26
6006 25
6007 0
6008 26
6009 0
6010 0
6011 27
6012 0
6013 26
6014 0
6015 0
6016 26
6017 0
6018 0
6019 0
6020 63
6021 26
6022 0
6023 26
6024 0
6025 42
6026 26
6027 0
6028 0
6029 26
6030 26
6031 26
6032 0
6033 0
6034 26
6035 26
6036 0
6037 0
6038 0
6039 38
6040 0
6041 26
6042 0
6043 26
6044 26
6045 26
6046 0
6047 26
6048 0
6049 0
6050 27
6051 0
6052 0
6053 26
6054 57
6055 0
6056 26
6057 26
6058 26
6059 0
6060 42
6061 27
6062 0
6063 0
6064 0
6065 0
6066 0
6067 26
6068 0
6069 0
6070 25
6071 0
6072 0
6073 0
6074 0
6075 0
6076 0
6077 26
6078 26
6079 0
6080 0
6081 26
6082 0
6083 0
6084 0
6085 0
6086 0
6087 0
6088 0
6089 27
6090 0
6091 26
6092 26
6093 26
6094 29
6095 0
6096 27
6097 0
6098 26
6099 0
6100 0
6101 0
6102 0
6103 25
6104 0
6105 26
6106 25
6107 26
6108 0
6109 0
6110 42
6111 0
6112 0
6113 39
6114 26
6115 0
6116 0
6117 0
6118 0
6119 0
6120 26
6121 39
6122 26
6123 26
6124 25
6125 0
6126 26
6127 42
6128 0
6129 0
6130 0
6131 26
6132 27
6133 0
6134 0
6135 26
6136 0
6137 42
6138 67
6139 0
6140 0
6141 0
6142 0
6143 0
6144 26
6145 26
6146 0
6147 0
6148 0
6149 0
6150 0
6151 0
6152 0
6153 0
6154 0
6155 0
6156 0
6157 0
6158 0
6159 57
6160 0
6161 0
6162 0
6163 0
6164 0
6165 26
6166 0
6167 0
6168 26
6169 0
6170 0
6171 0
6172 0
6173 0
6174 0
6175 0
6176 0
6177 0
6178 0
6179 0
6180 0
6181 0
6182 26
6183 26
6184 26
6185 0
6186 25
6187 25
6188 0
6189 0
6190 0
6191 27
6192 27
6193 26
6194 0
6195 14
6196 0
6197 26
6198 0
6199 26
6200 0
6201 0
6202 0
6203 0
6204 26
6205 26
6206 26
6207 38
6208 42
6209 56
6210 26
6211 25
6212 0
6213 0
6214 0
6215 0
6216 0
6217 0
6218 26
6219 0
6220 0
6221 0
6222 0
6223 0
6224 26
6225 0
6226 26
6227 0
6228 26
6229 0
6230 0
6231 0
6232 0
6233 0
6234 0
6235 26
6236 0
6237 29
6238 26
6239 0
6240 0
6241 57
6242 0
6243 26
6244 26
6245 0
6246 0
6247 0
6248 26
6249 0
6250 26
6251 0
6252 26
6253 26
6254 26
6255 26
6256 0
6257 0
6258 0
6259 0
6260 0
6261 0
6262 0
6263 26
6264 26
6265 25
6266 26
6267 0
6268 0
6269 26
6270 57
6271 26
6272 0
6273 42
6274 26
6275 26
6276 26
6277 26
6278 0
6279 26
6280 0
6281 26
6282 25
6283 26
6284 0
6285 0
6286 26
6287 0
6288 0
6289 0
6290 26
6291 42
6292 29
6293 25
6294 27
6295 25
6296 0
6297 0
6298 55
6299 42
6300 26
6301 0
6302 26
6303 26
6304 26
6305 26
6306 0
6307 0
6308 25
6309 25
6310 0
6311 0
6312 42
6313 0
6314 0
6315 0
6316 57
6317 0
6318 26
6319 0
6320 0
6321 0
6322 0
6323 26
6324 26
6325 46
6326 0
6327 0
6328 42
6329 0
6330 71
6331 0
6332 26
6333 0
6334 0
6335 0
6336 0
6337 0
6338 0
6339 0
6340 50
6341 0
6342 0
6343 42
6344 0
6345 26
6346 0
6347 0
6348 26
6349 25
6350 26
6351 26
6352 43
6353 43
6354 55
6355 0
6356 0
6357 26
6358 43
6359 26
6360 37
6361 0
6362 0
6363 0
6364 26
6365 0
6366 43
6367 43
6368 0
6369 0
6370 26
6371 57
6372 25
6373 0
6374 26
6375 0
6376 0
6377 0
6378 0
6379 0
6380 26
6381 0
6382 0
6383 0
6384 0
6385 43
6386 0
6387 57
6388 0
6389 43
6390 0
6391 0
6392 0
6393 0
6394 0
6395 0
6396 0
6397 0
6398 26
6399 26
6400 26
6401 0
6402 0
6403 26
6404 27
6405 26
6406 57
6407 0
6408 26
6409 0
6410 26
6411 0
6412 0
6413 0
6414 0
6415 0
6416 0
6417 0
6418 0
6419 26
6420 26
6421 0
6422 0
6423 25
6424 0
6425 26
6426 0
6427 26
6428 0
6429 0
6430 0
6431 0
6432 0
6433 26
6434 0
6435 0
6436 0
6437 42
6438 0
6439 0
6440 0
6441 26
6442 26
6443 26
6444 0
6445 26
6446 0
6447 26
6448 0
6449 0
6450 0
6451 0
6452 0
6453 0
6454 0
6455 70
6456 0
6457 0
6458 25
6459 0
6460 26
6461 0
6462 0
6463 57
6464 0
6465 26
6466 0
6467 0
6468 25
6469 0
6470 0
6471 0
6472 0
6473 57
6474 0
6475 26
6476 0
6477 26
6478 0
6479 57
6480 26
6481 0
6482 0
6483 0
6484 25
6485 26
6486 0
6487 0
6488 0
6489 0
6490 26
6491 0
6492 0
6493 0
6494 26
6495 27
6496 0
6497 0
6498 57
6499 0
6500 0
6501 0
6502 0
6503 25
6504 0
6505 26
6506 0
6507 0
6508 0
6509 26
6510 0
6511 0
6512 0
6513 0
6514 0
6515 0
6516 27
6517 25
6518 0
6519 0
6520 0
6521 0
6522 26
6523 26
6524 26
6525 0
6526 0
6527 0
6528 25
6529 0
6530 0
6531 0
6532 0
6533 26
6534 0
6535 25
6536 44
6537 25
6538 26
6539 0
6540 26
6541 0
6542 26
6543 0
6544 44
6545 26
6546 25
6547 0
6548 26
6549 0
6550 0
6551 0
6552 0
6553 0
6554 0
6555 25
6556 0
6557 27
6558 0
6559 57
6560 26
6561 0
6562 44
6563 55
6564 55
6565 0
6566 27
6567 0
6568 26
6569 14
6570 27
6571 0
6572 26
6573 55
6574 55
6575 26
6576 44
6577 0
6578 0
6579 0
6580 0
6581 0
6582 26
6583 0
6584 0
6585 44
6586 0
6587 0
6588 44
6589 0
6590 26
6591 0
6592 0
6593 0
6594 25
6595 0
6596 0
6597 26
6598 0
6599 0
6600 26
6601 0
6602 26
6603 0
6604 27
6605 26
6606 0
6607 26
6608 0
6609 26
6610 26
6611 25
6612 26
6613 0
6614 0
6615 3
6616 26
6617 0
6618 0
6619 42
6620 0
6621 0
6622 0
6623 0
6624 71
6625 0
6626 0
6627 26
6628 0
6629 26
6630 26
6631 25
6632 0
6633 0
6634 0
6635 0
6636 0
6637 0
6638 0
6639 26
6640 0
6641 26
6642 26
6643 57
6644 26
6645 26
6646 0
6647 0
6648 0
6649 25
6650 0
6651 26
6652 0
6653 0
6654 0
6655 25
6656 0
6657 26
6658 0
6659 0
6660 0
6661 0
6662 0
6663 0
6664 26
6665 26
6666 0
6667 26
6668 22
6669 0
6670 57
6671 26
6672 0
6673 26
6674 25
6675 29
6676 0
6677 0
6678 0
6679 0
6680 0
6681 26
6682 25
6683 0
6684 0
6685 41
6686 26
6687 0
6688 0
6689 38
6690 57
6691 0
6692 57
6693 0
6694 0
6695 26
6696 0
6697 57
6698 0
6699 0
6700 55
6701 0
6702 26
6703 0
6704 26
6705 25
6706 27
6707 51
6708 0
6709 0
6710 0
6711 0
6712 26
6713 71
6714 0
6715 26
6716 0
6717 44
6718 26
6719 0
6720 0
6721 44
6722 0
6723 0
6724 0
6725 0
6726 0
6727 0
6728 26
6729 0
6730 0
6731 26
6732 0
6733 0
6734 0
6735 25
6736 0
6737 0
6738 0
6739 0
6740 25
6741 0
6742 0
6743 0
6744 26
6745 44
6746 0
6747 0
6748 0
6749 0
6750 26
6751 27
6752 26
6753 0
6754 0
6755 26
6756 0
6757 0
6758 44
6759 0
6760 45
6761 26
6762 26
6763 46
6764 26
6765 0
6766 0
6767 0
6768 25
6769 0
6770 0
6771 0
6772 46
6773 46
6774 0
6775 26
6776 0
6777 0
6778 0
6779 14
6780 0
6781 25
6782 39
6783 0
6784 0
6785 0
6786 0
6787 0
6788 26
6789 0
6790 0
6791 0
6792 25
6793 26
6794 26
6795 25
6796 0
6797 26
6798 0
6799 0
6800 0
6801 55
6802 0
6803 0
6804 0
6805 0
6806 0
6807 26
6808 0
6809 0
6810 0
6811 0
6812 0
6813 0
6814 26
6815 0
6816 0
6817 26
6818 0
6819 0
6820 47
6821 47
6822 0
6823 0
6824 26
6825 0
6826 0
6827 26
6828 25
6829 0
6830 26
6831 27
6832 0
6833 0
6834 26
6835 26
6836 70
6837 26
6838 0
6839 26
6840 0
6841 44
6842 17
6843 57
6844 0
6845 0
6846 48
6847 0
6848 25
6849 26
6850 26
6851 0
6852 0
6853 0
6854 0
6855 49
6856 0
6857 45
6858 0
6859 0
6860 0
6861 0
6862 0
6863 0
6864 0
6865 49
6866 27
6867 0
6868 26
6869 25
6870 0
6871 0
6872 26
6873 26
6874 24
6875 26
6876 26
6877 26
6878 0
6879 26
6880 0
6881 0
6882 0
6883 0
6884 0
6885 28
6886 0
6887 0
6888 0
6889 0
6890 0
6891 0
6892 49
6893 0
6894 0
6895 0
6896 57
6897 0
6898 0
6899 57
6900 0
6901 26
6902 0
6903 0
6904 25
6905 68
6906 0
6907 26
6908 57
6909 0
6910 26
6911 50
6912 0
6913 50
6914 0
6915 0
6916 26
6917 0
6918 0
6919 26
6920 0
6921 27
6922 0
6923 0
6924 0
6925 0
6926 26
6927 0
6928 26
6929 0
6930 0
6931 26
6932 0
6933 0
6934 26
6935 55
6936 0
6937 0
6938 63
6939 26
6940 0
6941 0
6942 0
6943 0
6944 0
6945 26
6946 0
6947 0
6948 0
6949 0
6950 0
6951 0
6952 25
6953 26
6954 26
6955 0
6956 0
6957 26
6958 0
6959 0
6960 57
6961 0
6962 57
6963 0
6964 0
6965 0
6966 0
6967 0
6968 0
6969 25
6970 0
6971 26
6972 0
6973 26
6974 0
6975 0
6976 55
6977 0
6978 0
6979 0
6980 26
6981 0
6982 0
6983 50
6984 26
6985 0
6986 26
6987 26
6988 0
6989 26
6990 0
6991 26
6992 0
6993 0
6994 0
6995 0
6996 0
6997 26
6998 0
6999 0
7000 26
7001 0
7002 27
7003 26
7004 0
7005 50
7006 0
7007 70
7008 0
7009 0
7010 0
7011 0
7012 0
7013 28
7014 26
7015 0
7016 0
7017 55
7018 26
7019 26
7020 26
7021 57
7022 0
7023 0
7024 0
7025 0
7026 26
7027 51
7028 0
7029 0
7030 55
7031 0
7032 26
7033 39
7034 26
7035 67
7036 0
7037 0
7038 0
7039 27
7040 0
7041 26
7042 26
7043 0
7044 0
7045 26
7046 0
7047 51
7048 0
7049 0
7050 25
7051 0
7052 0
7053 27
7054 0
7055 25
7056 38
7057 55
7058 11
7059 0
7060 57
7061 27
7062 63
7063 0
7064 26
7065 0
7066 0
7067 25
7068 26
7069 51
7070 0
7071 0
7072 0
7073 26
7074 0
7075 0
7076 26
7077 0
7078 26
7079 0
7080 26
7081 0
7082 0
7083 0
7084 0
7085 51
7086 37
7087 52
7088 52
7089 26
7090 0
7091 0
7092 26
7093 0
7094 0
7095 0
7096 0
7097 0
7098 0
7099 0
7100 0
7101 0
7102 26
7103 57
7104 0
7105 25
7106 57
7107 0
7108 44
7109 0
7110 0
7111 26
7112 26
7113 0
7114 26
7115 26
7116 0
7117 0
7118 52
7119 26
7120 26
7121 0
7122 0
7123 0
7124 26
7125 0
7126 26
7127 0
7128 26
7129 0
7130 26
7131 0
7132 0
7133 57
7134 0
7135 28
7136 15
7137 0
7138 26
7139 0
7140 26
7141 27
7142 26
7143 26
7144 0
7145 0
7146 52
7147 0
7148 26
7149 26
7150 0
7151 27
7152 0
7153 0
7154 0
7155 0
7156 0
7157 57
7158 27
7159 0
7160 26
7161 26
7162 57
7163 0
7164 26
7165 26
7166 0
7167 26
7168 26
7169 0
7170 26
7171 26
7172 26
7173 27
7174 26
7175 26
7176 0
7177 0
7178 55
7179 0
7180 26
7181 26
7182 0
7183 26
7184 25
7185 0
7186 27
7187 52
7188 0
7189 0
7190 0
7191 0
7192 27
7193 0
7194 0
7195 0
7196 26
7197 26
7198 26
7199 0
7200 57
7201 0
7202 0
7203 0
7204 27
7205 0
7206 0
7207 0
7208 26
7209 0
7210 0
7211 38
7212 0
7213 0
7214 0
7215 53
7216 0
7217 57
7218 0
7219 53
7220 26
7221 25
7222 0
7223 0
7224 0
7225 26
7226 27
7227 26
7228 55
7229 26
7230 0
7231 27
7232 0
7233 53
7234 26
7235 27
7236 0
7237 0
7238 0
7239 0
7240 0
7241 57
7242 0
7243 0
7244 25
7245 25
7246 53
7247 0
7248 27
7249 27
7250 27
7251 26
7252 0
7253 0
7254 26
7255 26
7256 53
7257 26
7258 0
7259 53
7260 26
7261 38
7262 0
7263 0
7264 26
7265 57
7266 39
7267 66
7268 26
7269 27
7270 26
7271 26
7272 0
7273 26
7274 26
7275 25
7276 57
7277 0
7278 27
7279 0
7280 0
7281 0
7282 26
7283 42
7284 26
7285 26
7286 26
7287 0
7288 25
7289 26
7290 0
7291 26
7292 26
7293 0
7294 0
7295 0
7296 0
7297 0
7298 0
7299 26
7300 0
7301 26
7302 26
7303 44
7304 0
7305 53
7306 0
7307 44
7308 26
7309 26
7310 0
7311 0
7312 0
7313 0
7314 26
7315 26
7316 0
7317 0
7318 0
7319 0
7320 27
7321 0
7322 0
7323 0
7324 26
7325 57
7326 26
7327 0
7328 26
7329 26
7330 0
7331 26
7332 0
7333 0
7334 0
7335 0
7336 0
7337 26
7338 0
7339 0
7340 0
7341 0
7342 26
7343 25
7344 0
7345 0
7346 0
7347 57
7348 0
7349 0
7350 0
7351 26
7352 57
7353 0
7354 0
7355 26
7356 26
7357 26
7358 0
7359 0
7360 0
7361 0
7362 0
7363 0
7364 53
7365 57
7366 26
7367 57
7368 26
7369 26
7370 0
7371 0
7372 0
7373 28
7374 0
7375 0
7376 0
7377 0
7378 26
7379 0
7380 0
7381 26
7382 0
7383 57
7384 0
7385 0
7386 0
7387 0
7388 0
7389 0
7390 26
7391 0
7392 0
7393 25
7394 29
7395 0
7396 0
7397 0
7398 26
7399 0
7400 26
7401 26
7402 0
7403 0
7404 0
7405 26
7406 0
7407 0
7408 53
7409 0
7410 0
7411 0
7412 26
7413 26
7414 26
7415 0
7416 26
7417 26
7418 0
7419 0
7420 0
7421 26
7422 0
7423 26
7424 26
7425 0
7426 0
7427 0
7428 0
7429 26
7430 0
7431 0
7432 55
7433 0
7434 26
7435 0
7436 0
7437 0
7438 0
7439 0
7440 0
7441 0
7442 27
7443 0
7444 0
7445 0
7446 0
7447 26
7448 0
7449 0
7450 0
7451 0
7452 0
7453 0
7454 0
7455 0
7456 0
7457 0
7458 26
7459 0
7460 26
7461 0
7462 0
7463 0
7464 0
7465 0
7466 0
7467 26
7468 25
7469 0
7470 0
7471 25
7472 55
7473 0
7474 26
7475 27
7476 26
7477 0
7478 27
7479 0
7480 0
7481 0
7482 26
7483 38
7484 0
7485 26
7486 0
7487 0
7488 0
7489 26
7490 0
7491 0
7492 0
7493 26
7494 26
7495 0
7496 26
7497 0
7498 0
7499 26
7500 26
7501 26
7502 27
7503 26
7504 3
7505 0
7506 0
7507 0
7508 26
7509 0
7510 26
7511 0
7512 53
7513 0
7514 0
7515 0
7516 3
7517 0
7518 26
7519 0
7520 28
7521 0
7522 0
7523 0
7524 26
7525 0
7526 0
7527 39
7528 0
7529 0
7530 26
7531 0
7532 0
7533 26
7534 0
7535 53
7536 0
7537 53
7538 0
7539 0
7540 25
7541 26
7542 0
7543 0
7544 53
7545 25
7546 0
7547 0
7548 0
7549 26
7550 0
7551 0
7552 0
7553 0
7554 0
7555 0
7556 0
7557 0
7558 26
7559 0
7560 0
7561 0
7562 0
7563 26
7564 26
7565 38
7566 0
7567 0
7568 0
7569 26
7570 3
7571 26
7572 0
7573 27
7574 57
7575 0
7576 0
7577 0
7578 0
7579 0
7580 26
7581 0
7582 27
7583 26
7584 0
7585 26
7586 26
7587 25
7588 25
7589 0
7590 0
7591 26
7592 0
7593 26
7594 26
7595 55
7596 0
7597 0
7598 0
7599 0
7600 0
7601 0
7602 0
7603 0
7604 0
7605 57
7606 0
7607 0
7608 0
7609 0
7610 26
7611 0
7612 0
7613 25
7614 0
7615 0
7616 26
7617 0
7618 27
7619 26
7620 0
7621 27
7622 26
7623 38
7624 26
7625 26
7626 0
7627 26
7628 44
7629 25
7630 0
7631 55
7632 0
7633 0
7634 0
7635 55
7636 26
7637 0
7638 0
7639 0
7640 57
7641 26
7642 26
7643 26
7644 0
7645 0
7646 42
7647 26
7648 0
7649 0
7650 0
7651 26
7652 26
7653 26
7654 26
7655 55
7656 0
7657 26
7658 26
7659 0
7660 26
7661 27
7662 26
7663 0
7664 26
7665 26
7666 0
7667 42
7668 26
7669 0
7670 0
7671 26
7672 0
7673 0
7674 57
7675 0
7676 53
7677 25
7678 0
7679 0
7680 26
7681 57
7682 0
7683 0
7684 26
7685 70
7686 0
7687 25
7688 0
7689 0
7690 0
7691 0
7692 0
7693 0
7694 0
7695 26
7696 27
7697 0
7698 41
7699 0
7700 26
7701 0
7702 0
7703 26
7704 57
7705 25
7706 0
7707 0
7708 26
7709 0
7710 26
7711 0
7712 0
7713 0
7714 0
7715 0
7716 25
7717 26
7718 0
7719 0
7720 0
7721 26
7722 0
7723 0
7724 0
7725 0
7726 0
7727 0
7728 26
7729 57
7730 0
7731 0
7732 0
7733 57
7734 26
7735 26
7736 26
7737 0
7738 0
7739 0
7740 0
7741 0
7742 0
7743 0
7744 26
7745 26
7746 0
7747 0
7748 0
7749 0
7750 26
7751 0
7752 0
7753 29
7754 25
7755 67
7756 26
7757 0
7758 26
7759 0
7760 0
7761 53
7762 0
7763 26
7764 0
7765 0
7766 25
7767 25
7768 0
7769 0
7770 26
7771 0
7772 26
7773 0
7774 0
7775 29
7776 38
7777 1
7778 0
7779 38
7780 0
7781 0
7782 0
7783 0
7784 0
7785 0
7786 0
7787 0
7788 63
7789 0
7790 0
7791 26
7792 24
7793 64
7794 0
7795 0
7796 0
7797 0
7798 57
7799 0
7800 25
7801 0
7802 0
7803 26
7804 0
7805 26
7806 27
7807 0
7808 26
7809 26
7810 25
7811 0
7812 0
7813 55
7814 0
7815 38
7816 0
7817 0
7818 0
7819 26
7820 0
7821 26
7822 0
7823 0
7824 55
7825 0
7826 55
7827 0
7828 55
7829 0
7830 26
7831 0
7832 0
7833 0
7834 29
7835 26
7836 57
7837 0
7838 26
7839 57
7840 27
7841 25
7842 26
7843 3
7844 0
7845 0
7846 26
7847 0
7848 57
7849 26
7850 0
7851 55
7852 0
7853 25
7854 26
7855 0
7856 0
7857 26
7858 0
7859 0
7860 0
7861 26
7862 0
7863 0
7864 0
7865 0
7866 55
7867 0
7868 26
7869 0
7870 26
7871 0
7872 0
7873 55
7874 0
7875 0
7876 0
7877 0
7878 0
7879 25
7880 0
7881 0
7882 0
7883 0
7884 0
7885 26
7886 0
7887 26
7888 26
7889 0
7890 26
7891 26
7892 0
7893 0
7894 0
7895 0
7896 0
7897 26
7898 0
7899 0
7900 26
7901 0
7902 0
7903 0
7904 55
7905 25
7906 0
7907 26
7908 0
7909 39
7910 26
7911 0
7912 26
7913 0
7914 0
7915 0
7916 26
7917 0
7918 0
7919 0
7920 26
7921 25
7922 26
7923 0
7924 66
7925 26
7926 0
7927 0
7928 0
7929 0
7930 26
7931 26
7932 0
7933 0
7934 0
7935 0
7936 0
7937 0
7938 57
7939 0
7940 26
7941 0
7942 25
7943 0
7944 0
7945 26
7946 0
7947 25
7948 0
7949 26
7950 0
7951 38
7952 0
7953 26
7954 27
7955 0
7956 0
7957 26
7958 0
7959 0
7960 26
7961 26
7962 26
7963 0
7964 35
7965 25
7966 0
7967 26
7968 0
7969 0
7970 26
7971 0
7972 26
7973 0
7974 0
7975 26
7976 0
7977 0
7978 26
7979 57
7980 26
7981 26
7982 0
7983 26
7984 26
7985 0
7986 0
7987 0
7988 0
7989 41
7990 0
7991 25
7992 0
7993 0
7994 0
7995 26
7996 26
7997 0
7998 0
7999 41
8000 55
8001 0
8002 57
8003 0
8004 26
8005 26
8006 0
8007 0
8008 26
8009 0
8010 56
8011 29
8012 56
8013 0
8014 0
8015 26
8016 57
8017 56
8018 0
8019 0
8020 25
8021 26
8022 0
8023 0
8024 0
8025 0
8026 26
8027 0
8028 0
8029 0
8030 0
8031 26
8032 0
8033 26
8034 3
8035 0
8036 35
8037 0
8038 0
8039 26
8040 0
8041 0
8042 0
8043 0
8044 26
8045 0
8046 26
8047 0
8048 26
8049 0
8050 26
8051 27
8052 25
8053 26
8054 26
8055 0
8056 0
8057 56
8058 0
8059 0
8060 0
8061 26
8062 0
8063 0
8064 0
8065 0
8066 57
8067 25
8068 0
8069 26
8070 57
8071 0
8072 26
8073 26
8074 0
8075 0
8076 0
8077 26
8078 26
8079 57
8080 27
8081 26
8082 0
8083 0
8084 0
8085 26
8086 0
8087 25
8088 26
8089 0
8090 26
8091 0
8092 27
8093 0
8094 0
8095 0
8096 57
8097 0
8098 0
8099 0
8100 0
8101 25
8102 0
8103 0
8104 0
8105 26
8106 26
8107 0
8108 0
8109 57
8110 0
8111 26
8112 0
8113 67
8114 63
8115 0
8116 57
8117 42
8118 0
8119 0
8120 0
8121 0
8122 0
8123 26
8124 0
8125 25
8126 0
8127 26
8128 27
8129 26
8130 0
8131 26
8132 0
8133 26
8134 0
8135 26
8136 0
8137 25
8138 26
8139 0
8140 0
8141 0
8142 0
8143 0
8144 0
8145 29
8146 26
8147 0
8148 0
8149 0
8150 26
8151 0
8152 26
8153 0
8154 0
8155 67
8156 0
8157 0
8158 0
8159 0
8160 0
8161 0
8162 0
8163 0
8164 0
8165 0
8166 0
8167 26
8168 26
8169 0
8170 26
8171 55
8172 0
8173 26
8174 0
8175 0
8176 0
8177 57
8178 0
8179 26
8180 26
8181 27
8182 0
8183 0
8184 26
8185 26
8186 41
8187 25
8188 26
8189 57
8190 26
8191 0
8192 0
8193 26
8194 26
8195 26
8196 26
8197 0
8198 25
8199 0
8200 0
8201 0
8202 0
8203 0
8204 26
8205 0
8206 26
8207 25
8208 0
8209 0
8210 26
8211 0
8212 26
8213 0
8214 0
8215 26
8216 0
8217 0
8218 26
8219 0
8220 26
8221 57
8222 0
8223 27
8224 26
8225 57
8226 0
8227 26
8228 0
8229 0
8230 0
8231 0
8232 51
8233 40
8234 0
8235 0
8236 0
8237 26
8238 26
8239 0
8240 0
8241 0
8242 26
8243 0
8244 0
8245 0
8246 57
8247 26
8248 39
8249 0
8250 26
8251 0
8252 26
8253 0
8254 0
8255 26
8256 26
8257 28
8258 0
8259 57
8260 0
8261 26
8262 37
8263 0
8264 0
8265 26
8266 25
8267 0
8268 0
8269 0
8270 25
8271 57
8272 0
8273 0
8274 26
8275 0
8276 26
8277 0
8278 0
8279 0
8280 0
8281 57
8282 0
8283 0
8284 26
8285 26
8286 26
8287 0
8288 0
8289 0
8290 26
8291 0
8292 0
8293 57
8294 0
8295 0
8296 26
8297 0
8298 0
8299 57
8300 26
8301 0
8302 0
8303 42
8304 26
8305 26
8306 0
8307 0
8308 13
8309 26
8310 0
8311 0
8312 26
8313 0
8314 0
8315 0
8316 0
8317 0
8318 0
8319 26
8320 0
8321 26
8322 0
8323 0
8324 0
8325 26
8326 0
8327 26
8328 0
8329 26
8330 0
8331 26
8332 0
8333 26
8334 0
8335 0
8336 0
8337 0
8338 0
8339 0
8340 0
8341 0
8342 0
8343 0
8344 24
8345 0
8346 42
8347 0
8348 26
8349 0
8350 0
8351 0
8352 0
8353 0
8354 26
8355 57
8356 26
8357 26
8358 26
8359 57
8360 0
8361 0
8362 26
8363 26
8364 0
8365 0
8366 0
8367 0
8368 0
8369 0
8370 0
8371 0
8372 0
8373 0
8374 0
8375 26
8376 0
8377 26
8378 26
8379 0
8380 0
8381 0
8382 0
8383 0
8384 0
8385 0
8386 0
8387 0
8388 57
8389 0
8390 26
8391 0
8392 57
8393 0
8394 0
8395 0
8396 0
8397 55
8398 0
8399 26
8400 0
8401 0
8402 0
8403 26
8404 0
8405 26
8406 25
8407 0
8408 26
8409 26
8410 26
8411 26
8412 26
8413 57
8414 42
8415 0
8416 57
8417 26
8418 0
8419 26
8420 26
8421 26
8422 42
8423 39
8424 0
8425 0
8426 26
8427 26
8428 0
8429 26
8430 26
8431 0
8432 0
8433 26
8434 0
8435 26
8436 26
8437 0
8438 26
8439 26
8440 0
8441 34
8442 37
8443 57
8444 0
8445 0
8446 0
8447 52
8448 0
8449 25
8450 0
8451 0
8452 0
8453 26
8454 0
8455 0
8456 0
8457 0
8458 26
8459 27
8460 0
8461 27
8462 0
8463 26
8464 26
8465 21
8466 0
8467 0
8468 26
8469 0
8470 0
8471 0
8472 0
8473 0
8474 0
8475 0
8476 0
8477 0
8478 42
8479 0
8480 26
8481 0
8482 0
8483 0
8484 39
8485 0
8486 0
8487 0
8488 25
8489 0
8490 0
8491 26
8492 0
8493 26
8494 26
8495 0
8496 0
8497 42
8498 0
8499 0
8500 0
8501 0
8502 0
8503 0
8504 0
8505 0
8506 0
8507 0
8508 0
8509 0
8510 0
8511 26
8512 52
8513 25
8514 0
8515 25
8516 55
8517 26
8518 0
8519 0
8520 26
8521 57
8522 0
8523 27
8524 57
8525 0
8526 0
8527 0
8528 25
8529 26
8530 0
8531 26
8532 0
8533 0
8534 0
8535 0
8536 0
8537 42
8538 0
8539 28
8540 0
8541 26
8542 0
8543 0
8544 0
8545 25
8546 26
8547 26
8548 26
8549 0
8550 26
8551 0
8552 0
8553 0
8554 0
8555 0
8556 0
8557 26
8558 0
8559 55
8560 0
8561 0
8562 0
8563 0
8564 25
8565 0
8566 25
8567 25
8568 0
8569 26
8570 27
8571 26
8572 0
8573 26
8574 0
8575 26
8576 0
8577 26
8578 25
8579 26
8580 39
8581 56
8582 26
8583 0
8584 0
8585 0
8586 0
8587 0
8588 0
8589 71
8590 0
8591 0
8592 63
8593 0
8594 26
8595 57
8596 0
8597 0
8598 26
8599 55
8600 0
8601 25
8602 26
8603 0
8604 0
8605 0
8606 26
8607 26
8608 26
8609 26
8610 0
8611 0
8612 26
8613 41
8614 26
8615 0
8616 0
8617 62
8618 26
8619 57
8620 26
8621 0
8622 0
8623 0
8624 0
8625 26
8626 26
8627 0
8628 0
8629 29
8630 26
8631 0
8632 26
8633 0
8634 0
8635 26
8636 26
8637 26
8638 57
8639 0
8640 26
8641 0
8642 26
8643 0
8644 26
8645 26
8646 26
8647 0
8648 26
8649 0
8650 26
8651 26
8652 26
8653 26
8654 26
8655 0
8656 0
8657 0
8658 0
8659 0
8660 0
8661 0
8662 26
8663 0
8664 0
8665 26
8666 0
8667 26
8668 26
8669 0
8670 26
8671 43
8672 0
8673 26
8674 0
8675 26
8676 0
8677 26
8678 26
8679 26
8680 0
8681 0
8682 26
8683 0
8684 0
8685 0
8686 0
8687 0
8688 26
8689 26
8690 26
8691 26
8692 0
8693 25
8694 0
8695 0
8696 0
8697 26
8698 26
8699 0
8700 0
8701 26
8702 0
8703 57
8704 26
8705 26
8706 0
8707 0
8708 26
8709 26
8710 26
8711 26
8712 0
8713 0
8714 0
8715 0
8716 0
8717 26
8718 26
8719 0
8720 0
8721 0
8722 26
8723 26
8724 0
8725 26
8726 0
8727 26
8728 26
8729 25
8730 0
8731 0
8732 0
8733 26
8734 0
8735 0
8736 42
8737 26
8738 25
8739 0
8740 0
8741 0
8742 0
8743 26
8744 0
8745 0
8746 0
8747 25
8748 0
8749 26
8750 0
8751 0
8752 0
8753 0
8754 25
8755 0
8756 57
8757 57
8758 38
8759 26
8760 0
8761 0
8762 26
8763 0
8764 55
8765 57
8766 0
8767 0
8768 25
8769 0
8770 0
8771 0
8772 26
8773 26
8774 0
8775 0
8776 51
8777 0
8778 0
8779 0
8780 25
8781 0
8782 0
8783 57
8784 25
8785 0
8786 0
8787 26
8788 0
8789 0
8790 0
8791 26
8792 0
8793 26
8794 0
8795 26
8796 25
8797 0
8798 0
8799 0
8800 26
8801 0
8802 0
8803 26
8804 0
8805 26
8806 53
8807 26
8808 25
8809 0
8810 0
8811 27
8812 0
8813 57
8814 0
8815 0
8816 0
8817 26
8818 0
8819 0
8820 52
8821 0
8822 0
8823 0
8824 26
8825 0
8826 0
8827 0
8828 57
8829 0
8830 26
8831 57
8832 49
8833 57
8834 25
8835 0
8836 0
8837 0
8838 26
8839 0
8840 26
8841 0
8842 26
8843 26
8844 26
8845 25
8846 26
8847 53
8848 58
8849 0
8850 25
8851 0
8852 26
8853 26
8854 26
8855 0
8856 0
8857 26
8858 0
8859 0
8860 0
8861 26
8862 0
8863 26
8864 0
8865 0
8866 0
8867 0
8868 0
8869 0
8870 0
8871 0
8872 0
8873 0
8874 0
8875 27
8876 0
8877 25
8878 0
8879 26
8880 0
8881 26
8882 70
8883 26
8884 0
8885 55
8886 0
8887 0
8888 26
8889 0
8890 26
8891 26
8892 0
8893 0
8894 0
8895 55
8896 0
8897 0
8898 0
8899 0
8900 0
8901 26
8902 0
8903 25
8904 0
8905 0
8906 0
8907 0
8908 58
8909 59
8910 0
8911 59
8912 0
8913 0
8914 57
8915 0
8916 0
8917 0
8918 0
8919 0
8920 26
8921 0
8922 25
8923 59
8924 0
8925 26
8926 0
8927 0
8928 0
8929 50
8930 26
8931 0
8932 0
8933 0
8934 27
8935 0
8936 0
8937 27
8938 26
8939 0
8940 0
8941 0
8942 59
8943 26
8944 26
8945 29
8946 0
8947 25
8948 0
8949 26
8950 26
8951 0
8952 27
8953 0
8954 26
8955 60
8956 0
8957 26
8958 0
8959 0
8960 0
8961 26
8962 55
8963 0
8964 26
8965 26
8966 25
8967 0
8968 26
8969 0
8970 0
8971 0
8972 0
8973 28
8974 0
8975 0
8976 0
8977 3
8978 0
8979 26
8980 67
8981 0
8982 0
8983 0
8984 0
8985 0
8986 27
8987 35
8988 26
8989 26
8990 25
8991 26
8992 36
8993 0
8994 24
8995 26
8996 0
8997 0
8998 0
8999 26
9000 0
9001 57
9002 0
9003 0
9004 0
9005 26
9006 26
9007 26
9008 0
9009 0
9010 0
9011 60
9012 0
9013 0
9014 0
9015 26
9016 0
9017 0
9018 26
9019 26
9020 0
9021 26
9022 26
9023 0
9024 25
9025 0
9026 0
9027 0
9028 26
9029 0
9030 0
9031 0
9032 0
9033 0
9034 26
9035 0
9036 0
9037 0
9038 26
9039 26
9040 26
9041 26
9042 0
9043 26
9044 26
9045 0
9046 26
9047 26
9048 0
9049 26
9050 26
9051 0
9052 0
9053 26
9054 0
9055 0
9056 0
9057 57
9058 25
9059 26
9060 51
9061 26
9062 0
9063 26
9064 0
9065 0
9066 26
9067 0
9068 26
9069 26
9070 55
9071 55
9072 0
9073 26
9074 57
9075 27
9076 57
9077 25
9078 26
9079 57
9080 27
9081 26
9082 0
9083 0
9084 0
9085 0
9086 57
9087 0
9088 27
9089 0
9090 0
9091 25
9092 0
9093 57
9094 26
9095 0
9096 0
9097 0
9098 0
9099 26
9100 25
9101 0
9102 0
9103 24
9104 0
9105 0
9106 0
9107 0
9108 0
9109 0
9110 0
9111 0
9112 0
9113 0
9114 0
9115 0
9116 0
9117 0
9118 26
9119 0
9120 0
9121 0
9122 0
9123 0
9124 0
9125 0
9126 26
9127 0
9128 0
9129 26
9130 0
9131 0
9132 0
9133 25
9134 0
9135 0
9136 0
9137 0
9138 26
9139 56
9140 0
9141 0
9142 0
9143 0
9144 0
9145 26
9146 27
9147 26
9148 0
9149 0
9150 0
9151 57
9152 0
9153 0
9154 0
9155 25
9156 0
9157 0
9158 0
9159 55
9160 26
9161 0
9162 0
9163 0
9164 26
9165 26
9166 25
9167 26
9168 0
9169 0
9170 25
9171 26
9172 51
9173 25
9174 0
9175 26
9176 26
9177 0
9178 26
9179 0
9180 0
9181 0
9182 53
9183 0
9184 25
9185 0
9186 0
9187 25
9188 57
9189 62
9190 0
9191 0
9192 0
9193 0
9194 25
9195 0
9196 0
9197 0
9198 26
9199 57
9200 0
9201 26
9202 26
9203 0
9204 0
9205 0
9206 0
9207 57
9208 27
9209 0
9210 27
9211 26
9212 0
9213 25
9214 0
9215 0
9216 27
9217 0
9218 0
9219 25
9220 57
9221 0
9222 25
9223 26
9224 27
9225 0
9226 0
9227 0
9228 0
9229 0
9230 26
9231 0
9232 0
9233 0
9234 0
9235 26
9236 0
9237 0
9238 26
9239 0
9240 0
9241 26
9242 26
9243 0
9244 26
9245 26
9246 35
9247 53
9248 26
9249 25
9250 0
9251 57
9252 0
9253 0
9254 26
9255 0
9256 25
9257 0
9258 0
9259 26
9260 0
9261 26
9262 26
9263 0
9264 26
9265 25
9266 62
9267 26
9268 0
9269 0
9270 0
9271 0
9272 0
9273 0
9274 25
9275 0
9276 0
9277 26
9278 0
9279 0
9280 26
9281 26
9282 0
9283 62
9284 26
9285 0
9286 0
9287 0
9288 0
9289 29
9290 0
9291 26
9292 0
9293 0
9294 27
9295 0
9296 0
9297 0
9298 0
9299 0
9300 0
9301 0
9302 0
9303 26
9304 42
9305 26
9306 0
9307 26
9308 26
9309 0
9310 0
9311 0
9312 0
9313 26
9314 26
9315 0
9316 0
9317 0
9318 62
9319 0
9320 26
9321 0
9322 0
9323 0
9324 38
9325 62
9326 0
9327 62
9328 0
9329 26
9330 26
9331 0
9332 26
9333 0
9334 0
9335 0
9336 0
9337 0
9338 0
9339 27
9340 0
9341 25
9342 0
9343 26
9344 26
9345 0
9346 0
9347 0
9348 26
9349 0
9350 26
9351 0
9352 57
9353 0
9354 0
9355 25
9356 26
9357 0
9358 0
9359 0
9360 0
9361 0
9362 0
9363 0
9364 0
9365 0
9366 0
9367 26
9368 0
9369 27
9370 67
9371 0
9372 26
9373 0
9374 26
9375 0
9376 0
9377 26
9378 26
9379 29
9380 0
9381 26
9382 0
9383 0
9384 38
9385 26
9386 0
9387 26
9388 0
9389 0
9390 63
9391 0
9392 26
9393 25
9394 0
9395 0
9396 0
9397 0
9398 0
9399 26
9400 26
9401 0
9402 0
9403 0
9404 0
9405 3
9406 0
9407 0
9408 29
9409 0
9410 0
9411 26
9412 26
9413 26
9414 26
9415 0
9416 26
9417 26
9418 0
9419 0
9420 0
9421 25
9422 26
9423 26
9424 0
9425 0
9426 0
9427 0
9428 0
9429 0
9430 0
9431 26
9432 0
9433 0
9434 37
9435 26
9436 0
9437 0
9438 0
9439 26
9440 0
9441 71
9442 0
9443 26
9444 53
9445 63
9446 0
9447 57
9448 26
9449 0
9450 57
9451 25
9452 0
9453 26
9454 25
9455 0
9456 26
9457 0
9458 26
9459 0
9460 55
9461 55
9462 0
9463 0
9464 26
9465 0
9466 0
9467 26
9468 26
9469 0
9470 0
9471 0
9472 26
9473 0
9474 0
9475 0
9476 0
9477 0
9478 0
9479 0
9480 0
9481 0
9482 0
9483 26
9484 26
9485 26
9486 0
9487 0
9488 0
9489 26
9490 0
9491 25
9492 26
9493 0
9494 27
9495 0
9496 0
9497 26
9498 0
9499 0
9500 0
9501 0
9502 0
9503 0
9504 26
9505 25
9506 0
9507 26
9508 0
9509 27
9510 0
9511 0
9512 0
9513 0
9514 0
9515 0
9516 26
9517 26
9518 26
9519 0
9520 0
9521 0
9522 0
9523 0
9524 63
9525 0
9526 39
9527 63
9528 26
9529 57
9530 0
9531 0
9532 0
9533 63
9534 57
9535 0
9536 0
9537 0
9538 25
9539 0
9540 0
9541 0
9542 26
9543 0
9544 57
9545 0
9546 0
9547 25
9548 0
9549 0
9550 0
9551 57
9552 0
9553 25
9554 0
9555 26
9556 0
9557 0
9558 0
9559 26
9560 0
9561 0
9562 26
9563 26
9564 0
9565 0
9566 26
9567 0
9568 0
9569 0
9570 26
9571 0
9572 26
9573 26
9574 0
9575 0
9576 26
9577 0
9578 0
9579 26
9580 38
9581 0
9582 0
9583 0
9584 0
9585 26
9586 0
9587 0
9588 0
9589 0
9590 0
9591 26
9592 0
9593 57
9594 0
9595 0
9596 0
9597 25
9598 0
9599 0
9600 0
9601 0
9602 39
9603 0
9604 0
9605 26
9606 26
9607 25
9608 0
9609 26
9610 26
9611 27
9612 26
9613 0
9614 26
9615 0
9616 26
9617 0
9618 0
9619 2
9620 26
9621 39
9622 63
9623 26
9624 0
9625 0
9626 0
9627 7
9628 0
9629 0
9630 0
9631 26
9632 0
9633 0
9634 26
9635 26
9636 26
9637 26
9638 26
9639 26
9640 0
9641 57
9642 0
9643 0
9644 26
9645 26
9646 0
9647 0
9648 63
9649 57
9650 0
9651 26
9652 0
9653 26
9654 0
9655 26
9656 0
9657 26
9658 63
9659 0
9660 0
9661 57
9662 0
9663 0
9664 0
9665 0
9666 44
9667 0
9668 0
9669 26
9670 64
9671 0
9672 0
9673 0
9674 25
9675 0
9676 0
9677 26
9678 0
9679 0
9680 64
9681 64
9682 0
9683 68
9684 0
9685 0
9686 0
9687 0
9688 0
9689 0
9690 0
9691 0
9692 25
9693 0
9694 26
9695 0
9696 0
9697 0
9698 0
9699 27
9700 26
9701 26
9702 0
9703 57
9704 0
9705 0
9706 0
9707 0
9708 0
9709 0
9710 0
9711 0
9712 0
9713 0
9714 0
9715 26
9716 0
9717 0
9718 0
9719 0
9720 39
9721 57
9722 0
9723 26
9724 26
9725 0
9726 0
9727 0
9728 0
9729 0
9730 26
9731 0
9732 0
9733 0
9734 0
9735 26
9736 0
9737 26
9738 0
9739 27
9740 0
9741 26
9742 57
9743 26
9744 0
9745 42
9746 0
9747 26
9748 0
9749 0
9750 26
9751 26
9752 26
9753 0
9754 0
9755 38
9756 0
9757 26
9758 55
9759 38
9760 0
9761 66
9762 0
9763 0
9764 0
9765 67
9766 0
9767 26
9768 0
9769 0
9770 26
9771 0
9772 0
9773 26
9774 67
9775 68
9776 0
9777 0
9778 0
9779 0
9780 0
9781 26
9782 0
9783 26
9784 35
9785 0
9786 26
9787 0
9788 0
9789 0
9790 0
9791 51
9792 25
9793 0
9794 0
9795 0
9796 26
9797 0
9798 0
9799 0
9800 0
9801 0
9802 0
9803 0
9804 0
9805 26
9806 25
9807 0
9808 0
9809 0
9810 0
9811 0
9812 0
9813 26
9814 0
9815 0
9816 25
9817 0
9818 29
9819 0
9820 25
9821 26
9822 0
9823 57
9824 0
9825 26
9826 0
9827 0
9828 0
9829 0
9830 0
9831 26
9832 0
9833 26
9834 0
9835 0
9836 0
9837 26
9838 26
9839 26
9840 0
9841 0
9842 0
9843 26
9844 0
9845 0
9846 0
9847 26
9848 26
9849 26
9850 69
9851 0
9852 0
9853 0
9854 26
9855 0
9856 70
9857 25
9858 0
9859 0
9860 26
9861 25
9862 0
9863 0
9864 0
9865 26
9866 0
9867 26
9868 0
9869 70
9870 0
9871 57
9872 39
9873 0
9874 0
9875 0
9876 0
9877 0
9878 0
9879 26
9880 0
9881 0
9882 70
9883 26
9884 0
9885 0
9886 0
9887 0
9888 26
9889 0
9890 26
9891 0
9892 71
9893 26
9894 71
9895 0
9896 26
9897 0
9898 26
9899 26
9900 26
9901 26
9902 0
9903 26
9904 0
9905 0
9906 0
9907 0
9908 26
9909 26
9910 0
9911 0
9912 0
9913 26
9914 26
9915 0
9916 0
9917 0
9918 0
9919 26
9920 0
9921 26
9922 26
9923 25
9924 26
9925 26
9926 0
9927 0
9928 25
9929 25
9930 26
9931 26
9932 0
9933 26
9934 0
9935 26
9936 26
9937 39
9938 25
9939 46
9940 0
9941 0
9942 26
9943 0
9944 0
9945 25
9946 26
9947 0
9948 25
9949 57
9950 26
9951 0
9952 71
9953 26
9954 26
9955 0
9956 26
9957 0
9958 0
9959 39
9960 26
9961 0
9962 3
9963 0
9964 0
9965 0
9966 0
9967 0
9968 0
9969 0
9970 26
9971 0
9972 0
9973 26
9974 0
9975 0
9976 0
9977 57
9978 0
9979 0
9980 27
9981 55
9982 57
9983 25
9984 0
9985 25
9986 25
9987 26
9988 0
9989 0
9990 25
9991 0
9992 38
9993 0
9994 0
9995 0
9996 0
9997 25
9998 24
9999 38
10000 26
10001 0
10002 0
10003 27
10004 38
10005 0
10006 26
10007 25
10008 0
10009 0
10010 39
10011 38
10012 0
10013 0
10014 39
10015 35
10016 0
10017 26
10018 27
10019 0
10020 0
10021 39
10022 0
10023 26
10024 26
10025 68
10026 26
10027 0
10028 0
10029 0
10030 0
10031 0
10032 0
10033 0
10034 0
10035 0
10036 26
10037 0
10038 0
10039 26
10040 0
10041 26
10042 0
10043 0
10044 26
10045 26
10046 26
10047 0
10048 55
10049 0
10050 38
10051 0
10052 39
10053 0
10054 0
10055 0
10056 0
10057 0
10058 0
10059 0
10060 0
10061 25
10062 0
10063 39
10064 0
10065 0
10066 26
10067 26
10068 0
10069 26
10070 0
10071 0
10072 0
10073 39
10074 0
10075 26
10076 26
10077 25
10078 26
10079 0
10080 26
10081 25
10082 57
10083 0
10084 0
10085 26
10086 0
10087 0
10088 0
10089 0
10090 26
10091 39
10092 0
10093 26
10094 26
10095 0
10096 0
10097 0
10098 27
10099 0
10100 0
10101 57
10102 0
10103 26
10104 60
10105 0
10106 0
10107 0
10108 0
10109 26
10110 0
10111 16
10112 0
10113 26
10114 0
10115 0
10116 39
10117 0
10118 26
10119 0
10120 0
10121 0
10122 26
10123 0
10124 0
10125 26
10126 26
10127 0
10128 26
10129 0
10130 0
10131 0
10132 26
10133 0
10134 0
10135 0
10136 44
10137 27
10138 42
10139 25
10140 0
10141 0
10142 0
10143 39
10144 0
10145 39
10146 25
10147 0
10148 26
10149 0
10150 26
10151 0
10152 26
10153 0
10154 0
10155 0
10156 0
10157 0
10158 0
10159 0
10160 0
10161 0
10162 27
10163 0
10164 26
10165 0
10166 0
10167 26
10168 26
10169 0
10170 0
10171 0
10172 0
10173 25
10174 26
10175 0
10176 0
10177 0
10178 0
10179 25
10180 0
10181 26
10182 0
10183 39
10184 26
10185 29
10186 39
10187 0
10188 25
10189 0
10190 0
10191 39
10192 26
10193 0
10194 0
10195 0
10196 26
10197 27
10198 0
10199 39
10200 0
10201 0
10202 26
10203 0
10204 0
10205 0
10206 26
10207 0
10208 26
10209 0
10210 0
10211 25
10212 0
10213 26
10214 26
10215 0
10216 26
10217 0
10218 57
10219 0
10220 0
10221 25
10222 3
10223 0
10224 0
10225 25
10226 0
10227 57
10228 0
10229 39
10230 39
10231 26
10232 0
10233 0
10234 0
10235 0
10236 0
10237 0
10238 0
10239 25
10240 41
10241 0
10242 0
10243 0
10244 26
10245 0
10246 0
10247 25
10248 0
10249 0
10250 0
10251 28
10252 57
10253 0
10254 26
10255 0
10256 26
10257 0
10258 0
10259 0
10260 26
10261 26
10262 0
10263 26
10264 0
10265 26
10266 39
10267 67
10268 26
10269 25
10270 57
10271 26
10272 0
10273 0
10274 0
10275 0
10276 0
10277 26
10278 26
10279 26
10280 6
10281 0
10282 0
10283 26
10284 0
10285 26
10286 26
10287 26
10288 0
10289 0
10290 0
10291 0
10292 26
10293 39
10294 25
10295 0
10296 0
10297 0
10298 0
10299 26
10300 0
10301 26
10302 0
10303 0
10304 0
10305 0
10306 0
10307 39
10308 43
10309 26
10310 0
10311 0
10312 0
10313 0
10314 0
10315 0
10316 0
10317 26
10318 0
10319 26
10320 0
10321 26
10322 26
10323 25
10324 0
10325 0
10326 29
10327 26
10328 25
10329 26
10330 0
10331 25
10332 0
10333 0
10334 0
10335 26
10336 26
10337 26
10338 0
10339 0
10340 0
10341 0
10342 25
10343 53
10344 0
10345 0
10346 0
10347 0
10348 0
10349 0
10350 0
10351 26
10352 26
10353 26
10354 0
10355 26
10356 26
10357 0
10358 0
10359 0
10360 26
10361 0
10362 0
10363 25
10364 26
10365 0
10366 27
10367 26
10368 26
10369 0
10370 0
10371 0
10372 39
10373 0
10374 0
10375 63
10376 0
10377 0
10378 0
10379 25
10380 26
10381 25
10382 26
10383 0
10384 26
10385 0
10386 0
10387 26
10388 27
10389 26
10390 0
10391 0
10392 0
10393 0
10394 0
10395 0
10396 0
10397 25
10398 26
10399 26
10400 26
10401 55
10402 26
10403 26
10404 0
10405 26
10406 0
10407 0
10408 57
10409 0
10410 26
10411 0
10412 42
10413 0
10414 0
10415 0
10416 0
10417 0
10418 0
10419 0
10420 0
10421 0
10422 0
10423 0
10424 39
10425 0
10426 0
10427 26
10428 0
10429 43
10430 0
10431 0
10432 35
10433 35
10434 0
10435 0
10436 26
10437 0
10438 0
10439 0
10440 0
10441 0
10442 0
10443 0
10444 42
10445 26
10446 0
10447 39
10448 39
10449 0
10450 0
10451 0
10452 0
10453 0
10454 27
10455 55
10456 26
10457 0
10458 0
10459 0
10460 0
10461 27
10462 42
10463 0
10464 25
10465 0
10466 1
10467 0
10468 0
10469 0
10470 25
10471 0
10472 0
10473 27
10474 26
10475 26
10476 0
10477 26
10478 0
10479 26
10480 27
10481 0
10482 0
10483 0
10484 0
10485 55
10486 0
10487 26
10488 26
10489 57
10490 57
10491 55
10492 0
10493 27
10494 0
10495 0
10496 0
10497 57
10498 26
10499 0
10500 57
10501 57
10502 26
10503 0
10504 25
10505 0
10506 0
10507 0
10508 0
10509 0
10510 0
10511 0
10512 0
10513 26
10514 0
10515 0
10516 26
10517 0
10518 0
10519 26
10520 0
10521 0
10522 26
10523 0
10524 0
10525 0
10526 0
10527 0
10528 0
10529 0
10530 0
10531 0
10532 26
10533 0
10534 57
10535 0
10536 27
10537 0
10538 26
10539 0
10540 38
10541 0
10542 26
10543 59
10544 0
10545 25
10546 25
10547 26
10548 37
10549 0
10550 26
10551 0
10552 0
10553 0
10554 0
10555 0
10556 26
10557 0
10558 42
10559 0
10560 0
10561 0
10562 0
10563 0
10564 26
10565 38
10566 0
10567 26
10568 0
10569 57
10570 0
10571 39
10572 0
10573 0
10574 26
10575 0
10576 27
10577 26
10578 55
10579 0
10580 0
10581 26
10582 0
10583 0
10584 0
10585 25
10586 26
10587 0
10588 0
10589 26
10590 0
10591 0
10592 0
10593 26
10594 0
10595 57
10596 0
10597 0
10598 0
10599 0
10600 29
10601 39
10602 26
10603 26
10604 0
10605 0
10606 0
10607 26
10608 0
10609 0
10610 26
10611 57
10612 0
10613 0
10614 26
10615 26
10616 0
10617 0
10618 0
10619 26
10620 26
10621 0
10622 0
10623 26
10624 0
10625 0
10626 0
10627 24
10628 39
10629 0
10630 26
10631 27
10632 35
10633 0
10634 25
10635 26
10636 26
10637 27
10638 25
10639 0
10640 0
10641 0
10642 26
10643 0
10644 26
10645 26
10646 26
10647 0
10648 0
10649 0
10650 0
10651 39
10652 39
10653 39
10654 51
10655 57
10656 0
10657 0
10658 0
10659 0
10660 0
10661 0
10662 0
10663 0
10664 0
10665 26
10666 0
10667 0
10668 26
10669 25
10670 60
10671 0
10672 0
10673 0
10674 0
10675 0
10676 26
10677 26
10678 26
10679 25
10680 0
10681 39
10682 26
10683 0
10684 26
10685 0
10686 0
10687 0
10688 0
10689 0
10690 0
10691 0
10692 0
10693 25
10694 0
10695 26
10696 0
10697 0
10698 0
10699 0
10700 0
10701 0
10702 26
10703 0
10704 0
10705 0
10706 0
10707 0
10708 0
10709 0
10710 0
10711 26
10712 0
10713 26
10714 0
10715 26
10716 0
10717 0
10718 0
10719 0
10720 26
10721 0
10722 26
10723 0
10724 0
10725 0
10726 0
10727 0
10728 25
10729 26
10730 0
10731 57
10732 25
10733 0
10734 26
10735 26
10736 0
10737 0
10738 0
10739 0
10740 0
10741 26
10742 0
10743 57
10744 0
10745 0
10746 27
10747 0
10748 0
10749 55
10750 26
10751 27
10752 0
10753 26
10754 0
10755 25
10756 0
10757 0
10758 27
10759 0
10760 25
10761 0
10762 0
10763 0
10764 26
10765 0
10766 0
10767 0
10768 0
10769 0
10770 0
10771 0
10772 26
10773 0
10774 26
10775 0
10776 0
10777 0
10778 26
10779 26
10780 0
10781 0
10782 0
10783 0
10784 0
10785 26
10786 0
10787 27
10788 26
10789 0
10790 26
10791 0
10792 26
10793 0
10794 55
10795 26
10796 0
10797 0
10798 26
10799 0
10800 0
10801 0
10802 50
10803 26
10804 0
10805 0
10806 0
10807 27
10808 39
10809 0
10810 26
10811 0
10812 67
10813 0
10814 0
10815 0
10816 26
10817 26
10818 0
10819 25
10820 26
10821 0
10822 0
10823 0
10824 26
10825 0
10826 0
10827 0
10828 26
10829 27
10830 26
10831 0
10832 0
10833 0
10834 0
10835 26
10836 0
10837 26
10838 0
10839 25
10840 27
10841 0
10842 0
10843 26
10844 26
10845 39
10846 0
10847 0
10848 0
10849 26
10850 26
10851 0
10852 0
10853 0
10854 0
10855 0
10856 39
10857 0
10858 26
10859 0
10860 26
10861 0
10862 0
10863 0
10864 26
10865 0
10866 25
10867 39
10868 0
10869 0
10870 0
10871 26
10872 27
10873 57
10874 0
10875 26
10876 26
10877 26
10878 35
10879 26
10880 26
10881 27
10882 0
10883 0
10884 0
10885 27
10886 0
10887 0
10888 26
10889 0
10890 0
10891 0
10892 0
10893 25
10894 0
10895 53
10896 0
10897 26
10898 0
10899 27
10900 25
10901 0
10902 0
10903 27
10904 26
10905 0
10906 26
10907 25
10908 0
10909 57
10910 0
10911 38
10912 38
10913 25
10914 0
10915 0
10916 26
10917 27
10918 0
10919 0
10920 0
10921 26
10922 0
10923 0
10924 0
10925 0
10926 26
10927 0
10928 26
10929 19
10930 67
10931 26
10932 26
10933 0
10934 0
10935 0
10936 0
10937 0
10938 0
10939 26
10940 26
10941 26
10942 26
10943 0
10944 0
10945 0
10946 0
10947 25
10948 27
10949 26
10950 0
10951 0
10952 0
10953 26
10954 26
10955 26
10956 0
10957 0
10958 0
10959 25
10960 0
10961 0
10962 26
10963 0
10964 0
10965 26
10966 26
10967 27
10968 26
10969 0
10970 57
10971 27
10972 0
10973 0
10974 0
10975 57
10976 26
10977 0
10978 0
10979 26
10980 0
10981 0
10982 57
10983 0
10984 26
10985 0
10986 26
10987 0
10988 0
10989 26
10990 55
10991 26
10992 0
10993 0
10994 26
10995 57
10996 0
10997 0
10998 0
10999 0
11000 0
11001 55
11002 0
11003 48
11004 26
11005 25
11006 0
11007 0
11008 0
11009 26
11010 26
11011 39
11012 44
11013 0
11014 0
11015 57
11016 0
11017 0
11018 26
11019 26
11020 26
11021 26
11022 26
11023 0
11024 26
11025 0
11026 26
11027 0
11028 0
11029 0
11030 0
11031 0
11032 26
11033 26
11034 53
11035 25
11036 0
11037 0
11038 0
11039 0
11040 0
11041 26
11042 0
11043 0
11044 0
11045 0
11046 39
11047 0
11048 0
11049 0
11050 0
11051 0
11052 0
11053 27
11054 26
11055 0
11056 0
11057 26
11058 26
11059 0
11060 25
11061 0
11062 0
11063 27
11064 26
11065 26
11066 0
11067 0
11068 57
11069 0
11070 0
11071 0
11072 0
11073 0
11074 0
11075 0
11076 27
11077 26
11078 0
11079 0
11080 57
11081 26
11082 0
11083 0
11084 39
11085 25
11086 0
11087 0
11088 25
11089 0
11090 0
11091 27
11092 0
11093 26
11094 0
11095 59
11096 0
11097 0
11098 26
11099 25
11100 0
11101 0
11102 26
11103 0
11104 26
11105 0
11106 26
11107 0
11108 25
11109 26
11110 53
11111 3
11112 26
11113 0
11114 0
11115 0
11116 0
11117 26
11118 0
11119 26
11120 20
11121 0
11122 45
11123 57
11124 57
11125 0
11126 26
11127 26
11128 50
11129 26
11130 0
11131 0
11132 0
11133 0
11134 0
11135 0
11136 0
11137 27
11138 39
11139 0
11140 0
11141 26
11142 26
11143 57
11144 0
11145 0
11146 26
11147 0
11148 0
11149 25
11150 0
11151 25
11152 26
11153 25
11154 26
11155 0
11156 26
11157 25
11158 26
11159 0
11160 39
11161 39
11162 0
11163 26
11164 0
11165 0
11166 0
11167 26
11168 0
11169 26
11170 26
11171 26
11172 0
11173 26
11174 27
11175 0
11176 26
11177 41
11178 26
11179 0
11180 26
11181 0
11182 57
11183 0
11184 0
11185 0
11186 0
11187 0
11188 0
11189 26
11190 0
11191 0
11192 0
11193 0
11194 0
11195 26
11196 0
11197 26
11198 0
11199 0
11200 0
11201 0
11202 0
11203 0
11204 26
11205 0
11206 0
11207 0
11208 0
11209 0
11210 0
11211 26
11212 26
11213 0
11214 26
11215 26
11216 0
11217 0
11218 25
11219 39
11220 26
11221 0
11222 0
11223 0
11224 0
11225 26
11226 41
11227 0
11228 0
11229 0
11230 0
11231 37
11232 0
11233 0
11234 29
11235 0
11236 0
11237 0
11238 0
11239 0
11240 0
11241 0
11242 55
11243 0
11244 0
11245 0
11246 67
11247 0
11248 26
11249 26
11250 26
11251 26
11252 26
11253 18
11254 0
11255 0
11256 0
11257 26
11258 26
11259 26
11260 0
11261 0
11262 71
11263 0
11264 0
11265 26
11266 26
11267 26
11268 57
11269 0
11270 0
11271 0
11272 41
11273 0
11274 0
11275 55
11276 0
11277 0
11278 0
11279 0
11280 25
11281 0
11282 0
11283 0
11284 0
11285 0
11286 0
11287 0
11288 25
11289 26
11290 0
11291 26
11292 26
11293 26
11294 26
11295 0
11296 0
11297 26
11298 57
11299 26
11300 0
11301 26
11302 0
11303 0
11304 26
11305 39
11306 0
11307 25
11308 0
11309 25
11310 57
11311 26
11312 0
11313 0
11314 26
11315 0
11316 26
11317 0
11318 25
11319 0
11320 0
11321 0
11322 0
11323 26
11324 0
11325 0
11326 26
11327 26
11328 0
11329 0
11330 0
11331 26
11332 67
11333 25
11334 0
11335 0
11336 26
11337 0
11338 0
11339 26
11340 0
11341 26
11342 26
11343 0
11344 0
11345 26
11346 67
11347 0
11348 26
11349 26
11350 25
11351 26
11352 0
11353 26
11354 26
11355 26
11356 25
11357 0
11358 0
11359 0
11360 0
11361 41
11362 0
11363 0
11364 26
11365 0
11366 0
11367 26
11368 26
11369 0
11370 35
11371 0
11372 26
11373 0
11374 0
11375 25
11376 0
11377 25
11378 0
11379 26
11380 0
11381 0
11382 0
11383 0
11384 0
11385 0
11386 0
11387 26
11388 0
11389 26
11390 26
11391 0
11392 0
11393 26
11394 0
11395 0
11396 0
11397 58
11398 0
11399 26
11400 0
11401 26
11402 0
11403 0
11404 26
11405 0
11406 0
11407 0
11408 26
11409 0
11410 25
11411 0
11412 0
11413 26
11414 0
11415 0
11416 26
11417 26
11418 0
11419 0
11420 25
11421 26
11422 41
11423 0
11424 26
11425 27
11426 57
11427 0
11428 0
11429 26
11430 0
11431 0
11432 26
11433 0
11434 0
11435 26
11436 42
11437 0
11438 26
11439 0
11440 0
11441 0
11442 25
11443 26
11444 0
11445 26
11446 26
11447 26
11448 39
11449 0
11450 0
11451 26
11452 25
11453 0
11454 26
11455 35
11456 0
11457 26
11458 26
11459 25
11460 0
11461 0
11462 0
11463 26
11464 26
11465 0
11466 0
11467 0
11468 0
11469 0
11470 0
11471 57
11472 26
11473 26
11474 0
11475 0
11476 26
11477 0
11478 0
11479 0
11480 0
11481 42
11482 0
11483 26
11484 0
11485 0
11486 26
11487 25
11488 27
11489 0
11490 0
11491 25
11492 26
11493 26
11494 57
11495 26
11496 0
11497 0
11498 0
11499 0
11500 26
11501 0
11502 26
11503 0
11504 0
11505 0
11506 26
11507 26
11508 0
11509 0
11510 0
11511 0
11512 0
11513 0
11514 0
11515 26
11516 26
11517 0
11518 26
11519 0
11520 26
11521 0
11522 26
11523 38
11524 26
11525 57
11526 26
11527 0
11528 0
11529 0
11530 0
11531 0
11532 0
11533 0
11534 0
11535 0
11536 0
11537 0
11538 26
11539 42
11540 0
11541 26
11542 0
11543 0
11544 27
11545 26
11546 0
11547 26
11548 26
11549 0
11550 0
11551 0
11552 0
11553 42
11554 26
11555 0
11556 0
11557 26
11558 26
11559 0
11560 0
11561 0
11562 0
11563 25
11564 0
11565 26
11566 0
11567 0
11568 0
11569 0
11570 26
11571 0
11572 0
11573 0
11574 0
11575 0
11576 26
11577 26
11578 26
11579 26
11580 0
11581 0
11582 17
11583 0
11584 26
11585 26
11586 0
11587 0
11588 0
11589 0
11590 0
11591 26
11592 25
11593 0
11594 26
11595 26
11596 26
11597 0
11598 42
11599 0
11600 0
11601 26
11602 26
11603 0
11604 26
11605 26
11606 0
11607 0
11608 42
11609 42
11610 0
11611 0
11612 0
11613 0
11614 0
11615 0
11616 0
11617 0
11618 0
11619 26
11620 0
11621 26
11622 0
11623 0
11624 26
11625 42
11626 42
11627 0
11628 0
11629 0
11630 0
11631 25
11632 55
11633 0
11634 0
11635 0
11636 0
11637 0
11638 0
11639 0
11640 0
11641 42
11642 0
11643 0
11644 0
11645 0
11646 26
11647 57
11648 0
11649 26
11650 0
11651 26
11652 0
11653 0
11654 27
11655 26
11656 0
11657 0
11658 0
11659 27
11660 26
11661 27
11662 26
11663 27
11664 0
11665 0
11666 0
11667 0
11668 26
11669 26
11670 26
11671 26
11672 27
11673 0
11674 26
11675 0
11676 0
11677 0
11678 0
11679 26
11680 0
11681 0
11682 26
11683 0
11684 0
11685 0
11686 0
11687 0
11688 26
11689 0
11690 26
11691 0
11692 0
11693 0
11694 26
11695 0
11696 26
11697 0
11698 35
11699 0
11700 69
11701 26
11702 0
11703 26
11704 0
11705 0
11706 0
11707 0
11708 26
11709 42
11710 0
11711 0
11712 0
11713 38
11714 55
11715 0
11716 26
11717 0
11718 42
11719 0
11720 26
11721 0
11722 0
11723 26
11724 0
11725 0
11726 26
11727 26
11728 0
11729 39
11730 57
11731 0
11732 63
11733 0
11734 0
11735 26
11736 28
11737 26
11738 43
11739 43
11740 28
11741 0
11742 26
11743 0
11744 26
11745 0
11746 57
11747 26
11748 26
11749 27
11750 0
11751 25
11752 0
11753 26
11754 57
11755 26
11756 0
11757 26
11758 26
11759 0
11760 26
11761 0
11762 26
11763 26
11764 26
11765 26
11766 0
11767 0
11768 0
11769 38
11770 26
11771 26
11772 0
11773 0
11774 26
11775 25
11776 26
11777 26
11778 0
11779 0
11780 26
11781 26
11782 26
11783 0
11784 26
11785 0
11786 0
11787 0
11788 35
11789 0
11790 0
11791 0
11792 0
11793 42
11794 42
11795 0
11796 26
11797 26
11798 26
11799 0
11800 0
11801 0
11802 26
11803 0
11804 0
11805 0
11806 26
11807 0
11808 26
11809 42
11810 0
11811 0
11812 0
11813 0
11814 0
11815 0
11816 0
11817 26
11818 0
11819 26
11820 0
11821 0
11822 0
11823 0
11824 26
11825 26
11826 42
11827 25
11828 0
11829 0
11830 0
11831 0
11832 0
11833 0
11834 0
11835 0
11836 0
11837 0
11838 0
11839 0
11840 26
11841 0
11842 0
11843 25
11844 42
11845 0
11846 0
11847 0
11848 35
11849 0
11850 0
11851 0
11852 0
11853 0
11854 26
11855 44
11856 0
11857 62
11858 0
11859 0
11860 0
11861 41
11862 42
11863 26
11864 39
11865 26
11866 0
11867 0
11868 0
11869 25
11870 0
11871 26
11872 0
11873 0
11874 26
11875 25
11876 0
11877 29
11878 42
11879 0
11880 0
11881 0
11882 0
11883 0
11884 26
11885 0
11886 0
11887 0
11888 26
11889 0
11890 0
11891 26
11892 0
11893 26
11894 0
11895 0
11896 0
11897 0
11898 0
11899 0
11900 25
11901 26
11902 0
11903 57
11904 0
11905 26
11906 42
11907 0
11908 0
11909 0
11910 27
11911 0
11912 0
11913 0
11914 0
11915 0
11916 0
11917 39
11918 26
11919 0
11920 26
11921 0
11922 0
11923 0
11924 0
11925 0
11926 0
11927 0
11928 26
11929 42
11930 0
11931 0
11932 0
11933 0
11934 0
11935 0
11936 35
11937 35
11938 0
11939 0
11940 59
11941 26
11942 26
11943 0
11944 0
11945 0
11946 25
11947 0
11948 0
11949 0
11950 0
11951 26
11952 0
11953 0
11954 0
11955 0
11956 0
11957 0
11958 0
11959 0
11960 0
11961 25
11962 0
11963 26
11964 0
11965 0
11966 26
11967 0
11968 27
11969 0
11970 0
11971 26
11972 0
11973 57
11974 26
11975 0
11976 0
11977 29
11978 0
11979 0
11980 26
11981 0
11982 0
11983 0
11984 0
11985 55
11986 39
11987 0
11988 26
11989 67
11990 26
11991 0
11992 26
11993 25
11994 26
11995 0
11996 26
11997 25
11998 0
11999 29
12000 0
12001 26
12002 26
12003 0
12004 0
12005 26
