434
0 105
1 26
2 218
3 372
4 327
5 232
6 232
7 309
8 106
9 372
10 319
11 391
12 128
13 128
14 197
15 394
16 302
17 0
18 26
19 309
20 234
21 238
22 218
23 218
24 105
25 232
26 372
27 372
28 238
29 238
30 349
31 182
32 286
33 128
34 128
35 309
36 182
37 128
38 105
39 128
40 182
41 128
42 372
43 238
44 384
45 302
46 391
47 238
48 1
49 2
50 218
51 402
52 128
53 218
54 128
55 128
56 238
57 302
58 218
59 372
60 362
61 8
62 182
63 349
64 218
65 182
66 309
67 391
68 218
69 3
70 128
71 232
72 218
73 302
74 349
75 372
76 128
77 232
78 238
79 302
80 391
81 372
82 372
83 128
84 56
85 372
86 372
87 4
88 4
89 218
90 218
91 14
92 238
93 349
94 238
95 391
96 349
97 264
98 228
99 228
100 182
101 228
102 218
103 199
104 309
105 391
106 5
107 6
108 228
109 228
110 309
111 302
112 7
113 218
114 238
115 218
116 232
117 105
118 128
119 98
120 221
121 391
122 309
123 302
124 309
125 8
126 229
127 228
128 128
129 218
130 402
131 105
132 26
133 309
134 9
135 309
136 182
137 128
138 218
139 238
140 391
141 128
142 232
143 218
144 26
145 238
146 128
147 105
148 128
149 10
150 349
151 105
152 232
153 11
154 105
155 390
156 218
157 349
158 309
159 402
160 372
161 26
162 302
163 274
164 26
165 218
166 182
167 128
168 309
169 349
170 128
171 309
172 309
173 324
174 238
175 402
176 105
177 372
178 372
179 372
180 26
181 391
182 349
183 238
184 238
185 391
186 372
187 92
188 228
189 218
190 128
191 128
192 128
193 238
194 238
195 218
196 309
197 238
198 218
199 117
200 369
201 128
202 128
203 372
204 238
205 391
206 128
207 218
208 349
209 238
210 238
211 218
212 232
213 309
214 12
215 128
216 128
217 128
218 218
219 309
220 128
221 238
222 309
223 372
224 228
225 13
226 351
227 128
228 14
229 128
230 309
231 349
232 210
233 128
234 289
235 182
236 349
237 309
238 391
239 391
240 398
241 349
242 218
243 218
244 309
245 238
246 349
247 105
248 238
249 218
250 302
251 238
252 302
253 128
254 128
255 128
256 105
257 256
258 238
259 238
260 391
261 238
262 309
263 182
264 128
265 218
266 372
267 15
268 182
269 372
270 386
271 192
272 224
273 218
274 182
275 302
276 238
277 218
278 302
279 182
280 218
281 26
282 173
283 218
284 0
285 302
286 128
287 182
288 232
289 232
290 391
291 272
292 42
293 402
294 402
295 349
296 218
297 309
298 218
299 309
300 26
301 218
302 309
303 238
304 16
305 105
306 232
307 218
308 26
309 182
310 309
311 256
312 218
313 309
314 309
315 26
316 182
317 309
318 391
319 218
320 17
321 128
322 182
323 372
324 372
325 105
326 18
327 372
328 309
329 349
330 49
331 238
332 33
333 256
334 256
335 400
336 309
337 309
338 218
339 19
340 19
341 218
342 19
343 105
344 128
345 238
346 309
347 309
348 128
349 218
350 182
351 349
352 218
353 218
354 128
355 402
356 105
357 339
358 228
359 238
360 218
361 105
362 128
363 228
364 391
365 309
366 125
367 309
368 309
369 309
370 309
371 182
372 238
373 228
374 302
375 105
376 309
377 218
378 238
379 20
380 21
381 22
382 238
383 105
384 238
385 218
386 349
387 154
388 218
389 309
390 238
391 402
392 309
393 238
394 238
395 297
396 238
397 262
398 309
399 105
400 302
401 182
402 26
403 372
404 309
405 372
406 309
407 232
408 402
409 349
410 182
411 238
412 26
413 238
414 349
415 309
416 309
417 309
418 218
419 126
420 105
421 391
422 23
423 228
424 372
425 396
426 128
427 309
428 309
429 218
430 309
431 309
432 309
433 232
434 302
435 402
436 232
437 218
438 218
439 391
440 302
441 391
442 182
443 218
444 182
445 128
446 26
447 238
448 228
449 105
450 218
451 238
452 105
453 302
454 309
455 128
456 238
457 238
458 24
459 26
460 349
461 238
462 105
463 309
464 218
465 218
466 105
467 218
468 402
469 402
470 238
471 309
472 238
473 182
474 228
475 218
476 372
477 309
478 228
479 228
480 182
481 238
482 105
483 105
484 302
485 228
486 25
487 105
488 218
489 302
490 302
491 182
492 302
493 10
494 105
495 238
496 105
497 105
498 372
499 26
500 26
501 392
502 121
503 302
504 53
505 128
506 302
507 218
508 228
509 372
510 302
511 402
512 128
513 218
514 228
515 309
516 182
517 182
518 218
519 349
520 128
521 26
522 238
523 232
524 111
525 26
526 128
527 372
528 362
529 26
530 26
531 26
532 309
533 309
534 182
535 402
536 228
537 26
538 218
539 238
540 105
541 105
542 349
543 349
544 128
545 128
546 402
547 128
548 372
549 238
550 218
551 218
552 128
553 128
554 26
555 309
556 349
557 105
558 372
559 391
560 238
561 218
562 128
563 128
564 349
565 349
566 238
567 182
568 349
569 402
570 349
571 94
572 349
573 238
574 402
575 309
576 404
577 105
578 218
579 232
580 193
581 372
582 238
583 182
584 238
585 406
586 238
587 218
588 128
589 391
590 218
591 402
592 228
593 238
594 238
595 19
596 372
597 128
598 349
599 128
600 372
601 349
602 182
603 302
604 128
605 302
606 302
607 309
608 218
609 309
610 309
611 128
612 218
613 302
614 27
615 349
616 349
617 182
618 372
619 108
620 238
621 349
622 128
623 232
624 309
625 402
626 28
627 128
628 391
629 10
630 349
631 218
632 238
633 372
634 29
635 238
636 105
637 105
638 349
639 238
640 238
641 302
642 349
643 128
644 105
645 218
646 391
647 372
648 128
649 182
650 309
651 238
652 309
653 128
654 349
655 6
656 218
657 232
658 218
659 349
660 33
661 309
662 105
663 128
664 30
665 182
666 128
667 128
668 128
669 182
670 182
671 128
672 128
673 256
674 105
675 238
676 309
677 232
678 105
679 228
680 128
681 26
682 302
683 349
684 182
685 182
686 302
687 128
688 228
689 218
690 128
691 402
692 26
693 309
694 391
695 21
696 33
697 33
698 26
699 182
700 402
701 309
702 6
703 349
704 402
705 182
706 391
707 218
708 232
709 402
710 349
711 238
712 349
713 286
714 391
715 349
716 105
717 218
718 238
719 246
720 349
721 182
722 320
723 218
724 218
725 391
726 238
727 238
728 238
729 128
730 128
731 358
732 238
733 31
734 218
735 238
736 309
737 238
738 105
739 182
740 218
741 128
742 128
743 372
744 349
745 372
746 238
747 32
748 349
749 26
750 309
751 238
752 309
753 128
754 372
755 391
756 182
757 182
758 26
759 105
760 105
761 24
762 218
763 238
764 232
765 349
766 349
767 218
768 128
769 402
770 402
771 302
772 218
773 218
774 402
775 218
776 238
777 309
778 302
779 238
780 302
781 232
782 309
783 309
784 238
785 182
786 128
787 33
788 391
789 218
790 303
791 302
792 238
793 402
794 309
795 309
796 128
797 238
798 182
799 128
800 418
801 238
802 26
803 309
804 402
805 232
806 182
807 349
808 302
809 238
810 325
811 218
812 34
813 26
814 128
815 232
816 302
817 238
818 302
819 218
820 372
821 105
822 218
823 238
824 302
825 128
826 238
827 309
828 218
829 61
830 199
831 309
832 391
833 105
834 290
835 35
836 349
837 36
838 351
839 128
840 402
841 128
842 182
843 166
844 128
845 114
846 238
847 226
848 309
849 128
850 402
851 309
852 218
853 207
854 238
855 238
856 228
857 238
858 37
859 238
860 105
861 238
862 349
863 218
864 105
865 238
866 372
867 182
868 372
869 238
870 349
871 238
872 128
873 232
874 105
875 182
876 238
877 105
878 309
879 38
880 218
881 372
882 105
883 39
884 402
885 309
886 232
887 82
888 128
889 128
890 26
891 26
892 26
893 232
894 349
895 128
896 40
897 218
898 228
899 349
900 128
901 182
902 41
903 218
904 218
905 238
906 105
907 309
908 128
909 128
910 238
911 238
912 218
913 309
914 402
915 218
916 349
917 105
918 26
919 232
920 302
921 232
922 391
923 0
924 228
925 238
926 238
927 105
928 128
929 218
930 182
931 402
932 238
933 42
934 228
935 218
936 218
937 309
938 105
939 349
940 218
941 391
942 391
943 128
944 228
945 97
946 402
947 218
948 372
949 349
950 128
951 391
952 302
953 372
954 128
955 105
956 349
957 333
958 128
959 43
960 218
961 309
962 44
963 6
964 232
965 128
966 128
967 182
968 33
969 128
970 309
971 256
972 232
973 372
974 238
975 309
976 372
977 26
978 232
979 349
980 402
981 309
982 349
983 128
984 218
985 232
986 45
987 238
988 432
989 302
990 186
991 79
992 26
993 210
994 105
995 182
996 228
997 232
998 48
999 402
1000 26
1001 238
1002 391
1003 128
1004 218
1005 302
1006 218
1007 216
1008 128
1009 302
1010 218
1011 128
1012 349
1013 232
1014 238
1015 238
1016 349
1017 128
1018 105
1019 26
1020 238
1021 46
1022 107
1023 391
1024 218
1025 391
1026 238
1027 238
1028 243
1029 391
1030 349
1031 238
1032 402
1033 105
1034 372
1035 105
1036 108
1037 26
1038 309
1039 391
1040 372
1041 349
1042 182
1043 302
1044 218
1045 228
1046 238
1047 63
1048 391
1049 26
1050 182
1051 309
1052 232
1053 391
1054 391
1055 238
1056 349
1057 402
1058 391
1059 228
1060 391
1061 238
1062 19
1063 218
1064 218
1065 41
1066 238
1067 104
1068 228
1069 218
1070 105
1071 238
1072 372
1073 218
1074 47
1075 349
1076 372
1077 302
1078 48
1079 238
1080 68
1081 218
1082 402
1083 349
1084 391
1085 402
1086 105
1087 49
1088 302
1089 391
1090 391
1091 182
1092 105
1093 232
1094 349
1095 238
1096 228
1097 218
1098 309
1099 182
1100 309
1101 50
1102 228
1103 402
1104 391
1105 391
1106 218
1107 238
1108 26
1109 238
1110 349
1111 105
1112 232
1113 218
1114 402
1115 402
1116 51
1117 391
1118 228
1119 218
1120 309
1121 128
1122 232
1123 128
1124 58
1125 52
1126 218
1127 302
1128 309
1129 309
1130 228
1131 105
1132 349
1133 238
1134 302
1135 105
1136 26
1137 402
1138 133
1139 53
1140 128
1141 128
1142 391
1143 99
1144 218
1145 228
1146 67
1147 232
1148 302
1149 349
1150 26
1151 232
1152 218
1153 13
1154 128
1155 128
1156 391
1157 182
1158 309
1159 238
1160 238
1161 182
1162 302
1163 218
1164 182
1165 402
1166 71
1167 54
1168 309
1169 218
1170 228
1171 55
1172 421
1173 309
1174 128
1175 256
1176 372
1177 182
1178 105
1179 26
1180 349
1181 128
1182 309
1183 238
1184 380
1185 26
1186 238
1187 182
1188 168
1189 26
1190 402
1191 256
1192 105
1193 105
1194 56
1195 232
1196 105
1197 372
1198 105
1199 218
1200 218
1201 289
1202 228
1203 105
1204 218
1205 218
1206 182
1207 372
1208 105
1209 238
1210 182
1211 372
1212 214
1213 238
1214 128
1215 128
1216 218
1217 360
1218 228
1219 105
1220 309
1221 128
1222 105
1223 302
1224 182
1225 182
1226 128
1227 232
1228 182
1229 372
1230 238
1231 372
1232 40
1233 128
1234 238
1235 182
1236 372
1237 372
1238 309
1239 302
1240 367
1241 238
1242 182
1243 372
1244 218
1245 232
1246 349
1247 349
1248 219
1249 391
1250 218
1251 26
1252 349
1253 309
1254 349
1255 309
1256 309
1257 182
1258 391
1259 391
1260 26
1261 105
1262 26
1263 302
1264 128
1265 218
1266 238
1267 402
1268 182
1269 402
1270 349
1271 349
1272 238
1273 128
1274 128
1275 128
1276 128
1277 128
1278 26
1279 128
1280 128
1281 218
1282 228
1283 372
1284 128
1285 349
1286 218
1287 105
1288 10
1289 251
1290 128
1291 238
1292 302
1293 349
1294 128
1295 302
1296 105
1297 228
1298 182
1299 391
1300 256
1301 26
1302 300
1303 26
1304 26
1305 105
1306 402
1307 218
1308 309
1309 26
1310 391
1311 128
1312 309
1313 145
1314 372
1315 218
1316 182
1317 128
1318 128
1319 346
1320 182
1321 402
1322 372
1323 26
1324 309
1325 238
1326 182
1327 182
1328 128
1329 57
1330 372
1331 218
1332 197
1333 218
1334 182
1335 218
1336 182
1337 238
1338 218
1339 238
1340 218
1341 105
1342 105
1343 26
1344 128
1345 402
1346 269
1347 228
1348 33
1349 218
1350 349
1351 391
1352 309
1353 302
1354 391
1355 128
1356 302
1357 349
1358 128
1359 349
1360 309
1361 218
1362 128
1363 232
1364 238
1365 238
1366 218
1367 349
1368 182
1369 238
1370 238
1371 0
1372 238
1373 238
1374 302
1375 128
1376 218
1377 372
1378 372
1379 238
1380 26
1381 218
1382 372
1383 359
1384 309
1385 391
1386 26
1387 311
1388 238
1389 416
1390 232
1391 218
1392 302
1393 182
1394 402
1395 372
1396 238
1397 302
1398 309
1399 257
1400 228
1401 58
1402 391
1403 182
1404 232
1405 105
1406 391
1407 309
1408 349
1409 218
1410 309
1411 391
1412 128
1413 309
1414 128
1415 232
1416 218
1417 228
1418 372
1419 232
1420 228
1421 218
1422 238
1423 349
1424 309
1425 218
1426 309
1427 391
1428 238
1429 218
1430 349
1431 402
1432 128
1433 26
1434 59
1435 128
1436 238
1437 60
1438 309
1439 238
1440 238
1441 218
1442 218
1443 105
1444 180
1445 26
1446 372
1447 333
1448 218
1449 402
1450 245
1451 402
1452 26
1453 349
1454 309
1455 218
1456 402
1457 391
1458 199
1459 238
1460 349
1461 228
1462 228
1463 238
1464 182
1465 228
1466 218
1467 228
1468 365
1469 128
1470 199
1471 238
1472 238
1473 128
1474 238
1475 302
1476 378
1477 128
1478 218
1479 228
1480 238
1481 218
1482 349
1483 128
1484 228
1485 238
1486 218
1487 271
1488 232
1489 228
1490 238
1491 238
1492 238
1493 105
1494 334
1495 309
1496 228
1497 228
1498 218
1499 228
1500 349
1501 228
1502 372
1503 349
1504 349
1505 182
1506 128
1507 128
1508 218
1509 218
1510 105
1511 128
1512 182
1513 228
1514 61
1515 396
1516 309
1517 218
1518 342
1519 402
1520 128
1521 150
1522 349
1523 40
1524 40
1525 349
1526 206
1527 69
1528 134
1529 238
1530 238
1531 218
1532 128
1533 302
1534 391
1535 128
1536 218
1537 26
1538 238
1539 62
1540 402
1541 182
1542 349
1543 182
1544 238
1545 309
1546 218
1547 26
1548 63
1549 218
1550 302
1551 218
1552 349
1553 64
1554 182
1555 128
1556 218
1557 218
1558 349
1559 349
1560 128
1561 218
1562 238
1563 218
1564 218
1565 349
1566 128
1567 238
1568 238
1569 309
1570 218
1571 349
1572 349
1573 372
1574 218
1575 309
1576 65
1577 146
1578 66
1579 67
1580 128
1581 309
1582 218
1583 128
1584 349
1585 128
1586 372
1587 128
1588 182
1589 372
1590 302
1591 238
1592 128
1593 61
1594 105
1595 128
1596 128
1597 349
1598 218
1599 105
1600 218
1601 12
1602 128
1603 128
1604 218
1605 68
1606 349
1607 218
1608 128
1609 349
1610 349
1611 105
1612 349
1613 182
1614 349
1615 238
1616 402
1617 105
1618 105
1619 238
1620 218
1621 238
1622 17
1623 302
1624 218
1625 402
1626 238
1627 128
1628 69
1629 218
1630 238
1631 128
1632 128
1633 105
1634 309
1635 218
1636 232
1637 218
1638 105
1639 26
1640 105
1641 372
1642 309
1643 391
1644 296
1645 238
1646 105
1647 232
1648 401
1649 372
1650 182
1651 228
1652 128
1653 182
1654 309
1655 128
1656 182
1657 372
1658 128
1659 228
1660 218
1661 238
1662 218
1663 26
1664 218
1665 349
1666 238
1667 105
1668 415
1669 238
1670 238
1671 218
1672 238
1673 238
1674 302
1675 70
1676 349
1677 409
1678 128
1679 105
1680 228
1681 182
1682 218
1683 238
1684 285
1685 228
1686 372
1687 316
1688 105
1689 218
1690 128
1691 105
1692 26
1693 105
1694 26
1695 238
1696 309
1697 349
1698 128
1699 128
1700 218
1701 238
1702 218
1703 238
1704 349
1705 309
1706 218
1707 128
1708 372
1709 302
1710 128
1711 182
1712 182
1713 128
1714 29
1715 238
1716 238
1717 128
1718 26
1719 105
1720 309
1721 228
1722 238
1723 238
1724 128
1725 105
1726 187
1727 228
1728 71
1729 238
1730 238
1731 402
1732 402
1733 128
1734 391
1735 182
1736 349
1737 309
1738 218
1739 309
1740 391
1741 309
1742 238
1743 218
1744 182
1745 349
1746 182
1747 218
1748 128
1749 349
1750 218
1751 228
1752 29
1753 218
1754 72
1755 372
1756 128
1757 228
1758 302
1759 73
1760 238
1761 228
1762 218
1763 182
1764 218
1765 74
1766 105
1767 228
1768 182
1769 372
1770 428
1771 128
1772 372
1773 188
1774 346
1775 128
1776 185
1777 26
1778 302
1779 302
1780 349
1781 238
1782 238
1783 238
1784 349
1785 228
1786 309
1787 302
1788 75
1789 75
1790 182
1791 402
1792 218
1793 302
1794 232
1795 182
1796 309
1797 302
1798 302
1799 309
1800 232
1801 391
1802 349
1803 238
1804 349
1805 372
1806 218
1807 402
1808 228
1809 218
1810 228
1811 218
1812 309
1813 7
1814 309
1815 105
1816 128
1817 302
1818 218
1819 182
1820 182
1821 26
1822 218
1823 128
1824 218
1825 302
1826 182
1827 182
1828 309
1829 391
1830 309
1831 309
1832 26
1833 238
1834 105
1835 23
1836 402
1837 309
1838 391
1839 372
1840 218
1841 218
1842 402
1843 309
1844 238
1845 238
1846 228
1847 218
1848 128
1849 26
1850 238
1851 238
1852 176
1853 391
1854 76
1855 105
1856 218
1857 349
1858 238
1859 182
1860 391
1861 349
1862 77
1863 77
1864 391
1865 105
1866 349
1867 218
1868 238
1869 372
1870 182
1871 402
1872 4
1873 372
1874 309
1875 309
1876 26
1877 238
1878 128
1879 238
1880 105
1881 402
1882 238
1883 372
1884 349
1885 128
1886 105
1887 128
1888 182
1889 228
1890 372
1891 218
1892 218
1893 391
1894 128
1895 218
1896 228
1897 105
1898 128
1899 372
1900 302
1901 15
1902 349
1903 238
1904 402
1905 26
1906 302
1907 238
1908 238
1909 218
1910 218
1911 128
1912 128
1913 182
1914 128
1915 256
1916 218
1917 128
1918 238
1919 238
1920 182
1921 218
1922 238
1923 218
1924 78
1925 233
1926 218
1927 105
1928 301
1929 302
1930 238
1931 228
1932 391
1933 372
1934 218
1935 402
1936 105
1937 105
1938 79
1939 309
1940 218
1941 238
1942 309
1943 309
1944 26
1945 309
1946 391
1947 128
1948 391
1949 349
1950 394
1951 372
1952 238
1953 302
1954 391
1955 391
1956 105
1957 26
1958 382
1959 105
1960 238
1961 128
1962 44
1963 385
1964 80
1965 87
1966 81
1967 82
1968 128
1969 218
1970 218
1971 309
1972 218
1973 218
1974 116
1975 153
1976 26
1977 302
1978 218
1979 83
1980 232
1981 128
1982 218
1983 238
1984 218
1985 105
1986 238
1987 122
1988 105
1989 349
1990 218
1991 26
1992 218
1993 309
1994 237
1995 168
1996 84
1997 85
1998 128
1999 238
2000 238
2001 128
2002 105
2003 389
2004 402
2005 302
2006 391
2007 218
2008 218
2009 349
2010 228
2011 105
2012 238
2013 349
2014 218
2015 232
2016 391
2017 372
2018 238
2019 215
2020 128
2021 177
2022 302
2023 333
2024 309
2025 349
2026 238
2027 228
2028 238
2029 309
2030 238
2031 302
2032 26
2033 26
2034 238
2035 228
2036 86
2037 105
2038 87
2039 88
2040 302
2041 26
2042 349
2043 182
2044 302
2045 128
2046 105
2047 228
2048 89
2049 309
2050 232
2051 26
2052 90
2053 238
2054 182
2055 238
2056 91
2057 349
2058 238
2059 379
2060 391
2061 233
2062 182
2063 218
2064 228
2065 197
2066 197
2067 182
2068 232
2069 391
2070 105
2071 238
2072 238
2073 349
2074 218
2075 232
2076 277
2077 92
2078 128
2079 128
2080 128
2081 228
2082 372
2083 218
2084 182
2085 309
2086 391
2087 337
2088 309
2089 128
2090 349
2091 228
2092 391
2093 128
2094 105
2095 402
2096 182
2097 372
2098 428
2099 218
2100 228
2101 349
2102 349
2103 218
2104 349
2105 309
2106 238
2107 333
2108 228
2109 349
2110 238
2111 349
2112 349
2113 391
2114 218
2115 321
2116 238
2117 93
2118 309
2119 349
2120 309
2121 105
2122 391
2123 105
2124 402
2125 309
2126 179
2127 128
2128 238
2129 402
2130 128
2131 372
2132 143
2133 391
2134 372
2135 309
2136 218
2137 238
2138 309
2139 218
2140 302
2141 218
2142 228
2143 402
2144 218
2145 302
2146 218
2147 218
2148 218
2149 372
2150 128
2151 402
2152 372
2153 402
2154 402
2155 397
2156 218
2157 123
2158 349
2159 238
2160 238
2161 26
2162 218
2163 391
2164 228
2165 402
2166 349
2167 218
2168 391
2169 238
2170 391
2171 402
2172 349
2173 218
2174 238
2175 302
2176 391
2177 309
2178 349
2179 232
2180 309
2181 238
2182 26
2183 402
2184 391
2185 309
2186 182
2187 391
2188 182
2189 309
2190 349
2191 232
2192 218
2193 349
2194 228
2195 349
2196 232
2197 238
2198 238
2199 105
2200 195
2201 372
2202 372
2203 302
2204 391
2205 105
2206 218
2207 372
2208 218
2209 238
2210 94
2211 182
2212 26
2213 128
2214 177
2215 218
2216 95
2217 128
2218 228
2219 128
2220 218
2221 128
2222 128
2223 218
2224 372
2225 26
2226 349
2227 128
2228 218
2229 105
2230 309
2231 218
2232 302
2233 137
2234 309
2235 105
2236 238
2237 105
2238 218
2239 349
2240 128
2241 218
2242 105
2243 182
2244 182
2245 309
2246 128
2247 309
2248 238
2249 309
2250 96
2251 402
2252 26
2253 182
2254 182
2255 309
2256 309
2257 238
2258 182
2259 309
2260 128
2261 391
2262 26
2263 232
2264 372
2265 228
2266 182
2267 105
2268 302
2269 218
2270 105
2271 105
2272 302
2273 97
2274 218
2275 351
2276 309
2277 368
2278 349
2279 218
2280 26
2281 128
2282 238
2283 26
2284 26
2285 128
2286 391
2287 309
2288 105
2289 349
2290 309
2291 218
2292 309
2293 105
2294 105
2295 218
2296 349
2297 309
2298 128
2299 402
2300 0
2301 128
2302 98
2303 99
2304 218
2305 105
2306 228
2307 105
2308 372
2309 105
2310 228
2311 238
2312 128
2313 182
2314 128
2315 351
2316 348
2317 302
2318 391
2319 391
2320 30
2321 100
2322 402
2323 372
2324 128
2325 391
2326 373
2327 232
2328 232
2329 309
2330 238
2331 98
2332 349
2333 238
2334 218
2335 394
2336 391
2337 105
2338 372
2339 238
2340 391
2341 128
2342 218
2343 218
2344 26
2345 101
2346 391
2347 218
2348 391
2349 238
2350 218
2351 232
2352 182
2353 228
2354 232
2355 105
2356 105
2357 128
2358 425
2359 128
2360 391
2361 128
2362 349
2363 238
2364 402
2365 218
2366 182
2367 218
2368 218
2369 182
2370 372
2371 105
2372 302
2373 182
2374 302
2375 402
2376 238
2377 302
2378 26
2379 128
2380 391
2381 232
2382 128
2383 26
2384 182
2385 402
2386 102
2387 238
2388 26
2389 218
2390 218
2391 232
2392 108
2393 372
2394 402
2395 26
2396 238
2397 238
2398 238
2399 238
2400 372
2401 182
2402 302
2403 372
2404 182
2405 182
2406 402
2407 391
2408 128
2409 26
2410 238
2411 218
2412 238
2413 128
2414 218
2415 103
2416 128
2417 232
2418 302
2419 349
2420 218
2421 302
2422 182
2423 128
2424 402
2425 105
2426 372
2427 372
2428 105
2429 105
2430 309
2431 372
2432 309
2433 228
2434 238
2435 302
2436 128
2437 128
2438 27
2439 105
2440 104
2441 218
2442 309
2443 232
2444 309
2445 182
2446 238
2447 128
2448 218
2449 372
2450 391
2451 302
2452 184
2453 333
2454 349
2455 349
2456 391
2457 238
2458 349
2459 302
2460 128
2461 218
2462 309
2463 391
2464 302
2465 228
2466 372
2467 238
2468 238
2469 232
2470 105
2471 25
2472 238
2473 218
2474 349
2475 218
2476 346
2477 302
2478 26
2479 128
2480 182
2481 182
2482 238
2483 238
2484 218
2485 238
2486 128
2487 128
2488 47
2489 232
2490 391
2491 128
2492 128
2493 309
2494 349
2495 105
2496 182
2497 238
2498 218
2499 26
2500 128
2501 238
2502 228
2503 302
2504 238
2505 128
2506 218
2507 402
2508 128
2509 309
2510 182
2511 182
2512 182
2513 182
2514 105
2515 232
2516 218
2517 238
2518 238
2519 238
2520 218
2521 105
2522 218
2523 218
2524 128
2525 105
2526 238
2527 349
2528 349
2529 128
2530 232
2531 238
2532 232
2533 182
2534 218
2535 232
2536 182
2537 238
2538 372
2539 238
2540 238
2541 182
2542 238
2543 391
2544 402
2545 238
2546 182
2547 182
2548 232
2549 302
2550 391
2551 232
2552 218
2553 105
2554 238
2555 89
2556 105
2557 302
2558 391
2559 128
2560 228
2561 349
2562 309
2563 238
2564 232
2565 105
2566 391
2567 182
2568 256
2569 128
2570 391
2571 218
2572 309
2573 309
2574 309
2575 302
2576 309
2577 309
2578 349
2579 218
2580 309
2581 26
2582 309
2583 26
2584 309
2585 309
2586 309
2587 228
2588 309
2589 338
2590 309
2591 26
2592 106
2593 302
2594 26
2595 309
2596 128
2597 309
2598 309
2599 182
2600 182
2601 238
2602 128
2603 309
2604 120
2605 309
2606 309
2607 218
2608 376
2609 218
2610 400
2611 238
2612 372
2613 349
2614 309
2615 218
2616 333
2617 128
2618 293
2619 302
2620 128
2621 238
2622 238
2623 428
2624 238
2625 402
2626 218
2627 238
2628 238
2629 256
2630 218
2631 107
2632 105
2633 20
2634 372
2635 372
2636 108
2637 391
2638 45
2639 218
2640 218
2641 218
2642 391
2643 218
2644 357
2645 349
2646 182
2647 302
2648 238
2649 349
2650 128
2651 128
2652 218
2653 182
2654 26
2655 105
2656 182
2657 128
2658 232
2659 228
2660 349
2661 162
2662 302
2663 402
2664 402
2665 349
2666 238
2667 228
2668 372
2669 238
2670 309
2671 232
2672 218
2673 349
2674 218
2675 109
2676 128
2677 105
2678 218
2679 218
2680 105
2681 309
2682 218
2683 339
2684 105
2685 105
2686 128
2687 302
2688 128
2689 218
2690 105
2691 238
2692 294
2693 26
2694 110
2695 372
2696 218
2697 349
2698 349
2699 218
2700 372
2701 302
2702 218
2703 26
2704 232
2705 218
2706 391
2707 128
2708 218
2709 218
2710 372
2711 105
2712 238
2713 182
2714 309
2715 218
2716 391
2717 26
2718 218
2719 372
2720 349
2721 218
2722 238
2723 302
2724 105
2725 391
2726 302
2727 238
2728 99
2729 71
2730 309
2731 128
2732 26
2733 218
2734 128
2735 218
2736 309
2737 111
2738 309
2739 218
2740 128
2741 218
2742 182
2743 232
2744 232
2745 372
2746 391
2747 218
2748 218
2749 238
2750 218
2751 204
2752 309
2753 391
2754 112
2755 309
2756 26
2757 128
2758 372
2759 372
2760 105
2761 238
2762 218
2763 372
2764 218
2765 218
2766 218
2767 218
2768 302
2769 402
2770 349
2771 349
2772 238
2773 391
2774 128
2775 113
2776 128
2777 349
2778 309
2779 309
2780 391
2781 218
2782 256
2783 391
2784 302
2785 218
2786 238
2787 128
2788 238
2789 309
2790 402
2791 309
2792 309
2793 105
2794 349
2795 26
2796 349
2797 228
2798 26
2799 182
2800 238
2801 349
2802 402
2803 238
2804 232
2805 182
2806 218
2807 402
2808 182
2809 218
2810 391
2811 128
2812 128
2813 402
2814 105
2815 402
2816 391
2817 26
2818 218
2819 182
2820 391
2821 309
2822 238
2823 182
2824 238
2825 228
2826 349
2827 302
2828 128
2829 391
2830 128
2831 411
2832 372
2833 289
2834 211
2835 349
2836 218
2837 309
2838 238
2839 99
2840 26
2841 128
2842 232
2843 355
2844 38
2845 228
2846 238
2847 128
2848 182
2849 391
2850 402
2851 175
2852 391
2853 391
2854 309
2855 391
2856 238
2857 128
2858 349
2859 218
2860 349
2861 238
2862 238
2863 309
2864 238
2865 232
2866 309
2867 309
2868 218
2869 372
2870 218
2871 128
2872 128
2873 349
2874 391
2875 128
2876 391
2877 218
2878 238
2879 218
2880 50
2881 391
2882 238
2883 26
2884 128
2885 26
2886 228
2887 302
2888 218
2889 128
2890 333
2891 238
2892 309
2893 128
2894 238
2895 218
2896 182
2897 218
2898 349
2899 302
2900 238
2901 402
2902 238
2903 218
2904 26
2905 349
2906 302
2907 128
2908 372
2909 391
2910 196
2911 114
2912 218
2913 232
2914 309
2915 26
2916 218
2917 128
2918 149
2919 309
2920 105
2921 198
2922 349
2923 115
2924 228
2925 238
2926 349
2927 309
2928 372
2929 238
2930 105
2931 349
2932 26
2933 302
2934 302
2935 182
2936 238
2937 302
2938 372
2939 128
2940 402
2941 302
2942 105
2943 128
2944 232
2945 116
2946 238
2947 232
2948 223
2949 238
2950 372
2951 218
2952 182
2953 238
2954 26
2955 128
2956 232
2957 117
2958 209
2959 391
2960 26
2961 232
2962 128
2963 302
2964 238
2965 228
2966 238
2967 182
2968 128
2969 218
2970 238
2971 218
2972 349
2973 128
2974 228
2975 349
2976 372
2977 238
2978 238
2979 218
2980 218
2981 218
2982 238
2983 218
2984 309
2985 128
2986 218
2987 182
2988 309
2989 238
2990 238
2991 302
2992 105
2993 238
2994 238
2995 218
2996 105
2997 105
2998 367
2999 402
3000 218
3001 128
3002 238
3003 171
3004 238
3005 11
3006 218
3007 128
3008 218
3009 232
3010 26
3011 26
3012 26
3013 128
3014 105
3015 218
3016 309
3017 218
3018 391
3019 105
3020 349
3021 372
3022 238
3023 302
3024 118
3025 218
3026 372
3027 391
3028 228
3029 238
3030 105
3031 391
3032 402
3033 105
3034 218
3035 238
3036 238
3037 391
3038 391
3039 105
3040 105
3041 182
3042 402
3043 119
3044 218
3045 26
3046 218
3047 182
3048 228
3049 149
3050 26
3051 372
3052 349
3053 238
3054 309
3055 218
3056 218
3057 182
3058 182
3059 309
3060 431
3061 402
3062 232
3063 218
3064 218
3065 238
3066 391
3067 238
3068 128
3069 128
3070 26
3071 120
3072 391
3073 14
3074 105
3075 309
3076 218
3077 128
3078 182
3079 105
3080 232
3081 105
3082 309
3083 391
3084 391
3085 105
3086 128
3087 128
3088 128
3089 218
3090 309
3091 238
3092 121
3093 122
3094 123
3095 238
3096 372
3097 124
3098 349
3099 309
3100 402
3101 105
3102 218
3103 309
3104 309
3105 302
3106 309
3107 349
3108 128
3109 402
3110 372
3111 391
3112 333
3113 218
3114 391
3115 105
3116 232
3117 372
3118 182
3119 232
3120 402
3121 182
3122 182
3123 182
3124 238
3125 402
3126 105
3127 238
3128 309
3129 238
3130 238
3131 372
3132 213
3133 105
3134 430
3135 105
3136 372
3137 372
3138 238
3139 105
3140 218
3141 125
3142 126
3143 136
3144 182
3145 105
3146 218
3147 80
3148 238
3149 218
3150 182
3151 182
3152 391
3153 302
3154 391
3155 108
3156 309
3157 349
3158 182
3159 372
3160 228
3161 228
3162 349
3163 218
3164 391
3165 372
3166 88
3167 169
3168 309
3169 105
3170 218
3171 238
3172 372
3173 218
3174 127
3175 349
3176 218
3177 312
3178 128
3179 128
3180 391
3181 391
3182 372
3183 218
3184 129
3185 182
3186 62
3187 238
3188 309
3189 349
3190 248
3191 309
3192 203
3193 238
3194 130
3195 49
3196 80
3197 218
3198 44
3199 182
3200 402
3201 228
3202 228
3203 309
3204 238
3205 349
3206 228
3207 238
3208 218
3209 131
3210 309
3211 402
3212 218
3213 309
3214 39
3215 302
3216 372
3217 372
3218 132
3219 218
3220 372
3221 26
3222 6
3223 309
3224 309
3225 218
3226 218
3227 26
3228 26
3229 218
3230 228
3231 110
3232 302
3233 362
3234 391
3235 391
3236 349
3237 309
3238 26
3239 228
3240 372
3241 238
3242 349
3243 302
3244 372
3245 309
3246 309
3247 372
3248 309
3249 309
3250 133
3251 128
3252 349
3253 228
3254 134
3255 238
3256 135
3257 218
3258 238
3259 105
3260 96
3261 183
3262 232
3263 349
3264 372
3265 309
3266 372
3267 309
3268 238
3269 228
3270 402
3271 228
3272 309
3273 182
3274 302
3275 232
3276 218
3277 372
3278 228
3279 238
3280 228
3281 309
3282 309
3283 309
3284 26
3285 26
3286 309
3287 309
3288 218
3289 136
3290 309
3291 182
3292 391
3293 238
3294 238
3295 238
3296 137
3297 302
3298 105
3299 1
3300 372
3301 402
3302 372
3303 238
3304 309
3305 309
3306 309
3307 228
3308 341
3309 391
3310 309
3311 232
3312 309
3313 305
3314 238
3315 228
3316 128
3317 372
3318 218
3319 34
3320 372
3321 391
3322 236
3323 238
3324 238
3325 349
3326 349
3327 218
3328 105
3329 128
3330 138
3331 139
3332 372
3333 105
3334 338
3335 218
3336 128
3337 302
3338 309
3339 391
3340 218
3341 128
3342 140
3343 141
3344 343
3345 309
3346 238
3347 182
3348 105
3349 26
3350 349
3351 238
3352 302
3353 238
3354 232
3355 181
3356 128
3357 128
3358 238
3359 128
3360 302
3361 218
3362 238
3363 218
3364 232
3365 218
3366 238
3367 218
3368 238
3369 238
3370 92
3371 238
3372 218
3373 238
3374 142
3375 228
3376 105
3377 218
3378 105
3379 26
3380 218
3381 281
3382 238
3383 238
3384 218
3385 238
3386 349
3387 238
3388 238
3389 22
3390 218
3391 309
3392 228
3393 391
3394 309
3395 218
3396 238
3397 142
3398 391
3399 228
3400 232
3401 128
3402 26
3403 309
3404 165
3405 105
3406 309
3407 26
3408 302
3409 309
3410 309
3411 218
3412 26
3413 372
3414 277
3415 218
3416 402
3417 218
3418 402
3419 349
3420 218
3421 402
3422 280
3423 349
3424 238
3425 349
3426 232
3427 232
3428 182
3429 218
3430 309
3431 309
3432 238
3433 349
3434 309
3435 218
3436 309
3437 309
3438 218
3439 199
3440 344
3441 302
3442 218
3443 218
3444 105
3445 349
3446 182
3447 218
3448 372
3449 272
3450 349
3451 372
3452 309
3453 228
3454 238
3455 258
3456 349
3457 218
3458 349
3459 238
3460 372
3461 402
3462 309
3463 402
3464 218
3465 349
3466 218
3467 105
3468 105
3469 309
3470 391
3471 26
3472 218
3473 402
3474 128
3475 112
3476 218
3477 218
3478 105
3479 391
3480 238
3481 391
3482 391
3483 309
3484 182
3485 218
3486 232
3487 218
3488 182
3489 238
3490 105
3491 309
3492 429
3493 228
3494 238
3495 238
3496 0
3497 228
3498 309
3499 228
3500 238
3501 218
3502 349
3503 349
3504 228
3505 238
3506 232
3507 309
3508 143
3509 238
3510 391
3511 182
3512 238
3513 26
3514 228
3515 309
3516 309
3517 218
3518 238
3519 128
3520 218
3521 238
3522 349
3523 238
3524 238
3525 182
3526 218
3527 144
3528 372
3529 302
3530 238
3531 372
3532 372
3533 372
3534 302
3535 309
3536 238
3537 309
3538 68
3539 128
3540 309
3541 218
3542 309
3543 391
3544 302
3545 218
3546 349
3547 302
3548 228
3549 238
3550 128
3551 302
3552 238
3553 26
3554 349
3555 218
3556 309
3557 33
3558 238
3559 228
3560 218
3561 218
3562 302
3563 309
3564 309
3565 391
3566 228
3567 309
3568 228
3569 129
3570 202
3571 349
3572 391
3573 402
3574 46
3575 238
3576 238
3577 238
3578 238
3579 238
3580 218
3581 128
3582 128
3583 309
3584 238
3585 166
3586 228
3587 391
3588 349
3589 232
3590 218
3591 238
3592 309
3593 238
3594 238
3595 145
3596 26
3597 402
3598 149
3599 182
3600 372
3601 182
3602 302
3603 182
3604 123
3605 146
3606 349
3607 128
3608 349
3609 232
3610 238
3611 309
3612 218
3613 228
3614 349
3615 128
3616 372
3617 218
3618 128
3619 218
3620 238
3621 182
3622 111
3623 147
3624 232
3625 309
3626 309
3627 218
3628 309
3629 309
3630 238
3631 309
3632 26
3633 182
3634 128
3635 309
3636 26
3637 218
3638 232
3639 302
3640 308
3641 349
3642 26
3643 349
3644 391
3645 128
3646 148
3647 26
3648 238
3649 218
3650 309
3651 309
3652 218
3653 309
3654 309
3655 238
3656 218
3657 372
3658 232
3659 218
3660 128
3661 391
3662 391
3663 402
3664 402
3665 402
3666 182
3667 218
3668 128
3669 238
3670 309
3671 218
3672 309
3673 309
3674 238
3675 349
3676 182
3677 302
3678 128
3679 309
3680 309
3681 402
3682 218
3683 218
3684 410
3685 128
3686 218
3687 105
3688 228
3689 302
3690 10
3691 128
3692 238
3693 26
3694 377
3695 391
3696 218
3697 391
3698 238
3699 128
3700 309
3701 238
3702 203
3703 218
3704 391
3705 128
3706 372
3707 238
3708 218
3709 372
3710 402
3711 228
3712 182
3713 402
3714 182
3715 149
3716 302
3717 105
3718 309
3719 26
3720 309
3721 309
3722 26
3723 228
3724 309
3725 309
3726 309
3727 309
3728 218
3729 309
3730 309
3731 182
3732 228
3733 314
3734 402
3735 309
3736 150
3737 26
3738 391
3739 309
3740 309
3741 26
3742 228
3743 182
3744 309
3745 309
3746 309
3747 182
3748 309
3749 238
3750 372
3751 391
3752 391
3753 238
3754 151
3755 309
3756 105
3757 309
3758 105
3759 152
3760 238
3761 182
3762 105
3763 309
3764 228
3765 309
3766 309
3767 105
3768 309
3769 309
3770 391
3771 228
3772 372
3773 372
3774 128
3775 26
3776 218
3777 153
3778 218
3779 372
3780 309
3781 238
3782 278
3783 218
3784 35
3785 182
3786 372
3787 154
3788 349
3789 218
3790 302
3791 402
3792 218
3793 185
3794 185
3795 372
3796 218
3797 228
3798 232
3799 372
3800 402
3801 182
3802 302
3803 238
3804 408
3805 391
3806 402
3807 309
3808 19
3809 218
3810 238
3811 391
3812 232
3813 105
3814 26
3815 128
3816 283
3817 238
3818 402
3819 182
3820 105
3821 391
3822 238
3823 182
3824 349
3825 172
3826 238
3827 228
3828 349
3829 232
3830 26
3831 372
3832 309
3833 309
3834 105
3835 402
3836 228
3837 391
3838 182
3839 218
3840 218
3841 128
3842 228
3843 228
3844 349
3845 34
3846 218
3847 228
3848 309
3849 349
3850 309
3851 279
3852 349
3853 424
3854 309
3855 218
3856 309
3857 349
3858 155
3859 105
3860 309
3861 309
3862 218
3863 391
3864 238
3865 238
3866 156
3867 391
3868 302
3869 228
3870 238
3871 218
3872 349
3873 391
3874 228
3875 309
3876 218
3877 349
3878 386
3879 391
3880 372
3881 349
3882 128
3883 309
3884 218
3885 182
3886 218
3887 349
3888 309
3889 272
3890 228
3891 391
3892 391
3893 128
3894 157
3895 228
3896 391
3897 156
3898 302
3899 128
3900 349
3901 309
3902 158
3903 105
3904 309
3905 302
3906 159
3907 402
3908 105
3909 309
3910 182
3911 189
3912 128
3913 404
3914 160
3915 402
3916 105
3917 228
3918 302
3919 218
3920 349
3921 128
3922 218
3923 354
3924 272
3925 182
3926 382
3927 402
3928 309
3929 105
3930 182
3931 309
3932 309
3933 238
3934 349
3935 309
3936 33
3937 238
3938 391
3939 26
3940 105
3941 391
3942 228
3943 105
3944 218
3945 349
3946 218
3947 218
3948 238
3949 309
3950 309
3951 309
3952 218
3953 218
3954 276
3955 105
3956 287
3957 4
3958 372
3959 403
3960 402
3961 365
3962 182
3963 128
3964 402
3965 238
3966 402
3967 302
3968 105
3969 238
3970 161
3971 372
3972 26
3973 309
3974 238
3975 162
3976 26
3977 260
3978 26
3979 218
3980 238
3981 402
3982 218
3983 218
3984 26
3985 26
3986 228
3987 391
3988 218
3989 228
3990 238
3991 228
3992 349
3993 309
3994 194
3995 309
3996 349
3997 238
3998 218
3999 26
4000 218
4001 105
4002 228
4003 349
4004 238
4005 309
4006 218
4007 218
4008 218
4009 402
4010 218
4011 218
4012 238
4013 238
4014 402
4015 218
4016 105
4017 238
4018 309
4019 349
4020 309
4021 238
4022 105
4023 302
4024 128
4025 124
4026 309
4027 309
4028 163
4029 302
4030 164
4031 26
4032 238
4033 128
4034 238
4035 309
4036 232
4037 372
4038 232
4039 182
4040 128
4041 402
4042 218
4043 372
4044 30
4045 105
4046 391
4047 372
4048 349
4049 128
4050 426
4051 259
4052 232
4053 238
4054 309
4055 309
4056 302
4057 16
4058 333
4059 328
4060 232
4061 128
4062 391
4063 238
4064 232
4065 402
4066 26
4067 228
4068 309
4069 228
4070 26
4071 218
4072 309
4073 228
4074 26
4075 238
4076 349
4077 238
4078 349
4079 349
4080 109
4081 302
4082 372
4083 309
4084 372
4085 218
4086 105
4087 309
4088 309
4089 309
4090 309
4091 309
4092 309
4093 26
4094 26
4095 218
4096 165
4097 309
4098 309
4099 105
4100 182
4101 309
4102 402
4103 402
4104 232
4105 309
4106 182
4107 26
4108 105
4109 309
4110 238
4111 402
4112 22
4113 307
4114 182
4115 228
4116 402
4117 309
4118 349
4119 228
4120 128
4121 166
4122 309
4123 105
4124 302
4125 167
4126 168
4127 309
4128 372
4129 349
4130 309
4131 232
4132 218
4133 232
4134 182
4135 349
4136 238
4137 33
4138 105
4139 238
4140 372
4141 26
4142 197
4143 218
4144 391
4145 309
4146 315
4147 128
4148 105
4149 302
4150 105
4151 232
4152 402
4153 169
4154 170
4155 238
4156 238
4157 238
4158 349
4159 372
4160 391
4161 232
4162 218
4163 105
4164 218
4165 309
4166 128
4167 218
4168 26
4169 232
4170 372
4171 372
4172 182
4173 376
4174 256
4175 238
4176 309
4177 32
4178 391
4179 218
4180 407
4181 232
4182 228
4183 391
4184 349
4185 238
4186 128
4187 402
4188 238
4189 238
4190 349
4191 228
4192 391
4193 372
4194 228
4195 238
4196 171
4197 309
4198 232
4199 309
4200 391
4201 26
4202 309
4203 372
4204 182
4205 228
4206 228
4207 228
4208 228
4209 228
4210 228
4211 228
4212 349
4213 228
4214 228
4215 228
4216 302
4217 228
4218 228
4219 26
4220 228
4221 228
4222 309
4223 309
4224 309
4225 228
4226 238
4227 218
4228 238
4229 391
4230 218
4231 349
4232 218
4233 309
4234 182
4235 238
4236 105
4237 309
4238 26
4239 26
4240 172
4241 402
4242 309
4243 18
4244 66
4245 309
4246 218
4247 349
4248 218
4249 309
4250 309
4251 309
4252 309
4253 218
4254 309
4255 402
4256 402
4257 128
4258 402
4259 232
4260 402
4261 309
4262 105
4263 238
4264 128
4265 238
4266 182
4267 218
4268 228
4269 182
4270 228
4271 218
4272 238
4273 128
4274 173
4275 49
4276 238
4277 182
4278 391
4279 182
4280 174
4281 309
4282 232
4283 228
4284 128
4285 391
4286 282
4287 164
4288 232
4289 54
4290 128
4291 391
4292 232
4293 391
4294 218
4295 309
4296 175
4297 218
4298 309
4299 128
4300 402
4301 218
4302 391
4303 68
4304 128
4305 182
4306 218
4307 139
4308 50
4309 238
4310 182
4311 228
4312 391
4313 238
4314 309
4315 309
4316 105
4317 232
4318 349
4319 309
4320 218
4321 238
4322 391
4323 302
4324 26
4325 26
4326 228
4327 176
4328 177
4329 218
4330 26
4331 218
4332 391
4333 238
4334 238
4335 182
4336 218
4337 218
4338 26
4339 309
4340 218
4341 218
4342 309
4343 228
4344 228
4345 128
4346 309
4347 178
4348 26
4349 309
4350 26
4351 309
4352 309
4353 309
4354 309
4355 228
4356 218
4357 232
4358 238
4359 218
4360 128
4361 182
4362 218
4363 179
4364 238
4365 232
4366 128
4367 228
4368 391
4369 391
4370 218
4371 218
4372 309
4373 180
4374 181
4375 218
4376 51
4377 402
4378 232
4379 306
4380 372
4381 238
4382 372
4383 372
4384 309
4385 309
4386 309
4387 26
4388 232
4389 218
4390 218
4391 26
4392 302
4393 372
4394 218
4395 372
4396 228
4397 228
4398 222
4399 128
4400 349
4401 309
4402 402
4403 275
4404 302
4405 218
4406 309
4407 391
4408 218
4409 218
4410 372
4411 302
4412 402
4413 238
4414 238
4415 128
4416 309
4417 218
4418 26
4419 105
4420 228
4421 128
4422 238
4423 218
4424 238
4425 238
4426 232
4427 228
4428 228
4429 120
4430 402
4431 402
4432 232
4433 39
4434 26
4435 228
4436 372
4437 140
4438 182
4439 183
4440 309
4441 105
4442 218
4443 309
4444 309
4445 182
4446 309
4447 26
4448 402
4449 228
4450 170
4451 218
4452 228
4453 228
4454 309
4455 309
4456 309
4457 105
4458 309
4459 182
4460 218
4461 391
4462 372
4463 238
4464 349
4465 309
4466 238
4467 105
4468 372
4469 391
4470 238
4471 402
4472 238
4473 238
4474 111
4475 232
4476 391
4477 402
4478 402
4479 391
4480 402
4481 184
4482 218
4483 232
4484 238
4485 232
4486 105
4487 302
4488 128
4489 232
4490 309
4491 105
4492 128
4493 105
4494 370
4495 309
4496 309
4497 238
4498 218
4499 100
4500 31
4501 238
4502 128
4503 218
4504 182
4505 391
4506 228
4507 349
4508 26
4509 313
4510 309
4511 185
4512 163
4513 218
4514 363
4515 309
4516 218
4517 309
4518 309
4519 309
4520 228
4521 218
4522 165
4523 309
4524 26
4525 218
4526 336
4527 382
4528 391
4529 26
4530 228
4531 412
4532 19
4533 263
4534 309
4535 128
4536 105
4537 89
4538 238
4539 218
4540 128
4541 182
4542 228
4543 238
4544 402
4545 238
4546 218
4547 218
4548 26
4549 186
4550 187
4551 218
4552 391
4553 309
4554 309
4555 309
4556 218
4557 302
4558 128
4559 228
4560 349
4561 188
4562 302
4563 228
4564 372
4565 372
4566 375
4567 309
4568 128
4569 228
4570 26
4571 309
4572 182
4573 158
4574 26
4575 309
4576 309
4577 218
4578 309
4579 37
4580 98
4581 218
4582 218
4583 218
4584 238
4585 189
4586 232
4587 190
4588 26
4589 349
4590 218
4591 302
4592 228
4593 26
4594 36
4595 309
4596 349
4597 228
4598 228
4599 228
4600 160
4601 105
4602 147
4603 228
4604 228
4605 391
4606 238
4607 232
4608 128
4609 232
4610 228
4611 372
4612 26
4613 218
4614 402
4615 309
4616 191
4617 302
4618 128
4619 302
4620 218
4621 238
4622 218
4623 391
4624 349
4625 218
4626 302
4627 238
4628 218
4629 218
4630 302
4631 266
4632 402
4633 402
4634 238
4635 372
4636 218
4637 232
4638 402
4639 391
4640 238
4641 26
4642 33
4643 105
4644 372
4645 218
4646 302
4647 349
4648 228
4649 218
4650 218
4651 302
4652 128
4653 427
4654 218
4655 218
4656 105
4657 182
4658 302
4659 238
4660 238
4661 141
4662 218
4663 391
4664 105
4665 218
4666 349
4667 228
4668 128
4669 391
4670 218
4671 238
4672 309
4673 349
4674 218
4675 26
4676 332
4677 192
4678 309
4679 391
4680 372
4681 71
4682 0
4683 128
4684 238
4685 218
4686 238
4687 26
4688 182
4689 309
4690 218
4691 309
4692 302
4693 218
4694 128
4695 218
4696 309
4697 105
4698 218
4699 193
4700 182
4701 182
4702 105
4703 302
4704 218
4705 194
4706 309
4707 238
4708 238
4709 391
4710 238
4711 26
4712 402
4713 238
4714 195
4715 349
4716 302
4717 26
4718 105
4719 238
4720 218
4721 349
4722 218
4723 228
4724 228
4725 218
4726 256
4727 128
4728 349
4729 232
4730 218
4731 128
4732 402
4733 26
4734 238
4735 26
4736 128
4737 23
4738 182
4739 105
4740 372
4741 309
4742 349
4743 302
4744 228
4745 228
4746 218
4747 228
4748 302
4749 228
4750 228
4751 228
4752 228
4753 228
4754 372
4755 228
4756 105
4757 228
4758 228
4759 391
4760 128
4761 238
4762 196
4763 228
4764 191
4765 402
4766 218
4767 238
4768 218
4769 246
4770 238
4771 402
4772 391
4773 128
4774 128
4775 119
4776 391
4777 218
4778 128
4779 349
4780 182
4781 128
4782 218
4783 100
4784 228
4785 228
4786 402
4787 352
4788 128
4789 128
4790 197
4791 238
4792 391
4793 372
4794 218
4795 105
4796 391
4797 218
4798 309
4799 128
4800 218
4801 349
4802 402
4803 391
4804 238
4805 182
4806 372
4807 128
4808 26
4809 349
4810 128
4811 402
4812 349
4813 218
4814 218
4815 238
4816 302
4817 349
4818 238
4819 128
4820 309
4821 309
4822 275
4823 309
4824 26
4825 170
4826 372
4827 238
4828 128
4829 74
4830 84
4831 391
4832 182
4833 302
4834 218
4835 105
4836 218
4837 218
4838 309
4839 228
4840 105
4841 21
4842 218
4843 309
4844 218
4845 402
4846 309
4847 391
4848 198
4849 238
4850 349
4851 309
4852 349
4853 391
4854 309
4855 349
4856 238
4857 228
4858 238
4859 218
4860 309
4861 228
4862 391
4863 218
4864 157
4865 349
4866 182
4867 182
4868 349
4869 349
4870 367
4871 26
4872 199
4873 372
4874 238
4875 218
4876 218
4877 200
4878 391
4879 128
4880 309
4881 128
4882 238
4883 26
4884 218
4885 238
4886 349
4887 238
4888 228
4889 232
4890 402
4891 402
4892 105
4893 26
4894 218
4895 218
4896 105
4897 349
4898 26
4899 417
4900 182
4901 128
4902 349
4903 128
4904 302
4905 218
4906 228
4907 232
4908 402
4909 402
4910 299
4911 238
4912 201
4913 309
4914 232
4915 202
4916 218
4917 286
4918 349
4919 309
4920 228
4921 238
4922 238
4923 302
4924 218
4925 128
4926 203
4927 349
4928 128
4929 203
4930 349
4931 302
4932 238
4933 232
4934 149
4935 182
4936 182
4937 218
4938 26
4939 238
4940 349
4941 105
4942 182
4943 142
4944 105
4945 309
4946 26
4947 238
4948 105
4949 204
4950 302
4951 200
4952 205
4953 218
4954 309
4955 349
4956 218
4957 128
4958 218
4959 238
4960 238
4961 228
4962 218
4963 238
4964 105
4965 105
4966 128
4967 182
4968 105
4969 302
4970 105
4971 128
4972 238
4973 218
4974 372
4975 218
4976 182
4977 128
4978 218
4979 351
4980 128
4981 238
4982 367
4983 238
4984 421
4985 238
4986 302
4987 238
4988 302
4989 197
4990 105
4991 128
4992 105
4993 238
4994 206
4995 238
4996 349
4997 238
4998 182
4999 232
5000 128
5001 238
5002 309
5003 232
5004 309
5005 128
5006 238
5007 238
5008 238
5009 309
5010 228
5011 105
5012 232
5013 55
5014 309
5015 349
5016 282
5017 128
5018 312
5019 309
5020 105
5021 228
5022 232
5023 218
5024 228
5025 372
5026 309
5027 238
5028 128
5029 207
5030 238
5031 218
5032 228
5033 302
5034 391
5035 128
5036 402
5037 349
5038 309
5039 309
5040 208
5041 256
5042 209
5043 105
5044 309
5045 210
5046 238
5047 232
5048 232
5049 218
5050 218
5051 26
5052 211
5053 26
5054 228
5055 212
5056 349
5057 218
5058 238
5059 309
5060 349
5061 213
5062 214
5063 215
5064 349
5065 232
5066 128
5067 128
5068 216
5069 391
5070 349
5071 391
5072 349
5073 372
5074 182
5075 228
5076 128
5077 349
5078 105
5079 238
5080 128
5081 182
5082 228
5083 402
5084 238
5085 128
5086 218
5087 182
5088 182
5089 372
5090 391
5091 218
5092 26
5093 26
5094 309
5095 26
5096 309
5097 105
5098 309
5099 218
5100 105
5101 218
5102 128
5103 26
5104 182
5105 372
5106 394
5107 372
5108 372
5109 182
5110 391
5111 349
5112 238
5113 302
5114 238
5115 238
5116 238
5117 26
5118 372
5119 182
5120 26
5121 349
5122 128
5123 309
5124 182
5125 217
5126 128
5127 309
5128 128
5129 218
5130 6
5131 391
5132 391
5133 302
5134 128
5135 238
5136 302
5137 238
5138 349
5139 218
5140 302
5141 349
5142 26
5143 309
5144 26
5145 238
5146 128
5147 128
5148 128
5149 238
5150 358
5151 349
5152 302
5153 232
5154 219
5155 232
5156 228
5157 402
5158 238
5159 238
5160 128
5161 228
5162 220
5163 26
5164 221
5165 302
5166 128
5167 391
5168 222
5169 309
5170 402
5171 238
5172 302
5173 105
5174 238
5175 238
5176 238
5177 223
5178 218
5179 349
5180 232
5181 113
5182 372
5183 26
5184 391
5185 391
5186 128
5187 372
5188 238
5189 105
5190 128
5191 302
5192 302
5193 302
5194 309
5195 238
5196 128
5197 302
5198 349
5199 128
5200 338
5201 309
5202 26
5203 349
5204 238
5205 224
5206 225
5207 218
5208 232
5209 105
5210 228
5211 372
5212 372
5213 182
5214 128
5215 228
5216 128
5217 228
5218 128
5219 218
5220 238
5221 26
5222 218
5223 232
5224 218
5225 238
5226 218
5227 386
5228 182
5229 128
5230 391
5231 372
5232 128
5233 102
5234 218
5235 238
5236 105
5237 349
5238 402
5239 26
5240 72
5241 105
5242 309
5243 26
5244 218
5245 238
5246 103
5247 128
5248 238
5249 111
5250 372
5251 402
5252 33
5253 391
5254 372
5255 226
5256 349
5257 218
5258 402
5259 302
5260 302
5261 26
5262 238
5263 218
5264 182
5265 182
5266 33
5267 26
5268 238
5269 95
5270 218
5271 391
5272 201
5273 358
5274 149
5275 232
5276 372
5277 218
5278 302
5279 182
5280 128
5281 218
5282 218
5283 218
5284 349
5285 218
5286 309
5287 256
5288 349
5289 402
5290 218
5291 232
5292 402
5293 218
5294 349
5295 128
5296 238
5297 238
5298 227
5299 391
5300 238
5301 391
5302 128
5303 391
5304 302
5305 309
5306 128
5307 349
5308 349
5309 372
5310 128
5311 391
5312 349
5313 229
5314 182
5315 309
5316 128
5317 178
5318 26
5319 105
5320 309
5321 391
5322 402
5323 349
5324 182
5325 218
5326 228
5327 218
5328 218
5329 391
5330 402
5331 372
5332 372
5333 182
5334 349
5335 230
5336 182
5337 402
5338 218
5339 218
5340 218
5341 218
5342 238
5343 128
5344 238
5345 26
5346 105
5347 105
5348 372
5349 182
5350 218
5351 231
5352 372
5353 372
5354 302
5355 309
5356 238
5357 233
5358 238
5359 302
5360 105
5361 182
5362 105
5363 302
5364 105
5365 238
5366 232
5367 349
5368 136
5369 309
5370 234
5371 309
5372 309
5373 309
5374 309
5375 309
5376 309
5377 235
5378 309
5379 309
5380 136
5381 228
5382 309
5383 128
5384 218
5385 9
5386 128
5387 218
5388 349
5389 391
5390 218
5391 128
5392 372
5393 238
5394 302
5395 238
5396 238
5397 218
5398 232
5399 182
5400 182
5401 349
5402 391
5403 228
5404 218
5405 218
5406 228
5407 177
5408 391
5409 128
5410 218
5411 218
5412 238
5413 182
5414 349
5415 218
5416 218
5417 26
5418 349
5419 402
5420 26
5421 218
5422 372
5423 238
5424 402
5425 391
5426 309
5427 105
5428 302
5429 238
5430 372
5431 402
5432 228
5433 302
5434 218
5435 218
5436 238
5437 238
5438 309
5439 43
5440 388
5441 185
5442 372
5443 236
5444 302
5445 402
5446 402
5447 195
5448 238
5449 309
5450 349
5451 238
5452 237
5453 238
5454 6
5455 228
5456 309
5457 128
5458 238
5459 391
5460 309
5461 105
5462 26
5463 372
5464 218
5465 302
5466 105
5467 238
5468 372
5469 302
5470 309
5471 238
5472 402
5473 173
5474 232
5475 24
5476 128
5477 218
5478 83
5479 418
5480 372
5481 349
5482 402
5483 218
5484 349
5485 228
5486 218
5487 309
5488 128
5489 349
5490 239
5491 240
5492 228
5493 349
5494 349
5495 238
5496 284
5497 309
5498 228
5499 277
5500 128
5501 128
5502 128
5503 349
5504 128
5505 238
5506 182
5507 128
5508 128
5509 302
5510 128
5511 128
5512 241
5513 349
5514 128
5515 228
5516 128
5517 218
5518 288
5519 228
5520 309
5521 228
5522 402
5523 182
5524 349
5525 228
5526 242
5527 242
5528 105
5529 26
5530 243
5531 204
5532 228
5533 26
5534 244
5535 309
5536 26
5537 182
5538 238
5539 105
5540 309
5541 218
5542 228
5543 391
5544 309
5545 218
5546 105
5547 218
5548 218
5549 391
5550 182
5551 309
5552 238
5553 228
5554 61
5555 76
5556 238
5557 238
5558 238
5559 238
5560 182
5561 218
5562 391
5563 391
5564 26
5565 391
5566 391
5567 309
5568 349
5569 105
5570 105
5571 238
5572 232
5573 128
5574 128
5575 182
5576 228
5577 238
5578 177
5579 237
5580 245
5581 309
5582 182
5583 105
5584 182
5585 372
5586 402
5587 218
5588 128
5589 238
5590 302
5591 289
5592 105
5593 349
5594 238
5595 105
5596 323
5597 372
5598 105
5599 26
5600 238
5601 228
5602 238
5603 218
5604 238
5605 391
5606 232
5607 238
5608 246
5609 247
5610 349
5611 248
5612 218
5613 238
5614 105
5615 400
5616 128
5617 197
5618 391
5619 391
5620 402
5621 309
5622 232
5623 286
5624 309
5625 182
5626 26
5627 128
5628 26
5629 302
5630 249
5631 105
5632 238
5633 309
5634 26
5635 349
5636 127
5637 372
5638 250
5639 317
5640 238
5641 218
5642 391
5643 218
5644 218
5645 218
5646 251
5647 309
5648 218
5649 309
5650 26
5651 326
5652 309
5653 309
5654 309
5655 26
5656 309
5657 309
5658 228
5659 402
5660 232
5661 372
5662 105
5663 136
5664 218
5665 61
5666 218
5667 128
5668 252
5669 238
5670 128
5671 238
5672 128
5673 232
5674 238
5675 238
5676 309
5677 372
5678 145
5679 372
5680 402
5681 253
5682 349
5683 238
5684 128
5685 372
5686 402
5687 218
5688 309
5689 372
5690 218
5691 372
5692 101
5693 302
5694 232
5695 349
5696 349
5697 128
5698 182
5699 218
5700 302
5701 309
5702 182
5703 128
5704 291
5705 309
5706 309
5707 254
5708 182
5709 92
5710 218
5711 402
5712 182
5713 228
5714 372
5715 238
5716 232
5717 218
5718 128
5719 105
5720 201
5721 255
5722 128
5723 105
5724 349
5725 309
5726 26
5727 309
5728 105
5729 105
5730 228
5731 391
5732 372
5733 349
5734 218
5735 228
5736 228
5737 238
5738 365
5739 105
5740 105
5741 128
5742 128
5743 256
5744 105
5745 257
5746 182
5747 105
5748 105
5749 302
5750 402
5751 182
5752 391
5753 128
5754 105
5755 26
5756 309
5757 26
5758 128
5759 349
5760 238
5761 218
5762 26
5763 128
5764 238
5765 258
5766 309
5767 309
5768 402
5769 128
5770 372
5771 218
5772 238
5773 218
5774 259
5775 309
5776 391
5777 309
5778 189
5779 238
5780 128
5781 260
5782 232
5783 402
5784 218
5785 128
5786 128
5787 238
5788 218
5789 218
5790 238
5791 238
5792 26
5793 391
5794 372
5795 372
5796 228
5797 302
5798 391
5799 312
5800 309
5801 26
5802 228
5803 128
5804 302
5805 372
5806 309
5807 372
5808 26
5809 372
5810 238
5811 241
5812 261
5813 128
5814 302
5815 218
5816 23
5817 262
5818 349
5819 228
5820 128
5821 182
5822 228
5823 105
5824 218
5825 128
5826 372
5827 302
5828 100
5829 309
5830 128
5831 105
5832 302
5833 218
5834 105
5835 105
5836 228
5837 218
5838 105
5839 228
5840 105
5841 309
5842 302
5843 182
5844 302
5845 105
5846 105
5847 309
5848 26
5849 105
5850 263
5851 264
5852 123
5853 309
5854 309
5855 309
5856 349
5857 391
5858 228
5859 218
5860 349
5861 238
5862 238
5863 349
5864 349
5865 238
5866 238
5867 302
5868 402
5869 26
5870 378
5871 218
5872 228
5873 105
5874 228
5875 218
5876 302
5877 182
5878 228
5879 105
5880 309
5881 26
5882 349
5883 105
5884 185
5885 105
5886 400
5887 218
5888 138
5889 93
5890 218
5891 218
5892 105
5893 218
5894 30
5895 128
5896 265
5897 309
5898 309
5899 218
5900 309
5901 218
5902 309
5903 128
5904 218
5905 349
5906 238
5907 349
5908 372
5909 402
5910 349
5911 302
5912 26
5913 266
5914 182
5915 372
5916 267
5917 302
5918 309
5919 309
5920 302
5921 128
5922 349
5923 238
5924 228
5925 402
5926 268
5927 268
5928 269
5929 228
5930 238
5931 182
5932 182
5933 232
5934 270
5935 26
5936 302
5937 128
5938 309
5939 309
5940 309
5941 309
5942 228
5943 182
5944 349
5945 364
5946 235
5947 154
5948 309
5949 271
5950 105
5951 228
5952 232
5953 302
5954 302
5955 128
5956 309
5957 234
5958 218
5959 309
5960 309
5961 309
5962 45
5963 26
5964 26
5965 218
5966 81
5967 26
5968 248
5969 218
5970 309
5971 248
5972 105
5973 309
5974 218
5975 183
5976 26
5977 309
5978 309
5979 309
5980 402
5981 26
5982 309
5983 309
5984 309
5985 166
5986 218
5987 272
5988 228
5989 391
5990 166
5991 273
5992 349
5993 105
5994 218
5995 324
5996 391
5997 302
5998 238
5999 238
6000 182
6001 349
6002 238
6003 309
6004 302
6005 128
6006 349
6007 105
6008 128
6009 218
6010 26
6011 402
6012 30
6013 302
6014 26
6015 128
6016 128
6017 232
6018 238
6019 218
6020 372
6021 238
6022 182
6023 238
6024 274
6025 182
6026 128
6027 309
6028 218
6029 218
6030 218
6031 238
6032 187
6033 275
6034 218
6035 302
6036 218
6037 26
6038 26
6039 128
6040 218
6041 26
6042 26
6043 232
6044 105
6045 128
6046 372
6047 105
6048 238
6049 238
6050 302
6051 33
6052 428
6053 128
6054 232
6055 26
6056 349
6057 347
6058 254
6059 391
6060 402
6061 128
6062 105
6063 276
6064 402
6065 128
6066 228
6067 61
6068 228
6069 238
6070 238
6071 238
6072 105
6073 218
6074 218
6075 155
6076 182
6077 55
6078 228
6079 238
6080 349
6081 238
6082 218
6083 232
6084 391
6085 105
6086 391
6087 87
6088 182
6089 277
6090 309
6091 398
6092 26
6093 26
6094 335
6095 182
6096 128
6097 278
6098 128
6099 128
6100 128
6101 128
6102 349
6103 349
6104 349
6105 128
6106 309
6107 227
6108 218
6109 228
6110 128
6111 232
6112 128
6113 238
6114 205
6115 218
6116 349
6117 238
6118 218
6119 391
6120 402
6121 309
6122 238
6123 128
6124 238
6125 218
6126 218
6127 167
6128 279
6129 24
6130 280
6131 182
6132 349
6133 302
6134 238
6135 218
6136 128
6137 26
6138 218
6139 309
6140 391
6141 105
6142 372
6143 372
6144 349
6145 381
6146 391
6147 309
6148 182
6149 218
6150 238
6151 105
6152 105
6153 232
6154 309
6155 26
6156 281
6157 105
6158 105
6159 128
6160 302
6161 182
6162 238
6163 182
6164 309
6165 228
6166 232
6167 282
6168 282
6169 159
6170 283
6171 105
6172 182
6173 302
6174 118
6175 105
6176 218
6177 182
6178 349
6179 309
6180 309
6181 238
6182 218
6183 309
6184 391
6185 309
6186 182
6187 302
6188 105
6189 218
6190 372
6191 90
6192 399
6193 128
6194 391
6195 284
6196 309
6197 218
6198 218
6199 340
6200 218
6201 218
6202 128
6203 182
6204 285
6205 372
6206 309
6207 218
6208 128
6209 128
6210 26
6211 349
6212 309
6213 310
6214 309
6215 26
6216 182
6217 232
6218 238
6219 277
6220 218
6221 402
6222 182
6223 128
6224 372
6225 283
6226 57
6227 309
6228 309
6229 372
6230 128
6231 286
6232 228
6233 382
6234 218
6235 105
6236 105
6237 391
6238 302
6239 105
6240 131
6241 402
6242 228
6243 228
6244 206
6245 232
6246 349
6247 232
6248 228
6249 309
6250 26
6251 26
6252 105
6253 26
6254 391
6255 218
6256 228
6257 349
6258 391
6259 105
6260 182
6261 349
6262 287
6263 105
6264 218
6265 238
6266 372
6267 218
6268 349
6269 182
6270 221
6271 105
6272 309
6273 228
6274 105
6275 26
6276 238
6277 309
6278 302
6279 228
6280 218
6281 309
6282 309
6283 218
6284 309
6285 345
6286 309
6287 232
6288 309
6289 391
6290 26
6291 26
6292 288
6293 105
6294 391
6295 349
6296 391
6297 210
6298 309
6299 182
6300 105
6301 218
6302 402
6303 238
6304 309
6305 309
6306 309
6307 26
6308 309
6309 228
6310 228
6311 228
6312 228
6313 309
6314 309
6315 218
6316 417
6317 309
6318 309
6319 120
6320 309
6321 309
6322 309
6323 238
6324 309
6325 309
6326 218
6327 309
6328 309
6329 105
6330 309
6331 105
6332 26
6333 218
6334 26
6335 309
6336 248
6337 238
6338 238
6339 26
6340 349
6341 309
6342 218
6343 309
6344 228
6345 350
6346 405
6347 26
6348 309
6349 26
6350 218
6351 259
6352 238
6353 309
6354 349
6355 402
6356 128
6357 128
6358 289
6359 218
6360 309
6361 309
6362 182
6363 391
6364 218
6365 128
6366 128
6367 128
6368 64
6369 26
6370 128
6371 302
6372 309
6373 105
6374 290
6375 228
6376 232
6377 349
6378 238
6379 391
6380 232
6381 309
6382 232
6383 228
6384 349
6385 218
6386 309
6387 26
6388 238
6389 218
6390 309
6391 309
6392 218
6393 386
6394 26
6395 238
6396 128
6397 309
6398 309
6399 309
6400 14
6401 238
6402 391
6403 190
6404 26
6405 105
6406 372
6407 203
6408 218
6409 309
6410 218
6411 232
6412 232
6413 302
6414 302
6415 238
6416 309
6417 238
6418 309
6419 105
6420 218
6421 238
6422 218
6423 238
6424 218
6425 218
6426 291
6427 26
6428 372
6429 309
6430 349
6431 402
6432 309
6433 218
6434 238
6435 238
6436 132
6437 333
6438 351
6439 128
6440 238
6441 182
6442 391
6443 391
6444 218
6445 349
6446 200
6447 309
6448 309
6449 238
6450 238
6451 128
6452 238
6453 256
6454 182
6455 228
6456 238
6457 232
6458 391
6459 128
6460 128
6461 238
6462 349
6463 309
6464 292
6465 105
6466 349
6467 10
6468 105
6469 238
6470 182
6471 128
6472 391
6473 128
6474 309
6475 238
6476 105
6477 293
6478 378
6479 228
6480 128
6481 309
6482 182
6483 238
6484 238
6485 218
6486 402
6487 349
6488 228
6489 302
6490 302
6491 238
6492 128
6493 232
6494 238
6495 238
6496 238
6497 232
6498 105
6499 128
6500 128
6501 228
6502 372
6503 418
6504 218
6505 128
6506 302
6507 372
6508 232
6509 182
6510 218
6511 391
6512 238
6513 309
6514 228
6515 218
6516 238
6517 402
6518 228
6519 238
6520 256
6521 372
6522 128
6523 128
6524 182
6525 128
6526 49
6527 218
6528 238
6529 105
6530 349
6531 228
6532 218
6533 218
6534 218
6535 218
6536 26
6537 402
6538 402
6539 218
6540 295
6541 402
6542 228
6543 232
6544 349
6545 349
6546 238
6547 105
6548 309
6549 228
6550 228
6551 228
6552 182
6553 228
6554 294
6555 228
6556 228
6557 228
6558 228
6559 228
6560 302
6561 105
6562 238
6563 232
6564 128
6565 99
6566 218
6567 128
6568 197
6569 256
6570 218
6571 372
6572 349
6573 372
6574 105
6575 182
6576 349
6577 372
6578 402
6579 349
6580 238
6581 349
6582 128
6583 166
6584 218
6585 105
6586 349
6587 218
6588 128
6589 105
6590 182
6591 372
6592 218
6593 218
6594 372
6595 238
6596 59
6597 182
6598 302
6599 349
6600 106
6601 218
6602 295
6603 218
6604 228
6605 372
6606 218
6607 228
6608 218
6609 232
6610 349
6611 238
6612 349
6613 391
6614 402
6615 228
6616 105
6617 128
6618 128
6619 105
6620 391
6621 402
6622 182
6623 218
6624 287
6625 218
6626 275
6627 26
6628 238
6629 391
6630 402
6631 218
6632 302
6633 128
6634 309
6635 189
6636 238
6637 105
6638 218
6639 296
6640 232
6641 128
6642 349
6643 238
6644 238
6645 182
6646 119
6647 128
6648 218
6649 266
6650 238
6651 349
6652 302
6653 362
6654 128
6655 372
6656 218
6657 218
6658 238
6659 349
6660 128
6661 349
6662 309
6663 238
6664 218
6665 182
6666 391
6667 238
6668 218
6669 218
6670 372
6671 349
6672 128
6673 402
6674 302
6675 309
6676 218
6677 238
6678 218
6679 238
6680 391
6681 128
6682 105
6683 228
6684 128
6685 128
6686 128
6687 128
6688 238
6689 349
6690 349
6691 349
6692 218
6693 391
6694 232
6695 309
6696 309
6697 128
6698 218
6699 218
6700 309
6701 238
6702 297
6703 232
6704 349
6705 298
6706 238
6707 128
6708 182
6709 182
6710 218
6711 218
6712 238
6713 391
6714 26
6715 391
6716 302
6717 402
6718 182
6719 232
6720 232
6721 299
6722 128
6723 391
6724 128
6725 402
6726 300
6727 402
6728 302
6729 349
6730 218
6731 302
6732 309
6733 309
6734 151
6735 218
6736 105
6737 309
6738 218
6739 218
6740 182
6741 105
6742 68
6743 182
6744 182
6745 128
6746 349
6747 309
6748 218
6749 302
6750 26
6751 128
6752 128
6753 182
6754 182
6755 262
6756 301
6757 182
6758 309
6759 0
6760 391
6761 302
6762 218
6763 309
6764 218
6765 372
6766 26
6767 218
6768 238
6769 105
6770 218
6771 391
6772 372
6773 372
6774 128
6775 159
6776 26
6777 218
6778 309
6779 372
6780 218
6781 391
6782 108
6783 6
6784 128
6785 349
6786 105
6787 349
6788 105
6789 128
6790 238
6791 309
6792 105
6793 182
6794 105
6795 349
6796 150
6797 391
6798 238
6799 302
6800 349
6801 238
6802 105
6803 372
6804 402
6805 105
6806 197
6807 218
6808 228
6809 232
6810 218
6811 128
6812 218
6813 238
6814 372
6815 128
6816 218
6817 218
6818 128
6819 303
6820 302
6821 128
6822 128
6823 372
6824 105
6825 402
6826 105
6827 349
6828 128
6829 302
6830 182
6831 374
6832 238
6833 349
6834 128
6835 218
6836 238
6837 302
6838 304
6839 26
6840 309
6841 391
6842 349
6843 391
6844 218
6845 218
6846 302
6847 402
6848 302
6849 218
6850 349
6851 105
6852 391
6853 339
6854 105
6855 309
6856 305
6857 182
6858 232
6859 238
6860 238
6861 26
6862 349
6863 105
6864 218
6865 372
6866 306
6867 309
6868 218
6869 349
6870 349
6871 105
6872 133
6873 238
6874 238
6875 182
6876 182
6877 391
6878 238
6879 302
6880 182
6881 218
6882 218
6883 105
6884 128
6885 26
6886 266
6887 182
6888 218
6889 372
6890 391
6891 238
6892 391
6893 128
6894 302
6895 394
6896 238
6897 307
6898 218
6899 26
6900 218
6901 228
6902 232
6903 349
6904 105
6905 232
6906 218
6907 372
6908 238
6909 333
6910 238
6911 238
6912 238
6913 391
6914 349
6915 308
6916 105
6917 182
6918 105
6919 182
6920 391
6921 238
6922 238
6923 218
6924 309
6925 182
6926 218
6927 128
6928 128
6929 238
6930 310
6931 218
6932 105
6933 309
6934 391
6935 238
6936 55
6937 128
6938 309
6939 238
6940 182
6941 302
6942 105
6943 253
6944 421
6945 182
6946 270
6947 182
6948 218
6949 386
6950 349
6951 391
6952 311
6953 218
6954 199
6955 312
6956 238
6957 391
6958 238
6959 105
6960 105
6961 391
6962 249
6963 182
6964 349
6965 349
6966 391
6967 105
6968 302
6969 238
6970 128
6971 302
6972 105
6973 26
6974 402
6975 309
6976 232
6977 228
6978 402
6979 302
6980 286
6981 391
6982 372
6983 349
6984 402
6985 105
6986 402
6987 309
6988 228
6989 128
6990 309
6991 313
6992 314
6993 302
6994 128
6995 349
6996 105
6997 218
6998 105
6999 128
7000 315
7001 26
7002 372
7003 391
7004 105
7005 182
7006 238
7007 372
7008 349
7009 232
7010 218
7011 391
7012 218
7013 128
7014 182
7015 391
7016 309
7017 194
7018 372
7019 372
7020 128
7021 228
7022 238
7023 105
7024 402
7025 182
7026 238
7027 402
7028 40
7029 218
7030 105
7031 238
7032 182
7033 238
7034 238
7035 128
7036 238
7037 33
7038 182
7039 402
7040 26
7041 218
7042 402
7043 349
7044 400
7045 105
7046 273
7047 128
7048 349
7049 161
7050 105
7051 238
7052 182
7053 218
7054 128
7055 228
7056 309
7057 372
7058 238
7059 238
7060 238
7061 182
7062 391
7063 302
7064 391
7065 349
7066 105
7067 309
7068 232
7069 349
7070 238
7071 218
7072 302
7073 302
7074 238
7075 105
7076 402
7077 128
7078 402
7079 128
7080 222
7081 238
7082 218
7083 302
7084 185
7085 316
7086 302
7087 182
7088 302
7089 232
7090 317
7091 238
7092 105
7093 218
7094 218
7095 302
7096 391
7097 229
7098 128
7099 26
7100 395
7101 238
7102 238
7103 238
7104 238
7105 238
7106 238
7107 391
7108 128
7109 349
7110 128
7111 128
7112 318
7113 349
7114 218
7115 128
7116 238
7117 105
7118 105
7119 402
7120 309
7121 372
7122 238
7123 391
7124 232
7125 218
7126 218
7127 302
7128 228
7129 238
7130 218
7131 218
7132 372
7133 238
7134 105
7135 238
7136 238
7137 302
7138 232
7139 128
7140 231
7141 391
7142 182
7143 319
7144 391
7145 309
7146 372
7147 238
7148 309
7149 182
7150 26
7151 349
7152 184
7153 232
7154 218
7155 105
7156 402
7157 391
7158 238
7159 182
7160 182
7161 218
7162 372
7163 128
7164 182
7165 128
7166 391
7167 182
7168 182
7169 238
7170 320
7171 391
7172 321
7173 218
7174 105
7175 309
7176 105
7177 228
7178 71
7179 218
7180 128
7181 128
7182 309
7183 218
7184 402
7185 322
7186 232
7187 238
7188 238
7189 232
7190 26
7191 256
7192 256
7193 182
7194 309
7195 391
7196 105
7197 256
7198 309
7199 238
7200 105
7201 105
7202 391
7203 238
7204 372
7205 372
7206 349
7207 372
7208 349
7209 33
7210 232
7211 228
7212 349
7213 391
7214 372
7215 383
7216 232
7217 10
7218 128
7219 128
7220 309
7221 218
7222 182
7223 372
7224 218
7225 218
7226 218
7227 128
7228 218
7229 323
7230 391
7231 220
7232 324
7233 228
7234 302
7235 218
7236 322
7237 182
7238 372
7239 372
7240 65
7241 232
7242 98
7243 325
7244 232
7245 402
7246 232
7247 13
7248 218
7249 326
7250 228
7251 309
7252 309
7253 128
7254 372
7255 349
7256 353
7257 327
7258 218
7259 218
7260 218
7261 218
7262 232
7263 103
7264 309
7265 232
7266 26
7267 218
7268 238
7269 218
7270 182
7271 372
7272 218
7273 394
7274 128
7275 302
7276 349
7277 255
7278 328
7279 328
7280 182
7281 329
7282 218
7283 372
7284 238
7285 26
7286 238
7287 402
7288 105
7289 402
7290 232
7291 402
7292 238
7293 238
7294 228
7295 223
7296 26
7297 128
7298 182
7299 349
7300 309
7301 330
7302 182
7303 228
7304 26
7305 182
7306 128
7307 128
7308 228
7309 182
7310 128
7311 197
7312 218
7313 349
7314 349
7315 391
7316 238
7317 26
7318 151
7319 218
7320 309
7321 402
7322 232
7323 402
7324 218
7325 238
7326 182
7327 391
7328 222
7329 252
7330 232
7331 128
7332 372
7333 232
7334 232
7335 349
7336 349
7337 218
7338 105
7339 391
7340 128
7341 128
7342 128
7343 128
7344 182
7345 128
7346 309
7347 128
7348 228
7349 93
7350 218
7351 302
7352 309
7353 128
7354 302
7355 238
7356 218
7357 228
7358 238
7359 26
7360 349
7361 232
7362 331
7363 128
7364 5
7365 238
7366 349
7367 105
7368 135
7369 105
7370 238
7371 402
7372 302
7373 232
7374 105
7375 128
7376 349
7377 402
7378 105
7379 402
7380 218
7381 238
7382 218
7383 349
7384 402
7385 391
7386 232
7387 128
7388 218
7389 218
7390 402
7391 238
7392 128
7393 182
7394 309
7395 372
7396 128
7397 332
7398 286
7399 105
7400 218
7401 230
7402 197
7403 128
7404 128
7405 349
7406 238
7407 372
7408 402
7409 218
7410 238
7411 391
7412 372
7413 218
7414 105
7415 182
7416 182
7417 182
7418 309
7419 128
7420 232
7421 128
7422 238
7423 372
7424 218
7425 128
7426 238
7427 70
7428 218
7429 238
7430 218
7431 103
7432 105
7433 309
7434 232
7435 232
7436 232
7437 232
7438 182
7439 105
7440 228
7441 105
7442 372
7443 218
7444 182
7445 128
7446 391
7447 391
7448 349
7449 105
7450 309
7451 309
7452 228
7453 309
7454 218
7455 238
7456 218
7457 372
7458 218
7459 391
7460 105
7461 333
7462 128
7463 238
7464 238
7465 182
7466 349
7467 105
7468 334
7469 238
7470 238
7471 105
7472 218
7473 228
7474 105
7475 228
7476 391
7477 128
7478 391
7479 182
7480 26
7481 372
7482 349
7483 372
7484 200
7485 128
7486 182
7487 105
7488 335
7489 238
7490 372
7491 227
7492 391
7493 228
7494 232
7495 264
7496 372
7497 372
7498 238
7499 336
7500 238
7501 302
7502 182
7503 182
7504 349
7505 82
7506 5
7507 372
7508 182
7509 349
7510 337
7511 402
7512 238
7513 232
7514 372
7515 372
7516 105
7517 349
7518 33
7519 309
7520 33
7521 309
7522 105
7523 238
7524 349
7525 309
7526 238
7527 218
7528 309
7529 309
7530 218
7531 309
7532 309
7533 309
7534 309
7535 309
7536 309
7537 309
7538 338
7539 26
7540 309
7541 309
7542 218
7543 349
7544 309
7545 402
7546 309
7547 309
7548 218
7549 309
7550 218
7551 238
7552 128
7553 218
7554 218
7555 223
7556 339
7557 372
7558 349
7559 228
7560 184
7561 372
7562 218
7563 105
7564 105
7565 128
7566 105
7567 61
7568 61
7569 128
7570 108
7571 218
7572 391
7573 128
7574 182
7575 128
7576 182
7577 391
7578 182
7579 218
7580 372
7581 115
7582 402
7583 324
7584 238
7585 349
7586 26
7587 238
7588 238
7589 340
7590 218
7591 105
7592 402
7593 341
7594 342
7595 391
7596 218
7597 309
7598 256
7599 218
7600 402
7601 26
7602 349
7603 309
7604 302
7605 218
7606 105
7607 218
7608 309
7609 309
7610 238
7611 128
7612 228
7613 26
7614 66
7615 218
7616 218
7617 182
7618 349
7619 309
7620 26
7621 391
7622 238
7623 128
7624 232
7625 95
7626 128
7627 128
7628 128
7629 128
7630 266
7631 302
7632 330
7633 168
7634 232
7635 128
7636 26
7637 228
7638 113
7639 302
7640 33
7641 128
7642 218
7643 228
7644 302
7645 216
7646 238
7647 182
7648 238
7649 105
7650 309
7651 128
7652 128
7653 218
7654 349
7655 309
7656 228
7657 218
7658 309
7659 343
7660 344
7661 302
7662 238
7663 228
7664 309
7665 218
7666 26
7667 309
7668 309
7669 345
7670 309
7671 309
7672 302
7673 105
7674 238
7675 238
7676 372
7677 218
7678 128
7679 218
7680 128
7681 391
7682 391
7683 238
7684 391
7685 309
7686 309
7687 309
7688 26
7689 349
7690 391
7691 182
7692 105
7693 349
7694 218
7695 309
7696 349
7697 349
7698 182
7699 128
7700 349
7701 26
7702 238
7703 346
7704 218
7705 309
7706 218
7707 402
7708 105
7709 218
7710 372
7711 232
7712 238
7713 182
7714 128
7715 218
7716 391
7717 347
7718 232
7719 182
7720 232
7721 128
7722 105
7723 391
7724 26
7725 218
7726 218
7727 232
7728 105
7729 309
7730 102
7731 238
7732 232
7733 232
7734 402
7735 218
7736 348
7737 218
7738 391
7739 232
7740 391
7741 105
7742 218
7743 302
7744 302
7745 372
7746 182
7747 402
7748 218
7749 309
7750 302
7751 105
7752 26
7753 238
7754 302
7755 391
7756 182
7757 302
7758 182
7759 218
7760 218
7761 238
7762 402
7763 333
7764 128
7765 228
7766 105
7767 402
7768 350
7769 391
7770 391
7771 238
7772 309
7773 391
7774 372
7775 232
7776 128
7777 312
7778 312
7779 351
7780 402
7781 232
7782 232
7783 128
7784 128
7785 232
7786 402
7787 309
7788 372
7789 105
7790 309
7791 232
7792 372
7793 391
7794 309
7795 182
7796 232
7797 238
7798 26
7799 66
7800 105
7801 402
7802 352
7803 238
7804 353
7805 238
7806 309
7807 391
7808 218
7809 309
7810 391
7811 105
7812 228
7813 354
7814 105
7815 391
7816 355
7817 349
7818 244
7819 309
7820 349
7821 128
7822 225
7823 232
7824 356
7825 391
7826 182
7827 238
7828 238
7829 218
7830 105
7831 182
7832 130
7833 232
7834 105
7835 391
7836 238
7837 182
7838 238
7839 302
7840 372
7841 349
7842 238
7843 344
7844 391
7845 232
7846 218
7847 228
7848 238
7849 218
7850 372
7851 302
7852 391
7853 349
7854 309
7855 298
7856 128
7857 391
7858 391
7859 391
7860 309
7861 382
7862 357
7863 182
7864 182
7865 218
7866 251
7867 228
7868 349
7869 218
7870 218
7871 103
7872 128
7873 238
7874 309
7875 232
7876 349
7877 33
7878 309
7879 309
7880 402
7881 218
7882 26
7883 218
7884 402
7885 349
7886 128
7887 238
7888 105
7889 238
7890 218
7891 232
7892 218
7893 372
7894 26
7895 309
7896 309
7897 309
7898 309
7899 26
7900 218
7901 232
7902 372
7903 402
7904 218
7905 218
7906 232
7907 232
7908 128
7909 105
7910 238
7911 402
7912 302
7913 128
7914 372
7915 218
7916 238
7917 238
7918 302
7919 218
7920 218
7921 232
7922 358
7923 26
7924 228
7925 372
7926 372
7927 309
7928 212
7929 232
7930 391
7931 182
7932 218
7933 391
7934 372
7935 105
7936 238
7937 359
7938 26
7939 302
7940 185
7941 238
7942 232
7943 232
7944 182
7945 302
7946 238
7947 238
7948 349
7949 128
7950 232
7951 238
7952 232
7953 105
7954 372
7955 238
7956 228
7957 372
7958 26
7959 105
7960 302
7961 302
7962 302
7963 218
7964 360
7965 349
7966 302
7967 378
7968 309
7969 391
7970 238
7971 309
7972 26
7973 218
7974 349
7975 402
7976 309
7977 26
7978 402
7979 302
7980 372
7981 82
7982 361
7983 238
7984 50
7985 128
7986 402
7987 238
7988 391
7989 26
7990 402
7991 119
7992 105
7993 210
7994 362
7995 366
7996 249
7997 391
7998 182
7999 26
8000 302
8001 26
8002 128
8003 349
8004 232
8005 363
8006 182
8007 309
8008 182
8009 232
8010 238
8011 237
8012 105
8013 130
8014 402
8015 105
8016 309
8017 349
8018 391
8019 238
8020 309
8021 309
8022 105
8023 218
8024 309
8025 238
8026 228
8027 364
8028 26
8029 302
8030 302
8031 26
8032 365
8033 182
8034 218
8035 128
8036 309
8037 218
8038 218
8039 309
8040 228
8041 128
8042 292
8043 302
8044 228
8045 228
8046 238
8047 218
8048 309
8049 218
8050 232
8051 309
8052 182
8053 309
8054 26
8055 26
8056 238
8057 26
8058 309
8059 372
8060 26
8061 366
8062 309
8063 238
8064 372
8065 105
8066 218
8067 349
8068 371
8069 433
8070 238
8071 302
8072 391
8073 402
8074 238
8075 238
8076 26
8077 218
8078 228
8079 218
8080 402
8081 78
8082 428
8083 218
8084 349
8085 26
8086 309
8087 228
8088 218
8089 238
8090 218
8091 128
8092 26
8093 26
8094 218
8095 232
8096 128
8097 128
8098 218
8099 26
8100 218
8101 391
8102 326
8103 386
8104 182
8105 218
8106 367
8107 238
8108 349
8109 182
8110 128
8111 218
8112 128
8113 26
8114 105
8115 218
8116 238
8117 391
8118 128
8119 128
8120 128
8121 128
8122 302
8123 218
8124 128
8125 238
8126 349
8127 349
8128 391
8129 296
8130 238
8131 218
8132 368
8133 128
8134 128
8135 218
8136 349
8137 372
8138 26
8139 302
8140 391
8141 358
8142 372
8143 302
8144 182
8145 309
8146 369
8147 128
8148 370
8149 228
8150 105
8151 218
8152 371
8153 309
8154 238
8155 218
8156 26
8157 238
8158 309
8159 238
8160 349
8161 372
8162 232
8163 333
8164 309
8165 302
8166 238
8167 309
8168 128
8169 275
8170 182
8171 182
8172 128
8173 218
8174 182
8175 232
8176 105
8177 105
8178 128
8179 302
8180 402
8181 391
8182 26
8183 238
8184 105
8185 402
8186 238
8187 238
8188 238
8189 228
8190 238
8191 372
8192 238
8193 238
8194 373
8195 128
8196 374
8197 391
8198 105
8199 309
8200 128
8201 26
8202 228
8203 402
8204 349
8205 391
8206 26
8207 232
8208 391
8209 402
8210 182
8211 80
8212 238
8213 402
8214 105
8215 302
8216 372
8217 309
8218 402
8219 228
8220 238
8221 218
8222 218
8223 302
8224 78
8225 26
8226 349
8227 228
8228 238
8229 218
8230 375
8231 182
8232 105
8233 417
8234 128
8235 309
8236 218
8237 349
8238 26
8239 238
8240 349
8241 228
8242 128
8243 128
8244 372
8245 105
8246 14
8247 105
8248 309
8249 218
8250 218
8251 26
8252 105
8253 26
8254 228
8255 1
8256 228
8257 228
8258 372
8259 218
8260 105
8261 302
8262 228
8263 26
8264 128
8265 238
8266 105
8267 128
8268 302
8269 238
8270 391
8271 26
8272 238
8273 128
8274 26
8275 3
8276 182
8277 367
8278 302
8279 218
8280 26
8281 239
8282 309
8283 309
8284 391
8285 218
8286 376
8287 182
8288 218
8289 238
8290 402
8291 349
8292 228
8293 365
8294 228
8295 309
8296 228
8297 302
8298 238
8299 238
8300 238
8301 238
8302 238
8303 228
8304 218
8305 128
8306 309
8307 349
8308 372
8309 128
8310 182
8311 105
8312 302
8313 238
8314 182
8315 182
8316 182
8317 391
8318 302
8319 256
8320 232
8321 218
8322 349
8323 232
8324 296
8325 197
8326 128
8327 377
8328 182
8329 218
8330 26
8331 218
8332 372
8333 302
8334 238
8335 372
8336 128
8337 186
8338 302
8339 218
8340 238
8341 302
8342 105
8343 238
8344 90
8345 232
8346 238
8347 365
8348 349
8349 128
8350 365
8351 128
8352 312
8353 218
8354 238
8355 218
8356 218
8357 391
8358 231
8359 378
8360 402
8361 402
8362 378
8363 302
8364 391
8365 128
8366 218
8367 309
8368 238
8369 182
8370 372
8371 60
8372 218
8373 238
8374 218
8375 218
8376 128
8377 302
8378 302
8379 4
8380 232
8381 333
8382 349
8383 349
8384 379
8385 128
8386 402
8387 402
8388 349
8389 177
8390 197
8391 238
8392 272
8393 26
8394 238
8395 217
8396 182
8397 105
8398 238
8399 182
8400 302
8401 391
8402 238
8403 218
8404 105
8405 402
8406 302
8407 402
8408 238
8409 218
8410 256
8411 218
8412 218
8413 218
8414 302
8415 228
8416 391
8417 238
8418 302
8419 218
8420 302
8421 372
8422 372
8423 349
8424 238
8425 238
8426 182
8427 228
8428 218
8429 89
8430 182
8431 391
8432 218
8433 105
8434 380
8435 218
8436 250
8437 228
8438 218
8439 238
8440 228
8441 402
8442 294
8443 182
8444 309
8445 26
8446 182
8447 250
8448 232
8449 391
8450 302
8451 376
8452 218
8453 218
8454 238
8455 182
8456 238
8457 182
8458 391
8459 391
8460 302
8461 105
8462 218
8463 228
8464 182
8465 105
8466 349
8467 232
8468 105
8469 128
8470 232
8471 218
8472 218
8473 105
8474 238
8475 238
8476 218
8477 349
8478 218
8479 128
8480 232
8481 105
8482 218
8483 309
8484 381
8485 360
8486 128
8487 238
8488 182
8489 238
8490 26
8491 402
8492 105
8493 349
8494 105
8495 232
8496 128
8497 309
8498 238
8499 218
8500 218
8501 26
8502 309
8503 309
8504 218
8505 309
8506 309
8507 309
8508 228
8509 309
8510 349
8511 402
8512 228
8513 391
8514 382
8515 302
8516 218
8517 309
8518 105
8519 349
8520 228
8521 309
8522 182
8523 182
8524 218
8525 302
8526 402
8527 391
8528 302
8529 218
8530 228
8531 391
8532 402
8533 302
8534 238
8535 128
8536 218
8537 238
8538 383
8539 238
8540 232
8541 331
8542 26
8543 105
8544 309
8545 402
8546 309
8547 309
8548 259
8549 218
8550 128
8551 128
8552 182
8553 77
8554 391
8555 302
8556 218
8557 391
8558 391
8559 218
8560 391
8561 384
8562 238
8563 182
8564 182
8565 128
8566 356
8567 309
8568 187
8569 218
8570 228
8571 349
8572 218
8573 105
8574 218
8575 269
8576 391
8577 391
8578 218
8579 309
8580 372
8581 309
8582 218
8583 26
8584 199
8585 309
8586 309
8587 26
8588 309
8589 309
8590 238
8591 302
8592 309
8593 264
8594 385
8595 218
8596 372
8597 178
8598 218
8599 309
8600 238
8601 309
8602 148
8603 372
8604 105
8605 309
8606 309
8607 309
8608 128
8609 309
8610 309
8611 309
8612 302
8613 309
8614 309
8615 26
8616 238
8617 309
8618 309
8619 238
8620 309
8621 302
8622 309
8623 105
8624 282
8625 26
8626 6
8627 232
8628 232
8629 218
8630 26
8631 228
8632 228
8633 182
8634 386
8635 349
8636 26
8637 309
8638 309
8639 218
8640 372
8641 218
8642 402
8643 275
8644 218
8645 309
8646 309
8647 218
8648 26
8649 108
8650 387
8651 309
8652 218
8653 218
8654 309
8655 182
8656 309
8657 309
8658 309
8659 309
8660 238
8661 128
8662 232
8663 26
8664 334
8665 218
8666 402
8667 232
8668 388
8669 128
8670 218
8671 218
8672 218
8673 302
8674 389
8675 391
8676 228
8677 228
8678 391
8679 105
8680 372
8681 302
8682 402
8683 349
8684 105
8685 391
8686 372
8687 238
8688 218
8689 349
8690 128
8691 182
8692 238
8693 402
8694 228
8695 372
8696 414
8697 128
8698 349
8699 128
8700 218
8701 26
8702 350
8703 228
8704 218
8705 128
8706 390
8707 309
8708 391
8709 128
8710 105
8711 238
8712 128
8713 218
8714 302
8715 309
8716 145
8717 105
8718 105
8719 105
8720 105
8721 309
8722 218
8723 309
8724 309
8725 309
8726 238
8727 238
8728 232
8729 182
8730 182
8731 238
8732 128
8733 309
8734 105
8735 391
8736 182
8737 238
8738 218
8739 238
8740 232
8741 309
8742 218
8743 128
8744 128
8745 302
8746 137
8747 302
8748 265
8749 258
8750 105
8751 238
8752 182
8753 128
8754 309
8755 309
8756 309
8757 309
8758 309
8759 128
8760 238
8761 105
8762 128
8763 309
8764 238
8765 105
8766 402
8767 218
8768 232
8769 402
8770 128
8771 302
8772 128
8773 218
8774 367
8775 238
8776 238
8777 238
8778 128
8779 228
8780 182
8781 372
8782 128
8783 238
8784 309
8785 218
8786 238
8787 238
8788 218
8789 218
8790 372
8791 218
8792 349
8793 218
8794 26
8795 105
8796 26
8797 218
8798 85
8799 61
8800 52
8801 302
8802 238
8803 333
8804 218
8805 232
8806 15
8807 218
8808 26
8809 23
8810 228
8811 228
8812 387
8813 105
8814 218
8815 302
8816 26
8817 372
8818 228
8819 238
8820 26
8821 238
8822 182
8823 128
8824 372
8825 391
8826 391
8827 309
8828 26
8829 309
8830 105
8831 128
8832 402
8833 2
8834 393
8835 238
8836 238
8837 228
8838 182
8839 182
8840 128
8841 238
8842 128
8843 346
8844 309
8845 26
8846 128
8847 261
8848 309
8849 218
8850 326
8851 309
8852 218
8853 302
8854 73
8855 228
8856 302
8857 238
8858 182
8859 386
8860 26
8861 128
8862 302
8863 128
8864 26
8865 128
8866 218
8867 391
8868 232
8869 105
8870 256
8871 218
8872 5
8873 105
8874 218
8875 128
8876 128
8877 247
8878 372
8879 218
8880 391
8881 238
8882 392
8883 238
8884 218
8885 372
8886 182
8887 372
8888 238
8889 238
8890 391
8891 182
8892 309
8893 302
8894 28
8895 393
8896 105
8897 428
8898 182
8899 218
8900 218
8901 389
8902 128
8903 182
8904 105
8905 302
8906 402
8907 238
8908 391
8909 238
8910 309
8911 218
8912 218
8913 128
8914 182
8915 182
8916 128
8917 349
8918 419
8919 302
8920 394
8921 395
8922 128
8923 218
8924 396
8925 238
8926 238
8927 128
8928 182
8929 105
8930 128
8931 349
8932 238
8933 228
8934 59
8935 182
8936 397
8937 402
8938 391
8939 0
8940 309
8941 309
8942 309
8943 182
8944 309
8945 26
8946 402
8947 309
8948 309
8949 105
8950 0
8951 309
8952 309
8953 309
8954 128
8955 309
8956 309
8957 218
8958 353
8959 372
8960 128
8961 183
8962 26
8963 238
8964 391
8965 152
8966 182
8967 398
8968 238
8969 128
8970 309
8971 349
8972 391
8973 232
8974 105
8975 372
8976 391
8977 302
8978 128
8979 218
8980 128
8981 238
8982 105
8983 391
8984 218
8985 149
8986 242
8987 302
8988 228
8989 218
8990 238
8991 228
8992 182
8993 26
8994 105
8995 218
8996 218
8997 26
8998 218
8999 228
9000 218
9001 309
9002 349
9003 128
9004 309
9005 309
9006 309
9007 309
9008 309
9009 309
9010 402
9011 105
9012 399
9013 349
9014 26
9015 309
9016 309
9017 238
9018 105
9019 302
9020 218
9021 26
9022 105
9023 128
9024 309
9025 144
9026 302
9027 218
9028 391
9029 237
9030 228
9031 309
9032 309
9033 309
9034 234
9035 391
9036 218
9037 232
9038 391
9039 400
9040 218
9041 182
9042 105
9043 26
9044 105
9045 105
9046 394
9047 228
9048 238
9049 282
9050 228
9051 105
9052 128
9053 208
9054 228
9055 349
9056 404
9057 105
9058 309
9059 218
9060 232
9061 402
9062 26
9063 187
9064 26
9065 309
9066 105
9067 349
9068 309
9069 333
9070 26
9071 302
9072 349
9073 402
9074 238
9075 218
9076 349
9077 128
9078 302
9079 218
9080 238
9081 302
9082 371
9083 105
9084 105
9085 26
9086 275
9087 218
9088 218
9089 372
9090 238
9091 105
9092 105
9093 182
9094 128
9095 182
9096 128
9097 349
9098 402
9099 105
9100 182
9101 238
9102 228
9103 128
9104 182
9105 232
9106 228
9107 105
9108 26
9109 402
9110 26
9111 105
9112 182
9113 182
9114 401
9115 232
9116 232
9117 372
9118 278
9119 391
9120 302
9121 349
9122 302
9123 402
9124 151
9125 302
9126 402
9127 105
9128 402
9129 26
9130 402
9131 128
9132 26
9133 302
9134 128
9135 182
9136 218
9137 218
9138 391
9139 372
9140 197
9141 238
9142 238
9143 238
9144 218
9145 391
9146 182
9147 218
9148 232
9149 218
9150 128
9151 391
9152 128
9153 203
9154 391
9155 372
9156 218
9157 218
9158 105
9159 128
9160 218
9161 105
9162 128
9163 238
9164 238
9165 232
9166 128
9167 128
9168 26
9169 402
9170 358
9171 218
9172 218
9173 403
9174 349
9175 286
9176 105
9177 402
9178 402
9179 105
9180 128
9181 128
9182 182
9183 182
9184 372
9185 238
9186 238
9187 232
9188 349
9189 218
9190 349
9191 402
9192 402
9193 228
9194 218
9195 128
9196 128
9197 349
9198 128
9199 128
9200 372
9201 372
9202 333
9203 238
9204 372
9205 302
9206 218
9207 238
9208 128
9209 302
9210 218
9211 349
9212 349
9213 182
9214 105
9215 105
9216 128
9217 182
9218 404
9219 105
9220 238
9221 105
9222 402
9223 232
9224 26
9225 105
9226 218
9227 302
9228 128
9229 372
9230 128
9231 238
9232 218
9233 349
9234 232
9235 372
9236 182
9237 349
9238 105
9239 302
9240 329
9241 128
9242 218
9243 19
9244 405
9245 128
9246 105
9247 218
9248 182
9249 105
9250 302
9251 128
9252 128
9253 406
9254 302
9255 232
9256 182
9257 218
9258 391
9259 218
9260 218
9261 238
9262 105
9263 105
9264 349
9265 232
9266 232
9267 309
9268 105
9269 407
9270 361
9271 26
9272 228
9273 218
9274 309
9275 408
9276 105
9277 218
9278 309
9279 413
9280 105
9281 182
9282 218
9283 26
9284 302
9285 302
9286 409
9287 372
9288 402
9289 309
9290 349
9291 232
9292 218
9293 105
9294 232
9295 238
9296 182
9297 218
9298 391
9299 302
9300 228
9301 218
9302 228
9303 372
9304 105
9305 372
9306 105
9307 218
9308 402
9309 182
9310 349
9311 349
9312 128
9313 309
9314 218
9315 302
9316 228
9317 309
9318 218
9319 218
9320 391
9321 391
9322 105
9323 309
9324 349
9325 238
9326 391
9327 232
9328 410
9329 309
9330 309
9331 238
9332 309
9333 309
9334 105
9335 372
9336 218
9337 309
9338 309
9339 309
9340 218
9341 309
9342 105
9343 218
9344 391
9345 218
9346 372
9347 182
9348 128
9349 349
9350 218
9351 411
9352 218
9353 302
9354 309
9355 402
9356 218
9357 402
9358 182
9359 372
9360 309
9361 238
9362 414
9363 309
9364 86
9365 218
9366 218
9367 412
9368 413
9369 218
9370 309
9371 302
9372 391
9373 105
9374 130
9375 218
9376 238
9377 98
9378 218
9379 26
9380 302
9381 232
9382 240
9383 105
9384 105
9385 218
9386 391
9387 309
9388 238
9389 372
9390 199
9391 128
9392 105
9393 105
9394 218
9395 309
9396 238
9397 218
9398 232
9399 128
9400 105
9401 391
9402 309
9403 182
9404 238
9405 228
9406 238
9407 238
9408 238
9409 182
9410 238
9411 309
9412 218
9413 244
9414 218
9415 218
9416 309
9417 391
9418 402
9419 309
9420 414
9421 415
9422 402
9423 349
9424 182
9425 218
9426 218
9427 238
9428 218
9429 244
9430 349
9431 391
9432 372
9433 128
9434 372
9435 391
9436 391
9437 218
9438 238
9439 302
9440 232
9441 105
9442 105
9443 309
9444 218
9445 391
9446 218
9447 238
9448 128
9449 238
9450 182
9451 422
9452 218
9453 302
9454 416
9455 402
9456 26
9457 218
9458 203
9459 218
9460 391
9461 402
9462 232
9463 302
9464 238
9465 128
9466 309
9467 218
9468 349
9469 105
9470 218
9471 417
9472 232
9473 228
9474 302
9475 238
9476 391
9477 228
9478 402
9479 418
9480 238
9481 238
9482 105
9483 372
9484 238
9485 232
9486 238
9487 238
9488 302
9489 174
9490 238
9491 372
9492 309
9493 218
9494 182
9495 90
9496 154
9497 238
9498 391
9499 349
9500 105
9501 419
9502 26
9503 349
9504 372
9505 128
9506 309
9507 238
9508 228
9509 182
9510 232
9511 302
9512 306
9513 402
9514 123
9515 128
9516 238
9517 302
9518 26
9519 128
9520 391
9521 302
9522 228
9523 372
9524 309
9525 228
9526 420
9527 421
9528 349
9529 218
9530 218
9531 391
9532 422
9533 402
9534 233
9535 238
9536 232
9537 232
9538 99
9539 423
9540 424
9541 218
9542 309
9543 218
9544 218
9545 218
9546 238
9547 198
9548 349
9549 349
9550 420
9551 372
9552 182
9553 425
9554 128
9555 128
9556 26
9557 218
9558 26
9559 165
9560 302
9561 182
9562 349
9563 302
9564 309
9565 218
9566 261
9567 402
9568 309
9569 402
9570 349
9571 218
9572 309
9573 426
9574 349
9575 228
9576 309
9577 26
9578 309
9579 372
9580 309
9581 309
9582 182
9583 309
9584 402
9585 349
9586 128
9587 349
9588 309
9589 309
9590 91
9591 309
9592 228
9593 349
9594 228
9595 128
9596 349
9597 309
9598 391
9599 105
9600 391
9601 238
9602 238
9603 427
9604 182
9605 128
9606 428
9607 26
9608 391
9609 26
9610 429
9611 309
9612 309
9613 349
9614 372
9615 238
9616 372
9617 372
9618 128
9619 402
9620 302
9621 218
9622 309
9623 105
9624 218
9625 228
9626 228
9627 238
9628 238
9629 238
9630 391
9631 372
9632 177
9633 349
9634 238
9635 228
9636 360
9637 228
9638 228
9639 238
9640 34
9641 349
9642 309
9643 105
9644 302
9645 309
9646 309
9647 26
9648 218
9649 309
9650 228
9651 228
9652 228
9653 228
9654 228
9655 238
9656 430
9657 333
9658 218
9659 309
9660 309
9661 218
9662 309
9663 309
9664 238
9665 309
9666 228
9667 267
9668 238
9669 26
9670 218
9671 218
9672 182
9673 309
9674 309
9675 218
9676 391
9677 218
9678 166
9679 431
9680 391
9681 432
9682 309
9683 232
9684 309
9685 105
9686 349
9687 423
9688 105
9689 372
9690 232
9691 182
9692 302
9693 309
9694 302
9695 105
9696 433
9697 128
9698 182
9699 238
9700 232
9701 402
9702 105
9703 302
9704 26
9705 250
9706 232
9707 159
9708 218
9709 228
9710 218
9711 238
9712 391
9713 238
9714 182
9715 302
9716 128
9717 128
9718 391
9719 128
9720 128
9721 128
9722 182
9723 105
9724 105
9725 318
9726 391
9727 228
9728 218
9729 218
9730 237
9731 237
9732 26
9733 238
9734 238
9735 391
9736 238
9737 238
9738 372
9739 423
9740 185
9741 238
9742 372
9743 182
9744 309
9745 391
9746 238
9747 26
9748 349
9749 349
9750 372
9751 391
9752 26
9753 182
9754 123
9755 349
9756 99
9757 193
9758 128
9759 304
9760 309
9761 105
9762 391
9763 33
9764 391
9765 365
9766 349
9767 309
9768 218
9769 232
9770 309
9771 420
9772 309
9773 349
9774 302
9775 349
9776 267
9777 349
9778 238
9779 238
9780 349
9781 391
9782 349
9783 228
9784 228
9785 381
9786 128
9787 309
9788 391
9789 238
9790 309
9791 218
9792 232
9793 391
9794 391
9795 309
9796 349
9797 309
9798 309
9799 309
9800 228
9801 423
9802 218
9803 309
9804 391
9805 432
9806 309
9807 349
9808 228
9809 309
9810 391
9811 309
9812 128
9813 128
9814 309
9815 128
9816 238
9817 302
9818 391
9819 182
9820 78
9821 238
9822 349
9823 218
9824 128
9825 391
9826 349
9827 391
9828 372
9829 228
9830 391
9831 391
9832 309
9833 391
9834 391
9835 128
9836 402
9837 26
9838 128
9839 302
9840 0
9841 349
9842 159
9843 372
9844 349
9845 270
9846 349
9847 349
9848 218
9849 349
9850 128
9851 391
9852 105
9853 309
9854 218
9855 182
9856 309
9857 391
9858 218
9859 309
9860 182
9861 238
9862 105
9863 349
9864 218
9865 391
9866 238
9867 238
9868 218
9869 238
9870 391
9871 391
9872 391
9873 391
9874 391
