9
0 0
1 0
2 0
3 0
4 0
5 0
6 0
7 0
8 0
9 0
10 0
11 0
12 0
13 0
14 0
15 0
16 0
17 0
18 0
19 0
20 0
21 0
22 0
23 0
24 0
25 0
26 0
27 0
28 0
29 0
30 0
31 0
32 0
33 0
34 4
35 0
36 0
37 0
38 0
39 0
40 0
41 0
42 0
43 0
44 0
45 0
46 0
47 0
48 0
49 0
50 0
51 0
52 0
53 0
54 0
55 0
56 0
57 0
58 0
59 0
60 0
61 0
62 0
63 0
64 0
65 0
66 0
67 0
68 0
69 0
70 0
71 0
72 0
73 0
74 0
75 0
76 0
77 0
78 0
79 0
80 0
81 0
82 0
83 0
84 0
85 0
86 0
87 0
88 0
89 0
90 0
91 0
92 0
93 0
94 0
95 0
96 0
97 0
98 0
99 0
100 0
101 0
102 0
103 0
104 0
105 0
106 0
107 8
108 0
109 0
110 0
111 0
112 0
113 0
114 0
115 0
116 0
117 0
118 0
119 0
120 0
121 0
122 0
123 0
124 0
125 0
126 0
127 0
128 0
129 0
130 0
131 0
132 0
133 0
134 0
135 0
136 8
137 0
138 0
139 0
140 0
141 0
142 0
143 0
144 0
145 0
146 0
147 0
148 0
149 0
150 0
151 0
152 0
153 0
154 0
155 0
156 0
157 0
158 0
159 0
160 0
161 0
162 0
163 0
164 0
165 0
166 0
167 0
168 0
169 0
170 0
171 0
172 0
173 4
174 0
175 0
176 0
177 0
178 0
179 0
180 0
181 0
182 0
183 0
184 0
185 0
186 0
187 0
188 0
189 0
190 0
191 0
192 0
193 0
194 0
195 0
196 0
197 0
198 4
199 0
200 0
201 0
202 0
203 0
204 0
205 0
206 0
207 0
208 0
209 0
210 0
211 0
212 0
213 0
214 0
215 0
216 0
217 0
218 0
219 0
220 0
221 0
222 0
223 0
224 0
225 0
226 0
227 0
228 0
229 0
230 0
231 0
232 0
233 0
234 0
235 0
236 0
237 0
238 0
239 0
240 0
241 0
242 0
243 0
244 0
245 0
246 0
247 0
248 0
249 0
250 0
251 0
252 0
253 0
254 0
255 0
256 0
257 0
258 0
259 0
260 0
261 0
262 0
263 0
264 0
265 0
266 0
267 0
268 0
269 0
270 0
271 0
272 0
273 0
274 0
275 0
276 0
277 0
278 0
279 0
280 0
281 0
282 0
283 0
284 0
285 0
286 0
287 0
288 0
289 0
290 0
291 0
292 0
293 0
294 0
295 0
296 0
297 0
298 0
299 0
300 0
301 0
302 0
303 0
304 0
305 0
306 0
307 0
308 0
309 0
310 0
311 0
312 0
313 0
314 0
315 0
316 0
317 0
318 0
319 0
320 0
321 0
322 0
323 0
324 0
325 0
326 0
327 0
328 0
329 0
330 0
331 0
332 0
333 0
334 0
335 0
336 0
337 0
338 0
339 0
340 0
341 0
342 0
343 0
344 0
345 0
346 0
347 0
348 4
349 4
350 4
351 4
352 4
353 4
354 4
355 4
356 4
357 4
358 4
359 4
360 4
361 4
362 4
363 4
364 4
365 4
366 4
367 4
368 4
369 4
370 4
371 4
372 4
373 4
374 4
375 4
376 4
377 4
378 4
379 4
380 4
381 4
382 4
383 4
384 4
385 4
386 4
387 4
388 4
389 4
390 4
391 4
392 4
393 4
394 4
395 4
396 4
397 4
398 4
399 4
400 4
401 4
402 4
403 4
404 4
405 4
406 4
407 4
408 4
409 4
410 4
411 4
412 4
413 4
414 4
415 4
416 4
417 4
418 4
419 4
420 4
421 4
422 4
423 4
424 4
425 4
426 4
427 4
428 4
429 4
430 4
431 4
432 4
433 4
434 4
435 4
436 4
437 4
438 4
439 4
440 4
441 4
442 4
443 4
444 4
445 4
446 4
447 4
448 4
449 4
450 4
451 4
452 4
453 4
454 4
455 4
456 4
457 4
458 4
459 4
460 4
461 4
462 4
463 4
464 4
465 4
466 4
467 4
468 4
469 4
470 4
471 4
472 4
473 4
474 4
475 4
476 4
477 4
478 4
479 4
480 4
481 4
482 4
483 4
484 4
485 4
486 4
487 4
488 4
489 4
490 4
491 4
492 4
493 4
494 4
495 4
496 4
497 4
498 4
499 4
500 4
501 4
502 4
503 4
504 4
505 4
506 4
507 4
508 4
509 4
510 4
511 4
512 4
513 4
514 4
515 4
516 4
517 4
518 4
519 4
520 4
521 4
522 4
523 4
524 4
525 4
526 8
527 4
528 4
529 4
530 4
531 4
532 4
533 4
534 4
535 4
536 4
537 4
538 4
539 4
540 4
541 4
542 4
543 4
544 4
545 4
546 4
547 4
548 4
549 4
550 4
551 4
552 4
553 4
554 4
555 4
556 4
557 4
558 4
559 4
560 4
561 4
562 4
563 4
564 4
565 4
566 4
567 4
568 4
569 4
570 4
571 4
572 4
573 4
574 4
575 4
576 4
577 4
578 4
579 4
580 4
581 4
582 4
583 4
584 4
585 4
586 4
587 4
588 4
589 4
590 4
591 4
592 4
593 4
594 4
595 4
596 4
597 4
598 4
599 4
600 4
601 4
602 4
603 4
604 4
605 4
606 4
607 4
608 4
609 4
610 4
611 4
612 4
613 4
614 4
615 4
616 4
617 4
618 4
619 4
620 4
621 4
622 4
623 4
624 4
625 4
626 4
627 4
628 4
629 4
630 4
631 4
632 4
633 4
634 4
635 4
636 4
637 4
638 4
639 4
640 4
641 4
642 4
643 4
644 4
645 4
646 4
647 4
648 4
649 4
650 4
651 4
652 4
653 4
654 4
655 4
656 4
657 4
658 4
659 4
660 4
661 4
662 4
663 4
664 4
665 4
666 4
667 4
668 4
669 4
670 4
671 4
672 4
673 4
674 4
675 4
676 4
677 4
678 4
679 4
680 4
681 4
682 4
683 4
684 4
685 4
686 1
687 1
688 1
689 1
690 1
691 1
692 1
693 1
694 1
695 1
696 1
697 1
698 1
699 1
700 1
701 1
702 1
703 1
704 1
705 1
706 1
707 1
708 1
709 1
710 1
711 1
712 1
713 1
714 1
715 1
716 1
717 1
718 1
719 1
720 1
721 1
722 1
723 1
724 1
725 1
726 1
727 1
728 1
729 1
730 1
731 1
732 1
733 1
734 1
735 1
736 1
737 1
738 1
739 1
740 1
741 1
742 1
743 1
744 1
745 1
746 1
747 1
748 1
749 1
750 1
751 1
752 1
753 1
754 1
755 1
756 1
757 1
758 1
759 1
760 1
761 1
762 1
763 1
764 1
765 1
766 1
767 1
768 1
769 1
770 1
771 1
772 1
773 1
774 1
775 1
776 1
777 1
778 1
779 1
780 1
781 1
782 1
783 1
784 1
785 1
786 1
787 1
788 1
789 1
790 1
791 1
792 1
793 1
794 1
795 1
796 1
797 1
798 1
799 1
800 1
801 1
802 1
803 1
804 1
805 1
806 1
807 1
808 1
809 1
810 1
811 1
812 1
813 1
814 1
815 1
816 1
817 1
818 1
819 1
820 1
821 1
822 1
823 1
824 1
825 1
826 1
827 1
828 1
829 1
830 1
831 1
832 1
833 1
834 1
835 1
836 1
837 1
838 1
839 1
840 1
841 1
842 1
843 1
844 1
845 1
846 1
847 1
848 1
849 1
850 1
851 1
852 1
853 1
854 1
855 1
856 1
857 8
858 1
859 1
860 1
861 1
862 8
863 1
864 1
865 8
866 1
867 1
868 8
869 1
870 1
871 1
872 1
873 1
874 1
875 1
876 1
877 1
878 1
879 1
880 1
881 1
882 1
883 1
884 1
885 1
886 1
887 1
888 1
889 1
890 1
891 1
892 1
893 1
894 1
895 1
896 3
897 8
898 3
899 8
900 8
901 2
902 3
903 2
904 8
905 4
906 8
907 8
908 8
909 8
910 4
911 8
912 4
913 8
914 4
915 4
916 8
917 3
918 8
919 3
920 8
921 8
922 8
923 8
924 4
925 8
926 8
927 8
928 8
929 8
930 4
931 4
932 8
933 3
934 8
935 4
936 4
937 4
938 2
939 4
940 4
941 3
942 3
943 4
944 4
945 3
946 8
947 8
948 4
949 4
950 8
951 8
952 8
953 8
954 3
955 8
956 8
957 3
958 2
959 8
960 8
961 8
962 4
963 2
964 4
965 4
966 8
967 8
968 8
969 3
970 8
971 3
972 8
973 8
974 4
975 3
976 4
977 4
978 8
979 8
980 8
981 3
982 8
983 8
984 3
985 4
986 4
987 8
988 3
989 3
990 6
991 8
992 2
993 8
994 3
995 8
996 8
997 8
998 8
999 8
1000 4
1001 4
1002 8
1003 8
1004 8
1005 4
1006 8
1007 3
1008 8
1009 3
1010 4
1011 4
1012 4
1013 4
1014 3
1015 3
1016 8
1017 8
1018 3
1019 3
1020 3
1021 3
1022 8
1023 8
1024 8
1025 4
1026 8
1027 8
1028 8
1029 8
1030 8
1031 8
1032 3
1033 8
1034 8
1035 4
1036 3
1037 4
1038 8
1039 8
1040 8
1041 4
1042 4
1043 8
1044 3
1045 8
1046 8
1047 8
1048 8
1049 8
1050 8
1051 4
1052 4
1053 8
1054 8
1055 8
1056 8
1057 8
1058 8
1059 8
1060 3
1061 8
1062 4
1063 8
1064 4
1065 4
1066 3
1067 3
1068 8
1069 8
1070 4
1071 8
1072 4
1073 8
1074 8
1075 8
1076 8
1077 8
1078 8
1079 8
1080 4
1081 3
1082 3
1083 8
1084 8
1085 8
1086 8
1087 8
1088 8
1089 4
1090 4
1091 8
1092 8
1093 4
1094 4
1095 4
1096 8
1097 2
1098 8
1099 3
1100 3
1101 8
1102 3
1103 3
1104 3
1105 8
1106 4
1107 8
1108 3
1109 4
1110 8
1111 8
1112 8
1113 4
1114 4
1115 3
1116 8
1117 8
1118 2
1119 8
1120 3
1121 4
1122 4
1123 8
1124 8
1125 8
1126 8
1127 4
1128 8
1129 3
1130 8
1131 4
1132 8
1133 8
1134 4
1135 8
1136 8
1137 2
1138 8
1139 4
1140 6
1141 4
1142 4
1143 3
1144 8
1145 8
1146 8
1147 8
1148 3
1149 8
1150 8
1151 8
1152 4
1153 8
1154 4
1155 4
1156 8
1157 8
1158 3
1159 4
1160 8
1161 8
1162 4
1163 8
1164 8
1165 8
1166 3
1167 4
1168 4
1169 4
1170 4
1171 8
1172 8
1173 8
1174 8
1175 8
1176 3
1177 8
1178 8
1179 4
1180 8
1181 8
1182 8
1183 4
1184 8
1185 8
1186 2
1187 8
1188 4
1189 4
1190 3
1191 8
1192 3
1193 8
1194 8
1195 8
1196 8
1197 8
1198 8
1199 8
1200 8
1201 8
1202 8
1203 8
1204 3
1205 8
1206 8
1207 8
1208 8
1209 8
1210 4
1211 8
1212 4
1213 4
1214 8
1215 3
1216 2
1217 4
1218 8
1219 8
1220 8
1221 3
1222 8
1223 4
1224 8
1225 4
1226 4
1227 3
1228 4
1229 3
1230 8
1231 3
1232 2
1233 4
1234 4
1235 3
1236 4
1237 4
1238 8
1239 8
1240 8
1241 3
1242 8
1243 8
1244 4
1245 3
1246 4
1247 3
1248 4
1249 4
1250 8
1251 8
1252 8
1253 8
1254 8
1255 8
1256 8
1257 3
1258 4
1259 4
1260 4
1261 3
1262 8
1263 4
1264 4
1265 8
1266 8
1267 8
1268 4
1269 8
1270 8
1271 8
1272 8
1273 3
1274 8
1275 4
1276 8
1277 3
1278 8
1279 3
1280 8
1281 3
1282 3
1283 8
1284 3
1285 8
1286 3
1287 8
1288 8
1289 8
1290 8
1291 8
1292 3
1293 8
1294 4
1295 4
1296 4
1297 8
1298 3
1299 4
1300 4
1301 8
1302 8
1303 3
1304 4
1305 8
1306 4
1307 8
1308 4
1309 3
1310 4
1311 4
1312 8
1313 4
1314 2
1315 3
1316 3
1317 8
1318 4
1319 2
1320 4
1321 8
1322 3
1323 8
1324 3
1325 8
1326 8
1327 8
1328 8
1329 8
1330 8
1331 8
1332 4
1333 2
1334 8
1335 8
1336 8
1337 8
1338 4
1339 8
1340 8
1341 8
1342 4
1343 4
1344 8
1345 3
1346 8
1347 3
1348 4
1349 4
1350 3
1351 8
1352 8
1353 8
1354 4
1355 4
1356 4
1357 4
1358 4
1359 8
1360 8
1361 8
1362 4
1363 2
1364 8
1365 8
1366 4
1367 8
1368 8
1369 8
1370 8
1371 2
1372 4
1373 3
1374 4
1375 8
1376 8
1377 8
1378 2
1379 3
1380 8
1381 3
1382 3
1383 8
1384 8
1385 4
1386 8
1387 8
1388 8
1389 8
1390 8
1391 8
1392 3
1393 8
1394 8
1395 8
1396 3
1397 4
1398 8
1399 8
1400 4
1401 8
1402 8
1403 8
1404 3
1405 8
1406 3
1407 8
1408 4
1409 8
1410 8
1411 8
1412 4
1413 3
1414 3
1415 4
1416 8
1417 3
1418 4
1419 8
1420 8
1421 8
1422 4
1423 3
1424 2
1425 4
1426 3
1427 4
1428 4
1429 3
1430 4
1431 8
1432 3
1433 8
1434 8
1435 8
1436 4
1437 8
1438 3
1439 8
1440 8
1441 8
1442 8
1443 4
1444 4
1445 8
1446 4
1447 8
1448 3
1449 8
1450 6
1451 3
1452 2
1453 4
1454 3
1455 4
1456 8
1457 8
1458 8
1459 3
1460 8
1461 8
1462 3
1463 8
1464 4
1465 8
1466 8
1467 8
1468 2
1469 4
1470 8
1471 8
1472 4
1473 4
1474 4
1475 3
1476 8
1477 8
1478 4
1479 3
1480 8
1481 4
1482 4
1483 8
1484 8
1485 8
1486 8
1487 4
1488 8
1489 3
1490 4
1491 8
1492 4
1493 2
1494 8
1495 3
1496 4
1497 8
1498 8
1499 8
1500 4
1501 8
1502 3
1503 3
1504 4
1505 6
1506 4
1507 4
1508 3
1509 8
1510 4
1511 8
1512 4
1513 8
1514 4
1515 3
1516 8
1517 8
1518 8
1519 8
1520 8
1521 8
1522 8
1523 8
1524 8
1525 4
1526 4
1527 8
1528 8
1529 4
1530 8
1531 4
1532 8
1533 2
1534 6
1535 8
1536 4
1537 8
1538 8
1539 8
1540 8
1541 4
1542 8
1543 4
1544 8
1545 4
1546 8
1547 8
1548 2
1549 4
1550 3
1551 8
1552 8
1553 8
1554 8
1555 8
1556 8
1557 8
1558 8
1559 8
1560 8
1561 8
1562 8
1563 8
1564 8
1565 4
1566 4
1567 8
1568 2
1569 4
1570 8
1571 8
1572 8
1573 3
1574 4
1575 4
1576 3
1577 8
1578 3
1579 8
1580 8
1581 8
1582 3
1583 3
1584 8
1585 8
1586 8
1587 3
1588 8
1589 8
1590 8
1591 3
1592 3
1593 8
1594 8
1595 3
1596 3
1597 8
1598 8
1599 4
1600 8
1601 2
1602 4
1603 8
1604 8
1605 8
1606 4
1607 8
1608 8
1609 8
1610 8
1611 3
1612 8
1613 8
1614 8
1615 8
1616 4
1617 8
1618 8
1619 8
1620 8
1621 8
1622 8
1623 8
1624 4
1625 4
1626 8
1627 8
1628 3
1629 2
1630 4
1631 4
1632 8
1633 4
1634 4
1635 3
1636 3
1637 8
1638 3
1639 8
1640 4
1641 8
1642 6
1643 8
1644 8
1645 4
1646 8
1647 3
1648 2
1649 3
1650 4
1651 8
1652 8
1653 8
1654 4
1655 3
1656 6
1657 4
1658 8
1659 8
1660 4
1661 3
1662 8
1663 8
1664 4
1665 8
1666 6
1667 4
1668 8
1669 8
1670 8
1671 4
1672 4
1673 4
1674 8
1675 8
1676 8
1677 4
1678 8
1679 4
1680 3
1681 4
1682 3
1683 8
1684 6
1685 8
1686 4
1687 8
1688 8
1689 8
1690 4
1691 3
1692 4
1693 8
1694 4
1695 4
1696 4
1697 8
1698 8
1699 4
1700 8
1701 8
1702 8
1703 4
1704 3
1705 8
1706 3
1707 8
1708 8
1709 4
1710 8
1711 8
1712 8
1713 4
1714 8
1715 3
1716 3
1717 8
1718 8
1719 8
1720 3
1721 8
1722 8
1723 8
1724 8
1725 4
1726 6
1727 4
1728 3
1729 3
1730 8
1731 4
1732 3
1733 2
1734 8
1735 8
1736 8
1737 8
1738 4
1739 4
1740 4
1741 8
1742 3
1743 4
1744 4
1745 4
1746 8
1747 2
1748 4
1749 4
1750 8
1751 3
1752 8
1753 8
1754 8
1755 3
1756 4
1757 8
1758 8
1759 4
1760 8
1761 8
1762 4
1763 4
1764 3
1765 8
1766 4
1767 4
1768 8
1769 8
1770 4
1771 8
1772 8
1773 4
1774 8
1775 8
1776 4
1777 4
1778 4
1779 8
1780 8
1781 4
1782 8
1783 3
1784 2
1785 4
1786 3
1787 2
1788 8
1789 8
1790 4
1791 8
1792 8
1793 8
1794 3
1795 8
1796 8
1797 8
1798 2
1799 8
1800 8
1801 4
1802 2
1803 8
1804 8
1805 8
1806 8
1807 4
1808 4
1809 8
1810 8
1811 8
1812 3
1813 8
1814 4
1815 4
1816 8
1817 8
1818 8
1819 8
1820 3
1821 8
1822 8
1823 8
1824 3
1825 8
1826 8
1827 8
1828 3
1829 4
1830 4
1831 4
1832 8
1833 8
1834 8
1835 8
1836 8
1837 2
1838 8
1839 8
1840 4
1841 3
1842 8
1843 8
1844 4
1845 8
1846 8
1847 4
1848 3
1849 8
1850 3
1851 8
1852 8
1853 4
1854 8
1855 4
1856 8
1857 3
1858 8
1859 3
1860 8
1861 8
1862 3
1863 8
1864 8
1865 8
1866 8
1867 8
1868 8
1869 4
1870 4
1871 3
1872 3
1873 3
1874 8
1875 3
1876 4
1877 8
1878 4
1879 8
1880 2
1881 4
1882 4
1883 8
1884 3
1885 8
1886 8
1887 3
1888 8
1889 8
1890 8
1891 8
1892 2
1893 3
1894 3
1895 2
1896 8
1897 4
1898 8
1899 3
1900 8
1901 4
1902 8
1903 3
1904 4
1905 8
1906 4
1907 3
1908 8
1909 8
1910 4
1911 8
1912 8
1913 8
1914 8
1915 8
1916 8
1917 8
1918 8
1919 8
1920 8
1921 8
1922 8
1923 8
1924 8
1925 8
1926 8
1927 8
1928 8
1929 8
1930 8
1931 8
1932 8
1933 8
1934 8
1935 8
1936 8
1937 8
1938 8
1939 8
1940 8
1941 8
1942 8
1943 8
1944 8
1945 8
1946 8
1947 8
1948 8
1949 8
1950 8
1951 8
1952 8
1953 8
1954 8
1955 8
1956 8
1957 8
1958 8
1959 8
1960 8
1961 8
1962 8
1963 8
1964 8
1965 8
1966 8
1967 4
1968 8
1969 8
1970 8
1971 8
1972 8
1973 8
1974 8
1975 8
1976 8
1977 8
1978 8
1979 8
1980 8
1981 8
1982 8
1983 8
1984 8
1985 8
1986 8
1987 8
1988 8
1989 8
1990 8
1991 8
1992 8
1993 8
1994 8
1995 8
1996 8
1997 8
1998 8
1999 8
2000 8
2001 8
2002 8
2003 8
2004 8
2005 8
2006 8
2007 8
2008 8
2009 8
2010 8
2011 8
2012 8
2013 8
2014 8
2015 8
2016 8
2017 8
2018 8
2019 8
2020 8
2021 8
2022 8
2023 8
2024 8
2025 8
2026 8
2027 8
2028 8
2029 8
2030 8
2031 8
2032 8
2033 8
2034 8
2035 8
2036 8
2037 8
2038 8
2039 8
2040 8
2041 8
2042 8
2043 8
2044 8
2045 8
2046 8
2047 8
2048 8
2049 8
2050 8
2051 8
2052 8
2053 8
2054 8
2055 8
2056 8
2057 8
2058 8
2059 8
2060 8
2061 8
2062 8
2063 8
2064 8
2065 8
2066 8
2067 8
2068 8
2069 8
2070 8
2071 8
2072 8
2073 8
2074 8
2075 8
2076 8
2077 8
2078 8
2079 8
2080 8
2081 8
2082 8
2083 8
2084 8
2085 8
2086 8
2087 8
2088 8
2089 8
2090 8
2091 8
2092 8
2093 8
2094 8
2095 8
2096 8
2097 8
2098 8
2099 8
2100 8
2101 8
2102 8
2103 8
2104 8
2105 8
2106 8
2107 8
2108 8
2109 8
2110 8
2111 8
2112 8
2113 8
2114 8
2115 8
2116 8
2117 8
2118 8
2119 8
2120 8
2121 8
2122 8
2123 8
2124 8
2125 8
2126 8
2127 8
2128 8
2129 8
2130 8
2131 8
2132 8
2133 8
2134 8
2135 8
2136 8
2137 8
2138 8
2139 8
2140 8
2141 8
2142 8
2143 8
2144 8
2145 8
2146 8
2147 8
2148 8
2149 8
2150 8
2151 8
2152 8
2153 8
2154 8
2155 8
2156 8
2157 8
2158 8
2159 8
2160 8
2161 8
2162 8
2163 8
2164 8
2165 8
2166 8
2167 8
2168 8
2169 8
2170 8
2171 8
2172 8
2173 8
2174 8
2175 8
2176 8
2177 8
2178 8
2179 8
2180 8
2181 8
2182 8
2183 8
2184 8
2185 8
2186 8
2187 8
2188 8
2189 8
2190 8
2191 8
2192 8
2193 8
2194 8
2195 8
2196 8
2197 8
2198 8
2199 8
2200 8
2201 8
2202 8
2203 8
2204 8
2205 8
2206 8
2207 8
2208 8
2209 8
2210 8
2211 8
2212 8
2213 8
2214 8
2215 8
2216 8
2217 8
2218 8
2219 8
2220 8
2221 8
2222 8
2223 8
2224 8
2225 8
2226 8
2227 8
2228 8
2229 8
2230 8
2231 8
2232 8
2233 8
2234 8
2235 8
2236 8
2237 8
2238 8
2239 8
2240 8
2241 8
2242 8
2243 8
2244 8
2245 8
2246 8
2247 8
2248 8
2249 8
2250 8
2251 8
2252 8
2253 8
2254 8
2255 8
2256 8
2257 8
2258 8
2259 8
2260 8
2261 8
2262 8
2263 8
2264 8
2265 8
2266 8
2267 8
2268 8
2269 8
2270 8
2271 8
2272 8
2273 8
2274 8
2275 8
2276 8
2277 8
2278 8
2279 8
2280 8
2281 8
2282 8
2283 8
2284 8
2285 8
2286 8
2287 8
2288 8
2289 8
2290 8
2291 8
2292 8
2293 8
2294 8
2295 8
2296 8
2297 8
2298 8
2299 8
2300 8
2301 8
2302 8
2303 8
2304 8
2305 8
2306 8
2307 8
2308 8
2309 8
2310 8
2311 8
2312 8
2313 8
2314 8
2315 8
2316 8
2317 8
2318 8
2319 8
2320 8
2321 8
2322 8
2323 8
2324 8
2325 8
2326 8
2327 8
2328 8
2329 8
2330 8
2331 8
2332 8
2333 8
2334 8
2335 8
2336 8
2337 8
2338 8
2339 8
2340 8
2341 8
2342 8
2343 8
2344 8
2345 8
2346 8
2347 8
2348 8
2349 8
2350 8
2351 8
2352 8
2353 8
2354 8
2355 8
2356 8
2357 8
2358 8
2359 8
2360 8
2361 8
2362 8
2363 8
2364 8
2365 8
2366 8
2367 8
2368 8
2369 8
2370 8
2371 8
2372 8
2373 8
2374 8
2375 8
2376 8
2377 8
2378 8
2379 8
2380 8
2381 8
2382 8
2383 8
2384 8
2385 8
2386 8
2387 8
2388 8
2389 8
2390 8
2391 8
2392 8
2393 8
2394 8
2395 8
2396 8
2397 8
2398 8
2399 8
2400 8
2401 8
2402 8
2403 8
2404 8
2405 8
2406 8
2407 8
2408 8
2409 8
2410 8
2411 8
2412 8
2413 8
2414 8
2415 8
2416 8
2417 8
2418 8
2419 8
2420 8
2421 8
2422 8
2423 8
2424 8
2425 8
2426 8
2427 8
2428 8
2429 8
2430 8
2431 8
2432 8
2433 8
2434 8
2435 8
2436 8
2437 8
2438 8
2439 8
2440 8
2441 8
2442 8
2443 8
2444 8
2445 8
2446 8
2447 8
2448 8
2449 8
2450 8
2451 8
2452 8
2453 8
2454 8
2455 8
2456 8
2457 8
2458 8
2459 8
2460 8
2461 8
2462 8
2463 8
2464 8
2465 8
2466 8
2467 8
2468 8
2469 8
2470 8
2471 8
2472 8
2473 8
2474 8
2475 8
2476 8
2477 8
2478 8
2479 8
2480 8
2481 8
2482 8
2483 8
2484 8
2485 8
2486 8
2487 8
2488 8
2489 8
2490 8
2491 8
2492 8
2493 8
2494 8
2495 8
2496 8
2497 8
2498 8
2499 8
2500 8
2501 8
2502 8
2503 8
2504 8
2505 8
2506 8
2507 8
2508 8
2509 8
2510 8
2511 8
2512 8
2513 8
2514 8
2515 8
2516 8
2517 8
2518 8
2519 8
2520 8
2521 8
2522 8
2523 8
2524 8
2525 8
2526 8
2527 8
2528 8
2529 8
2530 8
2531 8
2532 8
2533 8
2534 8
2535 8
2536 8
2537 8
2538 8
2539 8
2540 8
2541 8
2542 8
2543 8
2544 8
2545 8
2546 8
2547 8
2548 8
2549 8
2550 8
2551 8
2552 8
2553 8
2554 8
2555 8
2556 8
2557 8
2558 8
2559 8
2560 8
2561 8
2562 8
2563 8
2564 8
2565 8
2566 8
2567 8
2568 8
2569 8
2570 8
2571 8
2572 8
2573 8
2574 8
2575 8
2576 8
2577 8
2578 8
2579 8
2580 8
2581 8
2582 8
2583 8
2584 8
2585 8
2586 8
2587 8
2588 8
2589 8
2590 8
2591 8
2592 8
2593 8
2594 8
2595 8
2596 8
2597 8
2598 8
2599 8
2600 8
2601 8
2602 8
2603 8
2604 8
2605 8
2606 8
2607 8
2608 8
2609 8
2610 8
2611 8
2612 8
2613 8
2614 8
2615 8
2616 8
2617 8
2618 8
2619 8
2620 8
2621 8
2622 8
2623 8
2624 8
2625 8
2626 8
2627 8
2628 8
2629 8
2630 8
2631 8
2632 8
2633 8
2634 8
2635 8
2636 8
2637 8
2638 8
2639 8
2640 8
2641 8
2642 8
2643 8
2644 8
2645 8
2646 8
2647 8
2648 8
2649 8
2650 8
2651 8
2652 8
2653 8
2654 8
2655 8
2656 8
2657 8
2658 8
2659 8
2660 8
2661 6
2662 6
2663 5
2664 5
2665 6
2666 5
2667 6
2668 6
2669 5
2670 6
2671 6
2672 6
2673 5
2674 6
2675 6
2676 5
2677 6
2678 6
2679 5
2680 5
2681 5
2682 6
2683 5
2684 6
2685 6
2686 6
2687 6
2688 6
2689 5
2690 6
2691 6
2692 6
2693 6
2694 5
2695 5
2696 6
2697 6
2698 5
2699 6
2700 6
2701 6
2702 6
2703 6
2704 0
2705 5
2706 5
2707 6
2708 6
2709 6
2710 5
2711 6
2712 6
2713 6
2714 6
2715 6
2716 6
2717 5
2718 6
2719 6
2720 6
2721 6
2722 6
2723 6
2724 6
2725 6
2726 5
2727 6
2728 6
2729 5
2730 6
2731 5
2732 6
2733 6
2734 6
2735 6
2736 6
2737 6
2738 5
2739 6
2740 0
2741 5
2742 6
2743 5
2744 6
2745 5
2746 5
2747 6
2748 6
2749 5
2750 5
2751 6
2752 6
2753 6
2754 5
2755 5
2756 5
2757 5
2758 6
2759 5
2760 6
2761 5
2762 6
2763 5
2764 6
2765 6
2766 5
2767 6
2768 6
2769 5
2770 6
2771 6
2772 6
2773 5
2774 6
2775 6
2776 6
2777 5
2778 6
2779 6
2780 6
2781 6
2782 5
2783 6
2784 6
2785 6
2786 5
2787 6
2788 6
2789 5
2790 6
2791 6
2792 6
2793 6
2794 5
2795 6
2796 6
2797 6
2798 5
2799 6
2800 5
2801 6
2802 6
2803 6
2804 6
2805 6
2806 5
2807 5
2808 6
2809 5
2810 5
2811 6
2812 6
2813 6
2814 0
2815 5
2816 6
2817 6
2818 6
2819 6
2820 6
2821 5
2822 6
2823 6
2824 6
2825 6
2826 6
2827 5
2828 6
2829 6
2830 6
2831 6
2832 6
2833 6
2834 6
2835 5
2836 6
2837 5
2838 0
2839 5
2840 6
2841 6
2842 6
2843 6
2844 6
2845 6
2846 6
2847 6
2848 6
2849 6
2850 5
2851 5
2852 5
2853 6
2854 5
2855 6
2856 6
2857 6
2858 6
2859 6
2860 6
2861 6
2862 5
2863 6
2864 5
2865 6
2866 5
2867 5
2868 6
2869 6
2870 6
2871 6
2872 5
2873 5
2874 5
2875 6
2876 6
2877 5
2878 6
2879 6
2880 5
2881 6
2882 6
2883 6
2884 5
2885 0
2886 6
2887 5
2888 5
2889 6
2890 5
2891 5
2892 6
2893 6
2894 6
2895 6
2896 5
2897 5
2898 6
2899 5
2900 6
2901 6
2902 6
2903 6
2904 6
2905 5
2906 5
2907 5
2908 5
2909 5
2910 5
2911 5
2912 5
2913 5
2914 6
2915 5
2916 5
2917 5
2918 6
2919 5
2920 5
2921 6
2922 6
2923 6
2924 5
2925 5
2926 6
2927 5
2928 5
2929 5
2930 6
2931 5
2932 6
2933 6
2934 6
2935 6
2936 6
2937 6
2938 6
2939 6
2940 5
2941 6
2942 6
2943 5
2944 5
2945 5
2946 5
2947 6
2948 5
2949 6
2950 6
2951 6
2952 5
2953 5
2954 6
2955 6
2956 5
2957 6
2958 6
2959 6
2960 5
2961 5
2962 6
2963 5
2964 6
2965 6
2966 5
2967 5
2968 6
2969 5
2970 6
2971 6
2972 6
2973 6
2974 5
2975 6
2976 6
2977 5
2978 5
2979 6
2980 6
2981 5
2982 6
2983 6
2984 6
2985 5
2986 5
2987 5
2988 5
2989 6
2990 6
2991 6
2992 6
2993 5
2994 5
2995 6
2996 6
2997 6
2998 6
2999 6
3000 5
3001 6
3002 6
3003 0
3004 5
3005 6
3006 6
3007 6
3008 6
3009 6
3010 5
3011 6
3012 6
3013 6
3014 5
3015 6
3016 6
3017 6
3018 6
3019 6
3020 6
3021 6
3022 5
3023 5
3024 6
3025 5
3026 5
3027 6
3028 6
3029 5
3030 5
3031 6
3032 6
3033 5
3034 6
3035 6
3036 5
3037 6
3038 6
3039 6
3040 5
3041 6
3042 5
3043 6
3044 5
3045 5
3046 6
3047 5
3048 6
3049 6
3050 6
3051 6
3052 5
3053 6
3054 5
3055 6
3056 5
3057 6
3058 6
3059 5
3060 6
3061 6
3062 6
3063 6
3064 5
3065 5
3066 6
3067 6
3068 6
3069 6
3070 6
3071 6
3072 6
3073 5
3074 6
3075 6
3076 6
3077 6
3078 5
3079 6
3080 5
3081 6
3082 6
3083 6
3084 5
3085 5
3086 6
3087 6
3088 6
3089 6
3090 5
3091 6
3092 5
3093 6
3094 6
3095 5
3096 5
3097 6
3098 5
3099 6
3100 6
3101 6
3102 6
3103 6
3104 5
3105 6
3106 6
3107 6
3108 5
3109 6
3110 6
3111 6
3112 6
3113 6
3114 5
3115 6
3116 6
3117 5
3118 6
3119 5
3120 6
3121 6
3122 6
3123 5
3124 6
3125 6
3126 6
3127 6
3128 6
3129 5
3130 5
3131 6
3132 6
3133 6
3134 6
3135 5
3136 6
3137 5
3138 6
3139 5
3140 6
3141 6
3142 5
3143 5
3144 6
3145 6
3146 6
3147 6
3148 6
3149 5
3150 6
3151 6
3152 6
3153 5
3154 6
3155 6
3156 6
3157 6
3158 5
3159 6
3160 6
3161 6
3162 6
3163 5
3164 6
3165 6
3166 5
3167 6
3168 6
3169 6
3170 6
3171 6
3172 6
3173 6
3174 5
3175 6
3176 6
3177 6
3178 6
3179 6
3180 6
3181 6
3182 6
3183 6
3184 5
3185 6
3186 6
3187 6
3188 6
3189 6
3190 6
3191 6
3192 6
3193 5
3194 6
3195 5
3196 6
3197 6
3198 6
3199 6
3200 6
3201 6
3202 5
3203 6
3204 6
3205 6
3206 6
3207 6
3208 6
3209 6
3210 6
3211 6
3212 6
3213 5
3214 6
3215 6
3216 6
3217 6
3218 6
3219 6
3220 5
3221 6
3222 6
3223 6
3224 6
3225 6
3226 5
3227 5
3228 5
3229 5
3230 6
3231 5
3232 5
3233 6
3234 5
3235 6
3236 6
3237 5
3238 5
3239 6
3240 6
3241 6
3242 6
3243 5
3244 6
3245 6
3246 6
3247 6
3248 6
3249 6
3250 5
3251 6
3252 6
3253 6
3254 6
3255 6
3256 6
3257 5
3258 6
3259 6
3260 6
3261 6
3262 6
3263 6
3264 6
3265 6
3266 6
3267 6
3268 6
3269 5
3270 6
3271 6
3272 6
3273 6
3274 6
3275 6
3276 6
3277 6
3278 6
3279 6
3280 6
3281 6
3282 6
3283 6
3284 5
3285 6
3286 5
3287 6
3288 6
3289 6
3290 0
3291 6
3292 6
3293 5
3294 5
3295 6
3296 6
3297 6
3298 6
3299 6
3300 5
3301 5
3302 6
3303 5
3304 5
3305 6
3306 6
3307 6
3308 6
3309 6
3310 6
3311 6
3312 6
3313 6
3314 6
3315 5
3316 6
3317 5
3318 6
3319 6
3320 6
3321 6
3322 6
3323 6
3324 5
3325 6
3326 6
3327 6
3328 6
3329 6
3330 6
3331 6
3332 6
3333 5
3334 6
3335 6
3336 6
3337 6
3338 6
3339 5
3340 6
3341 6
3342 6
3343 6
3344 6
3345 6
3346 6
3347 6
3348 5
3349 6
3350 6
3351 6
3352 6
3353 6
3354 6
3355 6
3356 6
3357 6
3358 6
3359 6
3360 6
3361 6
3362 5
3363 5
3364 5
3365 6
3366 6
3367 6
3368 6
3369 6
3370 6
3371 6
3372 6
3373 6
3374 6
3375 6
3376 6
3377 6
3378 6
3379 6
3380 6
3381 6
3382 6
3383 6
3384 5
3385 6
3386 6
3387 5
3388 5
3389 6
3390 5
3391 6
3392 5
3393 6
3394 5
3395 6
3396 6
3397 6
3398 6
3399 5
3400 5
3401 6
3402 6
3403 6
3404 6
3405 6
3406 6
3407 6
3408 6
3409 6
3410 6
3411 6
3412 6
3413 5
3414 5
3415 6
3416 6
3417 5
3418 6
3419 6
3420 6
3421 6
3422 6
3423 6
3424 6
3425 6
3426 5
3427 6
3428 5
3429 6
3430 5
3431 6
3432 6
3433 5
3434 6
3435 5
3436 5
3437 8
3438 8
3439 7
3440 8
3441 2
3442 0
3443 0
3444 0
3445 2
3446 2
3447 2
3448 8
3449 8
3450 8
3451 8
3452 8
3453 8
3454 8
3455 0
3456 8
3457 8
3458 0
3459 0
3460 0
3461 8
3462 8
3463 0
3464 0
3465 7
3466 0
3467 8
3468 0
3469 0
3470 0
3471 8
3472 0
3473 2
3474 0
3475 8
3476 7
3477 8
3478 0
3479 8
3480 8
3481 8
3482 0
3483 0
3484 8
3485 8
3486 0
3487 2
3488 8
3489 0
3490 2
3491 8
3492 8
3493 0
3494 0
3495 8
3496 8
3497 8
3498 0
3499 0
3500 0
3501 8
3502 8
3503 8
3504 2
3505 0
3506 0
3507 0
3508 0
3509 0
3510 0
3511 0
3512 8
3513 7
3514 8
3515 0
3516 8
3517 8
3518 8
3519 7
3520 8
3521 0
3522 8
3523 8
3524 0
3525 8
3526 0
3527 8
3528 8
3529 0
3530 2
3531 2
3532 0
3533 8
3534 0
3535 0
3536 2
3537 0
3538 2
3539 0
3540 8
3541 2
3542 8
3543 8
3544 8
3545 8
3546 2
3547 8
3548 8
3549 2
3550 8
3551 2
3552 8
3553 0
3554 0
3555 0
3556 8
3557 8
3558 0
3559 8
3560 8
3561 0
3562 8
3563 8
3564 0
3565 8
3566 2
3567 2
3568 0
3569 0
3570 8
3571 7
3572 0
3573 8
3574 8
3575 8
3576 8
3577 8
3578 8
3579 7
3580 2
3581 8
3582 0
3583 0
3584 0
3585 2
3586 8
3587 0
3588 0
3589 8
3590 0
3591 0
3592 8
3593 0
3594 8
3595 2
3596 8
3597 0
3598 0
3599 0
3600 0
3601 0
3602 0
3603 8
3604 8
3605 8
3606 2
3607 0
3608 0
3609 8
3610 8
3611 8
3612 0
3613 8
3614 0
3615 0
3616 7
3617 0
3618 8
3619 8
3620 0
3621 8
3622 0
3623 0
3624 2
3625 8
3626 8
3627 8
3628 2
3629 0
3630 0
3631 0
3632 7
3633 8
3634 0
3635 8
3636 0
3637 8
3638 7
3639 8
3640 8
3641 0
3642 8
3643 0
3644 0
3645 0
3646 0
3647 7
3648 0
3649 8
3650 8
3651 8
3652 0
3653 7
3654 8
3655 0
3656 8
3657 2
3658 8
3659 8
3660 8
3661 8
3662 2
3663 0
3664 0
3665 0
3666 0
3667 8
3668 0
3669 8
3670 8
3671 0
3672 8
3673 8
3674 8
3675 7
3676 0
3677 8
3678 0
3679 2
3680 0
3681 8
3682 2
3683 8
3684 8
3685 0
3686 8
3687 8
3688 8
3689 8
3690 0
3691 8
3692 8
3693 8
3694 0
3695 8
3696 0
3697 8
3698 0
3699 7
3700 8
3701 7
3702 8
3703 8
3704 8
3705 0
3706 0
3707 8
3708 7
3709 8
3710 0
3711 0
3712 8
3713 0
3714 0
3715 0
3716 7
3717 8
3718 0
3719 0
3720 7
3721 8
3722 0
3723 2
3724 0
3725 2
3726 0
3727 2
3728 0
3729 8
3730 8
3731 8
3732 8
3733 0
3734 8
3735 0
3736 8
3737 8
3738 0
3739 2
3740 0
3741 8
3742 0
3743 2
3744 8
3745 2
3746 2
3747 0
3748 8
3749 7
3750 8
3751 7
3752 0
3753 0
3754 0
3755 8
3756 8
3757 7
3758 0
3759 7
3760 8
3761 0
3762 8
3763 0
3764 0
3765 8
3766 0
3767 0
3768 0
3769 0
3770 0
3771 2
3772 8
3773 0
3774 7
3775 8
3776 0
3777 0
3778 0
3779 8
3780 8
3781 0
3782 0
3783 0
3784 0
3785 8
3786 0
3787 7
3788 8
3789 7
3790 8
3791 0
3792 0
3793 0
3794 0
3795 8
3796 8
3797 8
3798 8
3799 7
3800 8
3801 8
3802 0
3803 0
3804 8
3805 8
3806 2
3807 7
3808 8
3809 0
3810 0
3811 2
3812 2
3813 8
3814 2
3815 0
3816 0
3817 8
3818 0
3819 2
3820 8
3821 0
3822 0
3823 0
3824 8
3825 0
3826 0
3827 0
3828 8
3829 0
3830 8
3831 8
3832 8
3833 0
3834 0
3835 0
3836 7
3837 7
3838 8
3839 8
3840 0
3841 8
3842 8
3843 0
3844 7
3845 8
3846 2
3847 8
3848 7
3849 0
3850 0
3851 8
3852 8
3853 8
3854 7
3855 0
3856 8
3857 2
3858 8
3859 0
3860 8
3861 0
3862 0
3863 2
3864 8
3865 0
3866 0
3867 0
3868 2
3869 0
3870 0
3871 2
3872 8
3873 8
3874 2
3875 0
3876 0
3877 8
3878 0
3879 7
3880 8
3881 0
3882 0
3883 8
3884 8
3885 8
3886 8
3887 0
3888 8
3889 8
3890 0
3891 8
3892 2
3893 0
3894 2
3895 0
3896 0
3897 8
3898 8
3899 7
3900 0
3901 0
3902 8
3903 0
3904 0
3905 2
3906 0
3907 0
3908 8
3909 0
3910 7
3911 8
3912 2
3913 8
3914 0
3915 0
3916 8
3917 2
3918 7
3919 8
3920 0
3921 0
3922 2
3923 7
3924 0
3925 2
3926 8
3927 0
3928 8
3929 8
3930 8
3931 0
3932 7
3933 0
3934 8
3935 8
3936 0
3937 0
3938 8
3939 2
3940 8
3941 0
3942 0
3943 8
3944 8
3945 0
3946 0
3947 0
3948 8
3949 2
3950 8
3951 0
3952 7
3953 8
3954 0
3955 0
3956 0
3957 7
3958 0
3959 8
3960 0
3961 2
3962 8
3963 2
3964 0
3965 7
3966 8
3967 0
3968 8
3969 0
3970 8
3971 8
3972 0
3973 0
3974 8
3975 7
3976 0
3977 0
3978 8
3979 8
3980 2
3981 2
3982 2
3983 2
3984 2
3985 2
3986 2
3987 2
3988 2
3989 0
3990 2
3991 0
3992 2
3993 2
3994 2
3995 2
3996 2
3997 2
3998 2
3999 2
4000 2
4001 2
4002 0
4003 2
4004 2
4005 2
4006 0
4007 2
4008 2
4009 2
4010 2
4011 0
4012 2
4013 0
4014 2
4015 2
4016 2
4017 2
4018 2
4019 2
4020 0
4021 2
4022 2
4023 2
4024 2
4025 2
4026 2
4027 0
4028 2
4029 2
4030 2
4031 0
4032 0
4033 2
4034 2
4035 2
4036 2
4037 2
4038 0
