100 474
0 2 1
0 8 3
0 10 3
0 13 1
0 20 6
0 27 1
0 28 3
0 42 1
0 45 10
0 68 10
0 89 5
0 90 6
0 95 2
1 3 1
1 27 2
1 29 7
1 34 3
1 37 3
1 39 5
1 63 10
1 68 10
1 79 10
1 86 9
2 3 3
2 13 8
2 30 10
2 36 6
2 58 1
2 62 2
2 75 5
2 93 6
2 96 6
3 7 7
3 8 2
3 34 7
3 52 9
3 78 2
3 85 5
4 9 8
4 21 3
4 30 2
4 34 5
4 42 6
4 50 9
4 75 7
4 84 9
4 96 4
5 14 4
5 22 10
5 25 1
5 29 2
5 38 10
5 39 9
5 49 2
5 64 8
5 70 10
6 11 5
6 17 7
6 26 10
6 28 6
6 36 5
6 65 9
6 79 10
6 84 10
6 86 6
7 19 3
7 20 10
7 39 10
7 51 8
7 52 9
7 56 8
7 64 8
7 73 3
8 20 10
8 62 4
8 71 5
8 96 4
8 97 1
9 13 2
9 19 1
9 28 8
9 37 2
9 63 4
9 84 10
10 22 7
10 32 7
10 37 1
10 46 6
10 57 6
10 61 9
10 66 4
10 79 1
10 84 4
10 92 5
10 99 5
11 12 2
11 17 5
11 27 5
11 33 9
11 39 9
11 40 6
11 42 1
11 51 2
11 63 6
11 69 6
11 71 7
11 72 10
12 16 10
12 24 1
12 30 3
12 39 4
12 40 6
12 56 6
12 59 8
12 65 8
12 73 1
12 75 3
12 76 8
12 84 3
12 90 8
13 41 9
13 45 6
13 49 8
13 51 7
13 66 1
13 85 9
13 86 5
14 36 10
14 42 6
14 93 9
14 94 9
14 99 1
15 27 4
15 28 10
15 37 6
15 44 6
15 53 2
15 55 3
15 65 5
15 73 1
15 82 6
15 86 7
15 88 9
16 30 3
16 35 10
16 42 10
16 49 7
16 58 3
16 59 10
16 91 2
16 96 5
17 27 6
17 33 1
17 40 5
17 53 7
17 79 2
17 80 8
17 95 4
17 96 6
18 32 8
18 47 5
18 53 4
18 69 9
18 85 5
19 31 3
19 45 2
19 48 6
19 57 1
20 33 4
20 38 2
20 50 8
20 67 9
20 93 1
21 27 8
21 30 9
21 56 3
21 59 4
21 61 6
21 71 8
21 77 9
21 85 5
21 87 6
21 90 3
21 92 2
22 37 9
22 38 3
22 54 4
22 57 1
22 60 8
22 66 7
22 80 9
23 35 2
23 50 1
23 68 5
24 27 1
24 28 10
24 37 2
24 45 6
24 47 8
24 51 1
24 57 2
24 74 9
24 77 5
24 78 1
24 85 10
24 87 5
24 92 4
24 93 6
24 97 4
25 31 4
25 44 5
25 52 5
25 61 9
25 65 6
25 72 8
25 81 2
25 83 5
25 89 3
25 99 3
26 30 5
26 83 2
26 96 1
27 29 10
27 36 9
27 48 9
27 81 2
27 90 4
28 39 9
28 59 6
28 61 9
28 71 6
28 72 5
28 88 3
29 43 5
29 54 10
29 74 4
29 81 3
29 88 2
30 32 5
30 33 10
30 39 6
30 59 9
30 64 8
30 70 1
30 83 3
30 92 1
31 33 8
31 46 1
31 65 2
31 66 7
31 68 1
31 69 2
31 76 7
31 89 7
31 93 3
31 94 10
32 48 10
32 51 8
32 54 10
32 66 6
32 82 5
32 90 6
32 96 4
33 43 9
33 50 2
33 58 8
33 61 10
33 68 3
33 69 2
33 72 8
33 84 2
34 37 8
34 40 5
34 47 8
34 55 8
34 66 4
34 67 4
34 74 3
34 80 10
34 87 5
34 93 6
35 51 7
35 62 3
35 75 6
35 86 6
35 90 8
35 98 8
36 70 1
36 83 2
36 90 8
36 93 2
37 45 6
37 50 8
37 56 8
37 60 3
37 74 5
37 84 6
37 87 10
37 93 10
38 42 3
38 45 9
38 59 2
38 83 7
39 49 2
39 54 6
39 61 9
39 67 2
39 90 5
40 44 9
40 65 8
40 68 7
40 72 10
40 95 7
41 59 4
41 74 10
41 82 4
41 95 9
42 44 3
42 59 8
42 66 7
42 72 2
42 75 6
43 55 4
43 59 10
43 63 7
43 91 7
43 96 10
44 47 6
44 56 9
44 58 4
44 63 3
44 65 2
44 73 10
44 86 8
44 96 2
45 50 10
45 63 10
45 72 8
45 78 6
45 82 9
45 98 2
45 99 8
46 55 3
46 72 5
46 97 7
48 49 2
48 61 10
48 80 2
49 61 10
49 72 7
49 76 6
49 87 8
50 57 1
50 65 2
50 66 4
50 82 3
50 83 10
50 92 1
51 52 3
51 57 3
51 79 8
52 56 9
52 57 5
52 75 7
52 96 10
52 97 10
52 98 8
53 54 4
53 89 4
53 91 6
53 97 5
54 78 10
54 93 5
54 94 7
54 98 6
55 56 2
55 62 10
55 66 1
55 90 10
55 93 9
56 63 7
56 73 3
56 86 5
57 82 1
57 83 6
57 87 9
57 89 1
57 90 1
58 64 9
58 69 6
58 71 2
58 80 5
58 81 1
58 95 4
59 72 7
59 74 10
59 82 7
59 85 6
59 88 7
60 74 7
60 87 7
60 99 7
61 82 9
62 66 4
62 76 3
63 64 8
63 79 3
63 84 4
63 87 9
63 90 7
63 93 6
64 69 7
64 95 3
65 66 5
65 70 3
65 74 3
66 69 1
66 70 2
66 89 1
66 91 3
67 71 8
67 81 7
67 97 3
67 98 2
68 72 3
68 74 7
68 79 8
69 77 10
69 82 7
69 86 10
70 73 3
70 79 8
70 88 9
70 93 7
70 95 9
71 75 8
71 76 7
71 80 6
73 76 4
73 84 3
73 91 7
74 81 10
74 82 1
74 92 10
74 96 8
75 77 4
75 87 9
75 89 5
75 91 7
76 80 9
76 84 10
76 90 6
76 97 1
77 82 1
77 87 10
77 91 8
78 80 6
78 83 2
78 88 10
78 90 8
78 96 2
79 82 3
79 90 9
80 88 5
80 94 8
84 91 9
84 93 2
84 99 9
85 94 10
86 94 2
87 90 4
87 98 8
94 97 2
95 99 9
5
1 1
63 87 9
74 39 10
1 1
2 58 1
43 68 1
1 1
30 59 9
58 65 8
1 1
37 74 5
93 42 7
1 1
21 87 6
88 76 5