500 6162
0 2 2
0 10 1
0 13 1
0 20 2
0 42 8
0 68 6
0 90 3
0 101 2
0 125 7
0 127 1
0 270 6
0 291 1
0 298 6
0 325 6
0 343 2
0 369 7
0 395 1
0 416 1
0 428 4
0 482 6
0 494 3
1 4 3
1 7 9
1 21 3
1 31 6
1 46 9
1 92 7
1 101 3
1 140 9
1 187 10
1 219 1
1 231 1
1 320 7
1 329 8
1 354 3
1 367 2
1 385 6
1 411 7
1 459 7
1 469 3
1 498 9
2 19 8
2 32 2
2 39 8
2 40 1
2 55 3
2 131 10
2 139 10
2 145 4
2 171 10
2 174 8
2 180 10
2 190 2
2 191 4
2 199 10
2 328 5
2 379 5
2 385 9
2 397 6
2 407 8
2 414 9
2 435 2
2 443 6
2 456 8
2 458 8
2 495 5
3 15 8
3 66 3
3 118 4
3 119 10
3 167 10
3 205 3
3 231 7
3 245 10
3 248 7
3 317 2
3 346 2
3 384 7
3 442 8
3 449 10
3 471 1
3 472 2
3 488 9
3 491 10
3 494 3
4 65 10
4 118 3
4 127 7
4 135 7
4 137 8
4 141 4
4 168 10
4 177 4
4 182 10
4 187 3
4 216 7
4 236 5
4 245 10
4 338 9
4 345 6
4 357 10
4 390 1
4 441 3
4 452 4
4 468 7
5 37 8
5 57 10
5 64 5
5 84 9
5 89 6
5 108 2
5 158 5
5 161 4
5 208 4
5 226 6
5 256 6
5 269 3
5 276 4
5 328 4
5 338 1
5 346 1
5 357 2
5 365 4
5 371 7
5 378 2
5 430 10
5 445 1
5 453 7
5 488 6
6 18 8
6 47 4
6 61 4
6 71 8
6 157 1
6 162 4
6 169 8
6 198 6
6 211 6
6 232 1
6 235 3
6 239 9
6 284 4
6 341 9
6 354 10
6 357 4
6 393 8
6 397 9
6 401 3
6 429 6
6 434 2
6 451 9
6 458 5
6 489 2
6 497 5
7 53 1
7 80 7
7 105 5
7 160 9
7 172 4
7 191 9
7 248 3
7 267 7
7 275 9
7 302 2
7 337 7
7 380 1
7 403 7
7 405 7
7 442 7
7 448 3
7 489 6
7 490 10
7 494 9
8 11 4
8 42 10
8 55 3
8 78 6
8 116 9
8 124 3
8 139 5
8 144 2
8 146 5
8 187 9
8 197 4
8 228 2
8 253 1
8 305 4
8 344 2
8 355 3
8 369 10
8 395 6
8 400 4
8 404 2
8 408 5
8 436 10
8 437 7
8 470 5
8 480 6
8 496 6
8 497 4
9 52 10
9 56 8
9 102 4
9 156 9
9 164 5
9 197 7
9 201 1
9 218 6
9 242 10
9 249 8
9 261 2
9 265 7
9 275 8
9 278 6
9 285 4
9 291 10
9 305 5
9 322 8
9 391 5
9 393 8
9 408 10
9 421 5
9 429 6
9 492 10
10 16 10
10 19 4
10 25 5
10 75 3
10 76 4
10 86 5
10 93 6
10 98 10
10 126 4
10 137 2
10 150 5
10 168 2
10 174 4
10 189 10
10 242 7
10 294 3
10 311 10
10 342 2
10 401 7
10 421 7
10 461 2
10 467 9
10 490 2
10 497 4
11 78 9
11 97 10
11 119 8
11 122 3
11 132 4
11 137 2
11 141 10
11 173 7
11 178 1
11 180 2
11 195 9
11 202 9
11 221 2
11 228 10
11 293 4
11 295 10
11 298 8
11 306 5
11 318 1
11 331 2
11 425 2
11 438 5
11 444 1
11 457 10
11 487 4
12 51 1
12 57 4
12 58 1
12 112 7
12 143 1
12 157 7
12 185 7
12 213 1
12 290 4
12 297 3
12 321 8
12 322 8
12 326 10
12 341 1
12 370 5
12 395 9
12 435 10
12 445 10
12 494 9
13 40 10
13 58 6
13 134 2
13 153 4
13 171 1
13 194 4
13 200 8
13 225 7
13 239 8
13 249 8
13 287 8
13 306 10
13 308 3
13 340 1
13 357 2
13 359 8
13 372 6
13 384 1
13 412 4
13 445 9
13 446 6
13 452 3
13 461 9
13 479 10
14 32 4
14 34 2
14 58 7
14 74 6
14 86 1
14 98 7
14 162 6
14 171 4
14 224 8
14 233 6
14 235 9
14 252 8
14 294 1
14 299 9
14 309 5
14 332 6
14 335 2
14 347 10
14 358 7
14 363 2
14 422 4
14 426 2
14 456 4
14 475 8
15 27 3
15 52 6
15 54 10
15 68 1
15 74 3
15 75 7
15 83 6
15 86 4
15 111 6
15 143 9
15 179 9
15 193 2
15 226 9
15 236 6
15 258 7
15 291 2
15 348 1
15 362 8
15 373 9
15 385 10
15 466 6
15 479 4
15 493 2
16 44 9
16 62 6
16 74 6
16 91 10
16 104 9
16 135 5
16 170 9
16 175 3
16 213 10
16 215 5
16 293 7
16 372 4
16 392 8
16 413 6
16 430 5
16 454 10
16 461 6
17 28 6
17 41 8
17 69 6
17 158 2
17 166 8
17 195 6
17 217 8
17 250 5
17 271 2
17 272 6
17 284 10
17 313 1
17 329 10
17 333 2
17 362 2
17 364 10
17 374 10
17 422 10
17 438 3
17 442 2
17 447 7
17 472 3
18 28 10
18 67 9
18 69 1
18 90 7
18 98 2
18 117 5
18 120 9
18 155 10
18 164 9
18 170 1
18 173 2
18 247 3
18 267 9
18 293 6
18 298 4
18 335 1
18 355 4
18 372 5
18 374 2
18 412 8
18 427 4
18 439 8
18 477 1
19 33 10
19 43 2
19 47 3
19 57 4
19 58 7
19 102 4
19 110 6
19 121 9
19 161 4
19 181 8
19 182 4
19 183 5
19 234 6
19 267 6
19 294 7
19 324 5
19 354 7
19 365 8
19 393 8
19 413 5
19 414 10
19 421 3
19 471 3
19 487 4
20 36 2
20 40 4
20 78 10
20 81 2
20 86 6
20 125 2
20 218 1
20 235 4
20 244 8
20 245 10
20 252 4
20 282 9
20 288 5
20 333 10
20 343 3
20 351 2
20 381 4
20 421 8
20 423 4
20 427 4
20 459 3
20 462 9
20 472 4
21 53 2
21 60 8
21 78 9
21 137 6
21 142 7
21 144 10
21 182 10
21 184 9
21 199 10
21 266 3
21 288 6
21 289 9
21 311 8
21 322 1
21 336 2
21 371 6
21 393 5
21 425 6
22 31 9
22 43 5
22 46 2
22 53 3
22 56 8
22 71 4
22 72 7
22 88 6
22 113 5
22 159 8
22 177 5
22 186 10
22 190 7
22 199 6
22 220 8
22 238 9
22 294 2
22 306 7
22 339 9
22 353 3
22 358 1
22 387 6
22 415 5
22 423 4
22 434 7
22 444 3
22 456 1
22 462 6
23 78 9
23 79 9
23 92 1
23 148 2
23 170 10
23 209 1
23 244 2
23 316 4
23 337 9
23 367 7
23 385 4
23 390 1
23 394 1
23 396 7
23 429 6
23 431 2
23 433 3
23 451 5
23 499 8
24 75 9
24 78 6
24 83 4
24 131 8
24 134 3
24 138 5
24 189 10
24 222 3
24 253 9
24 339 6
24 341 2
24 354 2
24 417 2
24 428 8
24 430 2
25 34 1
25 74 10
25 82 2
25 84 3
25 104 4
25 105 7
25 157 2
25 167 7
25 176 4
25 197 5
25 202 1
25 211 7
25 273 7
25 346 2
25 417 8
25 456 7
25 484 2
26 27 9
26 37 3
26 41 2
26 71 5
26 72 6
26 90 10
26 93 10
26 107 1
26 142 5
26 162 10
26 175 9
26 181 4
26 191 10
26 213 6
26 252 5
26 294 6
26 297 5
26 328 2
26 365 7
26 374 4
26 380 3
26 384 4
26 405 3
26 411 5
26 447 8
26 448 7
26 450 5
26 452 9
26 465 10
26 485 5
26 492 6
26 496 6
27 39 9
27 120 2
27 133 8
27 134 9
27 152 10
27 154 7
27 156 4
27 167 10
27 168 8
27 181 7
27 187 4
27 199 3
27 213 9
27 218 8
27 235 6
27 269 3
27 275 4
27 307 9
27 325 1
27 405 2
27 436 10
28 37 7
28 105 6
28 109 7
28 113 2
28 128 2
28 158 6
28 168 6
28 202 8
28 205 1
28 217 3
28 234 2
28 245 5
28 311 2
28 330 7
28 338 7
28 347 3
28 350 6
28 373 9
28 411 6
28 415 4
28 432 10
28 451 9
28 473 8
28 489 10
28 495 5
29 58 6
29 77 7
29 133 9
29 135 8
29 155 9
29 176 1
29 207 8
29 231 8
29 239 6
29 272 4
29 284 4
29 362 3
29 368 2
29 438 2
29 451 6
29 459 8
29 472 2
30 70 5
30 87 5
30 88 1
30 89 4
30 91 4
30 93 1
30 128 9
30 130 4
30 132 10
30 134 3
30 154 2
30 164 4
30 172 6
30 179 10
30 223 3
30 232 9
30 255 8
30 303 2
30 307 6
30 324 7
30 370 7
30 375 4
30 376 2
30 385 2
30 429 7
30 486 1
31 40 9
31 43 10
31 51 8
31 90 1
31 106 10
31 127 6
31 152 8
31 195 2
31 198 10
31 241 3
31 245 10
31 262 6
31 273 8
31 289 5
31 297 8
31 300 1
31 302 9
31 335 1
31 360 1
31 374 6
31 428 2
31 434 5
31 450 7
31 455 5
31 474 3
31 483 5
32 73 1
32 87 7
32 89 1
32 112 1
32 131 6
32 135 9
32 142 1
32 296 2
32 303 1
32 311 1
32 319 1
32 348 2
32 368 6
32 391 4
32 403 2
32 407 5
32 422 9
32 466 4
32 467 5
32 483 2
32 489 1
32 495 4
33 38 10
33 47 3
33 49 9
33 68 3
33 82 10
33 93 3
33 98 10
33 123 2
33 138 7
33 145 10
33 155 4
33 198 6
33 202 8
33 230 6
33 238 8
33 265 7
33 269 1
33 318 3
33 324 5
33 333 3
33 336 9
33 415 3
33 435 4
33 450 1
33 497 4
34 45 3
34 66 5
34 82 8
34 113 7
34 127 5
34 130 3
34 141 3
34 169 7
34 200 4
34 227 4
34 233 10
34 236 4
34 249 2
34 263 3
34 275 1
34 278 9
34 289 10
34 296 8
34 315 4
34 339 4
34 346 8
34 359 8
34 362 9
34 416 1
34 435 6
34 476 2
34 480 8
35 53 3
35 74 6
35 93 7
35 125 1
35 133 6
35 142 2
35 167 10
35 180 6
35 184 8
35 190 7
35 193 2
35 232 2
35 247 3
35 275 10
35 276 4
35 281 3
35 311 10
35 324 6
35 326 6
35 363 10
35 411 8
35 414 3
35 415 10
35 429 2
35 434 8
35 450 1
36 45 4
36 189 6
36 215 4
36 221 10
36 237 9
36 248 2
36 249 6
36 259 2
36 300 7
36 314 9
36 316 10
36 400 10
36 415 8
36 429 7
36 440 7
36 445 9
36 473 3
36 499 5
37 50 10
37 67 9
37 69 6
37 74 1
37 139 4
37 154 4
37 161 8
37 174 2
37 228 5
37 238 5
37 295 8
37 314 2
37 318 4
37 326 2
37 383 7
37 386 9
37 392 8
37 420 6
37 433 3
37 440 9
37 447 7
38 44 7
38 56 6
38 79 3
38 89 5
38 147 4
38 150 5
38 151 3
38 158 4
38 227 3
38 236 9
38 281 9
38 286 2
38 349 6
38 354 8
38 371 3
38 381 3
38 397 3
38 402 7
38 414 4
38 423 5
38 442 2
38 456 8
39 43 9
39 82 8
39 91 9
39 189 5
39 221 9
39 250 7
39 255 1
39 265 10
39 272 6
39 317 5
39 328 5
39 337 5
39 351 10
39 356 8
39 373 6
39 381 6
39 401 6
39 412 4
39 444 1
39 454 8
40 52 6
40 63 10
40 66 3
40 72 8
40 77 8
40 83 6
40 89 9
40 102 1
40 115 10
40 142 2
40 150 9
40 178 2
40 185 10
40 190 2
40 208 6
40 216 9
40 223 3
40 225 2
40 229 5
40 237 5
40 245 6
40 301 2
40 306 2
40 349 5
40 364 1
40 368 5
40 373 9
40 378 4
40 412 6
40 415 8
40 462 4
41 44 9
41 61 3
41 79 8
41 95 6
41 129 8
41 136 2
41 142 7
41 150 3
41 171 9
41 180 5
41 191 7
41 199 9
41 218 10
41 238 2
41 311 6
41 327 6
41 336 6
41 347 9
41 350 3
41 372 3
41 384 10
41 396 3
41 410 6
41 442 1
41 450 1
41 492 6
42 60 6
42 78 3
42 83 8
42 88 7
42 89 8
42 90 1
42 103 2
42 106 8
42 112 7
42 115 10
42 143 4
42 203 10
42 282 2
42 339 6
42 354 1
42 355 5
42 360 9
42 373 10
42 387 9
42 408 6
42 414 10
42 453 3
42 461 4
42 473 10
43 57 5
43 63 10
43 74 10
43 85 7
43 107 6
43 123 8
43 137 6
43 146 7
43 173 6
43 185 8
43 190 1
43 196 7
43 216 5
43 236 3
43 244 10
43 265 3
43 285 3
43 286 1
43 288 2
43 307 3
43 317 3
43 332 4
43 339 4
43 368 8
43 390 4
43 422 7
43 435 7
43 438 7
43 494 1
44 60 5
44 72 9
44 93 10
44 101 5
44 132 10
44 136 1
44 150 7
44 154 9
44 157 1
44 162 5
44 169 9
44 175 1
44 183 6
44 209 2
44 215 1
44 234 7
44 249 7
44 296 4
44 299 4
44 300 1
44 306 10
44 331 1
44 353 2
44 373 10
44 386 4
44 391 4
44 394 4
44 445 9
44 447 2
44 456 9
44 473 1
44 493 6
45 57 9
45 74 3
45 92 6
45 96 7
45 98 9
45 102 2
45 189 4
45 223 2
45 236 6
45 246 1
45 276 9
45 303 4
45 312 7
45 322 4
45 325 4
45 331 5
45 348 8
45 350 10
45 363 6
45 367 10
45 375 7
45 384 8
45 387 3
45 404 5
45 454 1
45 469 2
45 494 7
46 93 7
46 110 6
46 112 7
46 146 5
46 161 4
46 170 4
46 215 8
46 234 7
46 276 1
46 286 8
46 305 5
46 319 8
46 336 4
46 368 5
46 390 5
46 412 9
46 413 1
46 437 5
46 441 10
46 451 9
46 461 8
46 462 8
46 471 3
46 478 10
46 480 6
46 485 6
46 494 3
47 48 6
47 54 5
47 80 9
47 168 8
47 189 9
47 190 1
47 197 3
47 234 2
47 254 7
47 259 5
47 278 5
47 291 1
47 297 1
47 309 8
47 347 9
47 351 1
47 423 10
47 453 5
47 459 5
47 464 8
47 494 6
47 496 1
48 55 3
48 66 4
48 80 4
48 100 1
48 105 10
48 111 1
48 126 9
48 148 6
48 150 8
48 168 7
48 182 1
48 189 4
48 190 10
48 225 7
48 226 9
48 251 9
48 255 5
48 263 2
48 267 10
48 275 8
48 348 4
48 370 7
48 371 5
48 403 8
48 440 7
48 443 8
48 461 3
48 482 3
49 64 10
49 72 8
49 93 8
49 110 4
49 123 3
49 126 1
49 142 6
49 163 9
49 174 2
49 228 6
49 238 8
49 327 1
49 346 9
49 347 6
49 364 1
49 365 4
49 413 8
49 418 2
49 420 7
49 445 4
49 448 3
49 455 5
49 459 5
49 495 10
50 52 3
50 74 5
50 104 5
50 117 4
50 160 9
50 163 3
50 174 5
50 176 10
50 186 10
50 202 4
50 205 8
50 232 1
50 272 5
50 295 3
50 300 7
50 318 9
50 320 10
50 325 4
50 328 4
50 330 8
50 389 9
50 411 10
50 417 2
50 432 4
50 475 5
50 487 6
51 77 1
51 81 2
51 91 3
51 93 8
51 130 3
51 143 1
51 162 10
51 168 4
51 169 8
51 222 1
51 262 2
51 274 7
51 297 5
51 307 9
51 396 4
51 444 1
51 458 2
51 465 1
51 474 10
51 498 3
52 85 8
52 119 5
52 126 2
52 153 8
52 171 10
52 182 3
52 209 6
52 213 2
52 231 4
52 260 1
52 274 7
52 286 10
52 299 6
52 325 8
52 327 6
52 336 1
52 346 10
52 385 5
52 407 9
52 413 7
52 415 7
52 431 10
52 456 1
52 459 1
53 56 3
53 62 2
53 68 4
53 102 2
53 125 3
53 206 8
53 209 2
53 280 2
53 293 9
53 309 4
53 318 9
53 321 9
53 335 6
53 367 3
53 382 2
54 60 6
54 68 9
54 88 8
54 92 3
54 93 5
54 110 6
54 122 8
54 139 4
54 265 1
54 314 4
54 323 6
54 330 2
54 479 8
54 497 5
55 71 5
55 75 5
55 91 1
55 120 2
55 132 7
55 141 6
55 164 5
55 167 10
55 178 1
55 196 10
55 244 3
55 305 4
55 369 10
55 384 2
55 405 3
55 447 1
55 449 1
55 454 1
55 458 6
55 491 3
56 72 7
56 82 7
56 91 5
56 111 8
56 176 7
56 190 3
56 240 10
56 248 8
56 302 1
56 325 6
56 329 1
56 354 5
56 399 6
56 402 9
56 433 6
56 459 7
56 463 10
56 473 3
56 477 1
56 479 4
57 65 1
57 73 9
57 107 9
57 111 3
57 132 5
57 174 10
57 181 1
57 184 5
57 218 9
57 223 8
57 233 3
57 275 6
57 277 9
57 279 8
57 289 9
57 312 3
57 325 7
57 332 7
57 337 8
57 338 6
57 361 3
57 380 4
57 390 3
57 476 6
57 493 6
58 69 5
58 73 8
58 93 5
58 131 8
58 142 5
58 155 10
58 198 1
58 230 10
58 235 8
58 279 10
58 305 5
58 325 1
58 328 6
58 337 10
58 342 2
58 345 5
58 359 8
58 381 9
58 394 3
58 399 6
58 416 2
58 446 10
58 450 10
58 457 10
59 65 2
59 76 4
59 104 9
59 129 7
59 130 8
59 206 5
59 214 8
59 246 2
59 252 7
59 254 6
59 291 4
59 315 9
59 333 1
59 336 9
59 339 6
59 348 10
59 373 1
59 397 5
59 414 2
59 457 10
59 462 6
59 466 6
59 495 8
59 499 4
60 88 7
60 95 10
60 96 8
60 160 2
60 167 9
60 181 1
60 222 2
60 232 9
60 252 7
60 309 1
60 334 8
60 368 2
60 392 4
60 408 9
60 438 6
60 440 3
61 62 1
61 79 5
61 97 8
61 110 8
61 119 3
61 133 3
61 142 10
61 231 8
61 253 6
61 278 8
61 288 10
61 303 7
61 323 3
61 337 3
61 343 5
61 383 6
61 396 6
61 400 9
61 401 4
61 405 10
61 410 10
61 457 9
61 472 6
62 67 7
62 96 5
62 125 2
62 128 10
62 141 2
62 149 4
62 175 4
62 176 10
62 203 3
62 205 7
62 266 5
62 313 3
62 322 7
62 345 9
62 346 7
62 358 1
62 414 5
62 464 3
62 476 4
62 478 10
63 71 9
63 102 10
63 112 10
63 124 2
63 145 5
63 175 4
63 178 5
63 203 9
63 204 1
63 229 10
63 259 6
63 276 5
63 308 6
63 313 2
63 341 6
63 351 7
63 355 6
63 364 9
63 396 5
63 397 4
63 422 9
63 426 9
63 459 5
64 67 2
64 76 1
64 80 6
64 93 6
64 100 5
64 118 1
64 134 9
64 176 8
64 190 7
64 202 8
64 220 5
64 233 6
64 299 10
64 300 10
64 313 10
64 336 1
64 404 3
64 427 8
64 428 1
64 434 3
64 460 5
64 471 6
64 492 7
64 498 3
65 117 3
65 122 6
65 147 10
65 166 3
65 189 7
65 200 4
65 255 5
65 262 10
65 271 8
65 276 2
65 291 6
65 294 6
65 300 2
65 307 4
65 325 5
65 344 6
65 369 2
65 375 9
65 377 1
65 408 8
65 414 7
65 419 2
65 421 8
65 422 8
65 431 10
65 469 7
65 472 9
65 475 1
65 498 1
66 84 1
66 89 3
66 98 6
66 142 3
66 205 3
66 234 3
66 278 7
66 310 7
66 319 5
66 321 10
66 331 8
66 353 10
66 365 9
66 400 7
66 460 5
66 497 10
67 72 3
67 87 5
67 91 7
67 92 6
67 98 10
67 113 7
67 130 5
67 175 6
67 184 7
67 217 1
67 228 1
67 251 2
67 262 6
67 285 6
67 308 9
67 312 2
67 328 6
67 331 6
67 352 7
67 364 1
67 391 1
67 417 8
67 449 10
68 133 1
68 143 7
68 192 7
68 229 10
68 272 10
68 287 7
68 336 10
68 347 6
68 358 8
68 378 9
68 383 3
68 429 10
68 432 6
68 456 2
68 458 4
68 490 4
69 83 5
69 96 10
69 133 2
69 144 7
69 148 9
69 159 6
69 161 4
69 175 9
69 185 9
69 241 3
69 261 9
69 275 1
69 284 9
69 289 3
69 307 2
69 330 5
69 345 2
69 363 7
69 370 9
69 374 9
69 432 6
69 449 9
69 450 9
70 89 4
70 111 8
70 114 7
70 115 4
70 137 7
70 139 8
70 155 3
70 212 4
70 222 6
70 234 4
70 235 2
70 273 8
70 294 3
70 300 2
70 329 4
70 332 2
70 346 2
70 358 1
70 360 8
70 365 8
70 369 1
70 374 2
70 410 4
70 472 10
71 76 2
71 88 1
71 91 2
71 97 4
71 99 5
71 118 3
71 120 5
71 121 9
71 128 5
71 185 7
71 191 1
71 270 3
71 286 4
71 332 9
71 360 3
71 362 5
71 393 6
71 423 3
71 425 3
71 436 4
71 438 7
71 441 9
72 77 7
72 102 10
72 128 1
72 140 1
72 159 6
72 195 6
72 208 6
72 222 6
72 229 4
72 235 8
72 252 10
72 278 5
72 383 9
72 388 10
72 400 7
72 412 10
72 421 10
72 422 4
72 472 1
72 486 6
72 498 7
73 84 9
73 92 9
73 109 3
73 135 2
73 157 7
73 162 9
73 188 1
73 211 9
73 225 2
73 258 5
73 290 7
73 314 6
73 367 9
73 399 2
73 408 1
73 422 2
73 435 7
73 456 8
73 465 9
74 89 3
74 104 3
74 110 3
74 123 10
74 235 8
74 262 4
74 265 8
74 297 4
74 311 7
74 312 8
74 314 5
74 317 4
74 346 7
74 382 7
74 411 6
74 414 2
74 424 3
74 467 3
75 105 6
75 115 1
75 142 7
75 159 7
75 162 9
75 198 5
75 206 5
75 223 6
75 313 8
75 318 4
75 323 5
75 328 5
75 345 5
75 353 3
75 365 2
75 372 4
75 398 7
75 399 8
75 402 2
75 409 8
75 410 1
75 429 2
75 473 9
75 484 4
75 493 7
76 80 7
76 114 7
76 119 7
76 157 1
76 179 10
76 241 7
76 284 9
76 295 4
76 339 10
76 349 1
76 362 2
76 387 5
76 390 8
76 398 1
76 400 7
76 413 9
76 433 9
76 443 4
76 446 10
76 487 1
77 89 4
77 103 3
77 105 1
77 113 4
77 115 8
77 123 5
77 140 4
77 156 6
77 181 4
77 294 10
77 350 5
77 355 9
77 416 3
77 426 5
77 452 7
77 484 7
77 489 8
78 86 9
78 107 8
78 122 3
78 123 3
78 127 10
78 131 8
78 151 8
78 175 5
78 200 2
78 226 9
78 227 4
78 236 6
78 238 3
78 241 6
78 256 5
78 264 4
78 310 10
78 321 6
78 350 9
78 395 8
78 401 1
78 405 10
78 409 10
78 422 9
79 156 2
79 159 1
79 160 10
79 174 3
79 180 10
79 182 8
79 227 2
79 229 3
79 280 9
79 312 1
79 319 10
79 376 5
79 416 6
79 419 6
79 450 2
79 455 8
79 463 3
79 468 4
79 469 6
80 98 4
80 100 8
80 103 1
80 114 10
80 174 5
80 178 5
80 240 6
80 262 3
80 272 6
80 309 4
80 312 3
80 315 9
80 324 5
80 340 9
80 347 8
80 379 4
80 380 10
80 387 9
80 401 5
80 410 8
80 424 5
80 425 4
80 433 9
80 460 3
80 482 5
81 83 6
81 123 3
81 135 6
81 167 1
81 171 8
81 182 1
81 208 6
81 216 10
81 275 8
81 290 10
81 292 3
81 302 9
81 330 9
81 390 2
81 399 3
81 403 3
81 409 2
81 410 6
81 435 6
81 472 3
82 117 8
82 120 4
82 156 7
82 205 2
82 215 2
82 222 10
82 225 6
82 235 7
82 242 10
82 307 2
82 308 6
82 324 10
82 338 6
82 355 10
82 366 2
82 370 9
82 384 5
82 436 1
82 462 9
82 464 6
83 97 3
83 101 8
83 174 1
83 177 5
83 189 6
83 214 9
83 243 5
83 256 10
83 286 3
83 336 9
83 347 7
83 354 4
83 355 7
83 356 1
83 358 5
83 370 4
83 396 1
83 399 5
83 481 8
84 108 6
84 123 9
84 169 4
84 213 9
84 238 10
84 248 10
84 254 1
84 366 5
84 381 9
84 382 7
84 401 7
84 406 3
84 416 8
84 428 2
84 439 8
84 475 8
85 120 9
85 126 7
85 132 1
85 144 4
85 159 9
85 167 2
85 172 8
85 189 7
85 199 6
85 240 5
85 259 3
85 261 4
85 264 8
85 325 8
85 363 8
85 366 10
85 371 4
85 373 8
85 396 7
85 420 2
85 424 5
85 429 7
85 458 9
85 489 3
86 93 4
86 108 4
86 109 6
86 117 1
86 120 5
86 139 3
86 166 5
86 175 3
86 182 5
86 194 9
86 198 4
86 206 6
86 234 2
86 281 9
86 283 2
86 317 6
86 358 10
86 373 10
86 414 5
86 450 5
87 106 5
87 111 10
87 153 6
87 168 3
87 246 10
87 294 4
87 304 5
87 355 10
87 398 8
87 421 7
87 442 6
87 447 9
87 480 6
87 483 1
87 491 2
88 159 5
88 162 2
88 205 4
88 209 5
88 215 1
88 224 1
88 249 7
88 250 2
88 276 9
88 294 3
88 315 7
88 318 7
88 324 6
88 329 7
88 340 9
88 348 1
88 360 8
88 385 6
88 386 2
88 432 1
88 439 7
88 459 3
88 466 9
88 482 6
88 485 8
88 491 5
88 494 8
89 124 6
89 138 10
89 156 6
89 166 1
89 169 5
89 198 4
89 202 3
89 221 6
89 234 3
89 251 7
89 263 1
89 293 3
89 295 4
89 302 4
89 306 6
89 336 3
89 341 4
89 364 7
89 390 3
89 408 4
89 429 1
89 465 7
89 479 8
90 91 6
90 94 4
90 100 6
90 110 5
90 111 7
90 150 3
90 155 1
90 164 4
90 181 4
90 190 2
90 231 10
90 237 1
90 245 2
90 247 7
90 264 7
90 280 7
90 283 10
90 314 7
90 329 10
90 336 6
90 386 8
90 392 7
90 397 5
90 415 10
90 425 8
90 465 10
90 468 2
90 483 1
90 493 3
91 92 6
91 96 2
91 102 1
91 116 6
91 126 7
91 130 4
91 177 3
91 195 6
91 269 5
91 304 3
91 332 10
91 347 4
91 391 3
91 397 6
91 419 10
91 420 5
91 423 6
91 426 6
91 431 2
91 439 4
92 179 2
92 193 1
92 194 9
92 275 5
92 284 6
92 307 8
92 327 4
92 340 3
92 341 10
92 349 7
92 359 3
92 392 6
92 431 2
92 432 1
92 442 9
92 471 7
92 480 7
93 112 2
93 143 3
93 149 2
93 190 3
93 200 1
93 229 10
93 238 7
93 246 8
93 290 7
93 299 4
93 308 3
93 323 4
93 336 1
93 365 5
93 373 10
93 381 10
93 388 5
93 412 1
93 414 9
93 428 10
93 498 8
94 109 10
94 142 8
94 145 8
94 147 5
94 164 8
94 169 8
94 182 1
94 186 10
94 209 7
94 213 2
94 226 4
94 248 2
94 259 7
94 282 9
94 320 2
94 359 9
94 426 4
94 435 3
94 464 7
94 478 7
94 489 10
94 498 10
95 114 6
95 122 6
95 127 7
95 129 5
95 135 10
95 143 10
95 155 8
95 174 1
95 198 3
95 237 4
95 286 9
95 291 7
95 303 6
95 349 4
95 369 8
95 377 3
95 399 3
95 403 2
95 415 9
95 463 5
95 468 6
95 470 9
95 475 7
95 484 4
95 497 10
96 103 5
96 107 6
96 116 5
96 147 3
96 151 10
96 165 9
96 171 7
96 174 6
96 181 9
96 194 7
96 232 7
96 248 8
96 249 7
96 290 9
96 292 8
96 300 10
96 312 8
96 316 5
96 317 10
96 319 7
96 322 6
96 325 6
96 359 8
96 370 7
96 373 6
96 389 6
96 410 9
96 428 2
96 430 6
96 443 2
96 458 10
96 462 7
96 464 2
96 488 4
97 115 3
97 168 5
97 173 4
97 223 9
97 233 6
97 278 4
97 283 6
97 329 1
97 343 1
97 356 6
97 378 5
97 402 5
97 430 10
98 102 7
98 127 4
98 149 5
98 172 2
98 183 8
98 216 5
98 218 7
98 231 1
98 235 10
98 241 8
98 270 7
98 278 7
98 297 4
98 307 1
98 309 3
98 315 6
98 332 1
98 355 4
98 373 6
98 378 9
98 393 7
98 415 7
98 423 2
98 435 10
98 469 5
98 484 2
99 118 1
99 132 2
99 195 5
99 213 8
99 231 9
99 317 4
99 380 3
99 390 3
99 391 9
99 445 9
99 456 2
99 458 2
99 477 9
99 495 3
100 104 7
100 109 4
100 137 5
100 158 4
100 190 7
100 194 4
100 198 10
100 199 4
100 266 7
100 281 6
100 285 9
100 289 10
100 346 9
100 383 1
100 393 5
100 408 4
100 487 8
100 491 4
101 172 7
101 180 8
101 224 10
101 232 2
101 328 9
101 336 2
101 337 2
101 351 1
101 359 1
101 360 2
101 377 6
101 385 9
101 388 5
101 430 9
101 432 9
101 438 5
101 454 8
101 466 8
101 478 10
102 114 7
102 124 3
102 125 10
102 139 7
102 162 10
102 163 1
102 197 7
102 298 9
102 304 6
102 306 9
102 310 8
102 317 9
102 381 7
102 394 2
102 420 9
102 422 2
102 431 6
102 435 5
102 440 7
102 445 4
102 451 3
102 485 10
102 489 4
102 494 3
103 125 6
103 143 9
103 178 9
103 184 5
103 191 8
103 202 7
103 218 1
103 233 8
103 237 10
103 355 10
103 369 9
103 473 4
104 110 8
104 145 5
104 152 6
104 153 10
104 218 8
104 240 5
104 250 7
104 319 9
104 320 4
104 334 4
104 353 4
104 361 7
104 388 9
104 394 3
104 404 9
104 410 6
104 412 1
104 413 2
104 422 1
104 435 1
104 441 6
104 472 3
104 489 5
105 112 8
105 113 5
105 129 2
105 132 5
105 136 2
105 153 9
105 235 10
105 249 2
105 267 2
105 273 8
105 281 9
105 285 3
105 289 4
105 326 9
105 368 5
105 372 1
105 384 7
105 398 3
105 486 2
106 116 10
106 120 4
106 123 4
106 150 6
106 186 10
106 193 7
106 211 2
106 221 8
106 246 2
106 252 6
106 317 4
106 344 7
106 411 4
106 414 10
106 428 9
106 467 5
106 483 10
106 495 3
107 168 6
107 172 3
107 212 3
107 258 2
107 262 1
107 273 5
107 304 1
107 317 8
107 335 9
107 350 5
107 357 4
107 398 3
107 410 1
107 475 7
107 488 8
107 498 1
108 123 1
108 153 5
108 175 1
108 181 1
108 183 6
108 184 3
108 222 10
108 223 8
108 243 1
108 284 8
108 300 8
108 303 9
108 308 6
108 348 9
108 357 8
108 383 6
108 392 4
108 406 4
108 410 5
108 431 7
108 455 8
109 191 8
109 202 1
109 222 5
109 223 8
109 240 10
109 258 9
109 260 1
109 266 10
109 267 9
109 268 4
109 274 7
109 295 9
109 324 10
109 329 3
109 350 1
109 422 10
109 435 8
109 449 4
109 450 1
109 452 5
109 454 8
109 481 7
110 121 5
110 144 8
110 151 5
110 174 6
110 188 9
110 221 1
110 255 4
110 293 4
110 314 6
110 332 6
110 349 8
110 364 4
110 390 8
110 439 4
110 447 3
110 451 8
110 454 5
110 492 8
111 116 5
111 163 7
111 176 2
111 178 3
111 195 1
111 221 1
111 238 4
111 253 3
111 254 1
111 309 10
111 314 5
111 361 5
111 370 7
111 381 8
111 434 9
111 435 10
111 442 6
112 137 1
112 160 1
112 188 3
112 208 9
112 216 9
112 225 1
112 227 4
112 230 4
112 290 5
112 291 6
112 322 5
112 335 10
112 348 2
112 350 7
112 388 5
112 402 3
112 409 6
112 418 7
112 471 8
113 131 4
113 177 7
113 189 1
113 194 2
113 257 4
113 280 6
113 313 9
113 317 4
113 333 7
113 340 4
113 392 1
113 398 7
113 439 1
113 450 5
113 476 2
113 489 6
113 495 1
113 496 1
113 497 3
114 119 5
114 124 2
114 126 4
114 131 6
114 143 1
114 152 6
114 156 7
114 162 10
114 193 2
114 194 2
114 196 10
114 223 2
114 234 4
114 280 7
114 303 1
114 304 9
114 314 2
114 326 3
114 330 7
114 395 3
114 426 8
114 441 4
114 454 1
114 490 2
115 116 7
115 141 7
115 162 8
115 197 4
115 220 9
115 256 3
115 265 3
115 299 6
115 300 4
115 335 1
115 342 6
115 369 6
115 370 6
115 376 3
115 388 9
115 400 5
115 449 1
116 154 6
116 188 9
116 213 5
116 216 1
116 220 5
116 224 8
116 241 4
116 260 8
116 263 4
116 264 2
116 267 8
116 292 7
116 313 1
116 347 4
116 353 7
116 438 5
116 445 9
116 448 2
116 449 2
116 451 2
116 452 9
116 470 1
116 477 4
116 489 1
117 132 6
117 164 9
117 172 1
117 193 3
117 200 4
117 234 10
117 249 3
117 261 4
117 278 6
117 291 7
117 296 1
117 339 4
117 340 6
117 380 7
117 394 9
117 420 3
117 429 6
117 445 6
117 448 10
117 455 2
117 467 9
118 119 10
118 184 9
118 214 6
118 215 4
118 254 10
118 272 10
118 277 3
118 285 4
118 356 4
118 376 8
118 377 8
118 386 2
118 403 7
118 411 5
118 425 4
118 437 8
118 463 6
119 135 2
119 137 4
119 149 8
119 173 3
119 207 2
119 218 1
119 221 2
119 254 4
119 256 10
119 263 6
119 267 4
119 319 9
119 353 5
119 368 9
119 371 7
119 393 5
119 450 3
119 468 1
119 477 3
119 495 10
120 134 1
120 144 9
120 151 5
120 159 3
120 178 10
120 181 2
120 186 4
120 220 5
120 255 9
120 256 3
120 270 6
120 300 1
120 307 5
120 322 1
120 326 7
120 358 6
120 378 9
120 404 5
120 413 5
120 452 4
120 465 7
120 478 1
120 491 1
120 497 9
121 145 3
121 148 4
121 149 8
121 161 4
121 208 4
121 209 4
121 245 2
121 254 1
121 279 1
121 289 3
121 292 6
121 293 8
121 299 9
121 402 2
121 416 8
121 441 5
121 447 3
121 471 5
121 481 10
122 126 7
122 129 4
122 155 3
122 173 4
122 176 4
122 179 7
122 298 4
122 335 5
122 360 10
122 370 6
122 401 3
122 411 3
122 421 4
122 487 5
123 145 10
123 151 10
123 164 4
123 171 7
123 180 8
123 225 3
123 233 9
123 241 6
123 346 9
123 365 7
123 378 10
123 385 6
123 390 8
123 416 3
123 419 6
123 443 3
123 447 10
123 471 5
123 484 3
123 499 7
124 131 7
124 155 10
124 206 3
124 215 5
124 222 9
124 287 2
124 289 9
124 294 3
124 344 2
124 349 2
124 390 1
124 401 4
124 402 2
124 405 6
124 408 10
124 419 8
124 422 1
124 443 9
124 486 9
124 488 3
125 154 1
125 177 4
125 179 8
125 184 9
125 191 3
125 221 1
125 229 9
125 230 2
125 234 7
125 283 4
125 300 2
125 303 3
125 345 6
125 375 10
125 385 1
125 390 9
125 455 3
125 468 9
125 488 2
125 495 1
126 189 9
126 208 6
126 237 7
126 247 4
126 265 7
126 283 7
126 286 4
126 287 1
126 299 1
126 318 8
126 347 9
126 367 3
126 371 8
126 392 4
126 398 5
126 400 10
126 410 3
126 420 2
126 424 2
126 456 2
126 497 3
127 161 1
127 166 3
127 208 8
127 212 2
127 241 6
127 246 1
127 249 8
127 273 5
127 296 4
127 316 3
127 327 9
127 356 2
127 359 4
127 366 1
127 374 9
127 402 9
127 426 1
127 463 8
127 465 3
127 482 8
127 491 3
128 174 5
128 180 8
128 218 4
128 276 10
128 301 6
128 305 3
128 315 4
128 336 2
128 346 7
128 356 8
128 358 7
128 377 2
128 431 3
128 438 7
129 182 10
129 210 2
129 237 8
129 269 9
129 272 7
129 279 7
129 303 4
129 318 4
129 321 8
129 336 6
129 362 3
129 378 2
129 387 3
129 396 5
129 470 4
129 496 3
130 153 5
130 156 10
130 160 2
130 191 10
130 198 4
130 207 5
130 240 10
130 258 8
130 278 9
130 311 5
130 316 10
130 412 8
130 422 9
130 423 1
130 433 9
130 449 7
130 454 3
130 458 4
130 493 9
131 139 8
131 161 9
131 179 6
131 180 1
131 194 5
131 195 8
131 256 9
131 262 1
131 264 8
131 273 9
131 291 4
131 323 1
131 336 10
131 348 7
131 361 3
131 376 7
131 385 4
131 393 10
131 401 8
131 435 9
131 441 5
131 442 2
131 453 7
131 463 7
131 471 1
131 490 10
131 498 1
132 134 9
132 135 9
132 203 4
132 266 10
132 273 5
132 329 2
132 406 2
132 411 10
132 421 9
132 495 2
133 148 7
133 169 3
133 184 6
133 192 1
133 197 4
133 235 5
133 238 9
133 251 4
133 259 10
133 264 2
133 269 5
133 276 10
133 285 2
133 291 5
133 320 4
133 339 8
133 353 1
133 363 5
133 364 1
133 368 9
133 375 5
133 395 3
133 399 7
133 414 8
133 423 9
133 445 1
133 446 5
134 144 1
134 148 5
134 166 2
134 173 1
134 184 3
134 194 3
134 215 10
134 219 7
134 221 2
134 254 10
134 283 4
134 299 10
134 333 8
134 335 4
134 381 2
134 387 5
134 401 5
134 468 8
135 153 4
135 159 7
135 211 1
135 229 10
135 273 7
135 290 6
135 296 3
135 308 8
135 356 9
135 375 3
135 380 10
135 386 9
135 424 6
135 470 2
135 474 1
135 492 9
136 162 1
136 163 8
136 188 7
136 202 6
136 236 4
136 261 7
136 264 5
136 271 5
136 295 9
136 344 2
136 361 7
136 374 4
136 393 10
136 421 4
136 463 6
136 481 10
137 152 4
137 171 2
137 186 9
137 241 6
137 249 6
137 289 2
137 320 3
137 373 2
137 374 2
137 377 5
137 384 8
137 396 10
137 427 10
137 460 8
137 464 3
137 485 4
138 202 4
138 224 8
138 225 6
138 250 8
138 255 6
138 262 5
138 270 3
138 293 3
138 308 9
138 352 2
138 369 6
138 383 3
138 392 9
138 417 9
138 473 9
138 495 7
139 140 9
139 141 4
139 172 2
139 183 10
139 185 9
139 201 4
139 202 4
139 218 4
139 219 6
139 245 10
139 255 3
139 276 10
139 288 10
139 323 8
139 336 10
139 359 4
139 402 4
139 444 8
139 468 5
139 475 4
139 498 4
140 190 8
140 202 7
140 218 10
140 226 1
140 248 4
140 250 9
140 300 7
140 367 7
140 390 1
140 399 5
140 410 10
140 449 6
140 476 5
140 479 3
140 488 9
140 492 7
141 149 5
141 150 1
141 169 5
141 197 4
141 280 2
141 282 8
141 286 9
141 335 1
141 394 3
141 417 1
141 419 10
141 437 4
142 147 9
142 148 5
142 149 9
142 163 10
142 185 9
142 208 8
142 257 10
142 267 5
142 286 7
142 337 1
142 350 10
142 356 6
142 378 7
142 413 8
142 446 4
142 450 8
143 145 3
143 152 8
143 175 6
143 184 4
143 192 6
143 253 2
143 287 3
143 301 6
143 309 5
143 356 4
143 387 1
143 392 9
143 408 4
143 412 2
143 424 7
143 440 5
143 457 1
143 465 10
143 487 5
143 488 1
144 148 9
144 173 8
144 211 5
144 218 9
144 225 2
144 305 5
144 312 10
144 318 2
144 364 4
144 365 6
144 376 10
144 380 4
144 381 5
144 413 6
144 428 7
144 432 5
144 451 2
144 459 6
145 157 2
145 281 2
145 293 5
145 303 4
145 322 8
145 345 10
145 377 5
145 379 6
145 383 8
145 384 4
145 397 4
145 405 3
145 415 1
145 438 2
145 492 2
146 148 4
146 197 5
146 251 4
146 269 8
146 283 8
146 300 6
146 302 8
146 303 2
146 305 7
146 363 6
146 383 8
146 385 9
146 391 8
146 396 3
146 406 4
146 439 4
146 443 6
146 480 10
146 488 9
146 489 8
146 496 7
147 158 5
147 160 4
147 162 1
147 175 8
147 227 1
147 245 7
147 283 2
147 310 2
147 311 8
147 329 1
147 332 3
147 347 8
147 404 4
147 420 2
147 439 5
147 448 7
147 490 6
148 172 8
148 195 6
148 215 5
148 230 10
148 231 3
148 241 2
148 253 9
148 276 3
148 288 7
148 329 6
148 351 6
148 370 4
148 413 10
148 428 8
148 445 10
148 450 5
148 456 7
149 168 2
149 189 10
149 211 3
149 233 2
149 255 4
149 321 2
149 345 8
149 355 6
149 367 4
149 386 1
149 394 2
149 402 7
149 425 2
149 480 3
149 499 4
150 157 6
150 162 2
150 191 1
150 196 8
150 208 6
150 210 1
150 222 9
150 229 7
150 308 1
150 342 5
150 368 6
150 392 9
150 418 9
150 424 9
150 481 7
151 183 2
151 194 3
151 206 9
151 236 4
151 254 10
151 261 9
151 262 10
151 264 2
151 300 9
151 309 6
151 322 9
151 340 2
151 348 3
151 390 5
151 400 9
151 411 4
151 413 5
151 420 9
151 433 9
151 461 5
151 476 10
151 493 1
151 494 4
152 234 1
152 255 6
152 282 1
152 307 4
152 323 6
152 325 10
152 368 10
152 377 7
152 380 6
152 422 1
152 446 9
152 482 6
153 158 1
153 176 6
153 182 9
153 184 5
153 207 5
153 256 10
153 286 6
153 321 9
153 324 6
153 326 5
153 329 9
153 341 10
153 366 7
153 409 9
153 470 2
153 481 2
153 485 8
153 488 9
153 491 1
154 164 8
154 186 5
154 190 8
154 202 2
154 211 7
154 221 5
154 235 7
154 237 7
154 251 7
154 267 7
154 302 4
154 308 1
154 325 2
154 337 1
154 342 7
154 370 9
154 397 4
154 398 9
154 431 3
154 432 2
154 436 3
154 441 6
154 450 5
155 167 6
155 178 7
155 187 10
155 190 4
155 198 9
155 199 9
155 258 6
155 280 5
155 291 6
155 311 8
155 332 1
155 361 2
155 373 5
155 386 3
155 387 6
155 396 6
155 414 5
155 454 10
155 473 3
155 493 4
156 164 1
156 194 2
156 218 4
156 247 6
156 255 6
156 303 6
156 316 6
156 351 10
156 371 8
156 389 6
156 410 8
156 411 9
156 415 9
156 422 7
156 486 9
156 493 5
156 496 5
157 160 8
157 164 3
157 170 1
157 216 8
157 239 10
157 244 5
157 362 10
157 379 8
157 424 1
157 459 7
158 160 7
158 171 3
158 179 2
158 195 6
158 260 7
158 324 10
158 342 3
158 347 3
158 369 2
158 390 6
158 425 5
158 435 6
158 442 8
159 164 9
159 169 5
159 175 9
159 200 7
159 202 1
159 208 3
159 270 6
159 277 5
159 306 1
159 322 3
159 343 10
159 352 1
159 369 2
159 379 7
159 385 9
159 392 6
159 449 3
159 453 10
159 457 10
159 477 2
160 169 10
160 174 5
160 184 3
160 187 3
160 192 8
160 215 9
160 229 8
160 235 9
160 236 3
160 239 4
160 243 1
160 244 2
160 247 8
160 263 4
160 269 8
160 296 6
160 326 4
160 344 2
160 360 5
160 403 7
160 406 2
160 430 9
160 490 2
161 171 1
161 180 8
161 251 8
161 311 8
161 364 8
161 370 9
161 372 4
161 382 5
161 414 3
161 419 7
161 421 1
161 468 4
161 487 7
161 493 6
162 169 5
162 196 7
162 204 2
162 209 9
162 254 4
162 296 7
162 305 4
162 314 8
162 350 7
162 374 7
162 390 8
162 398 4
162 404 6
162 437 7
162 443 4
162 450 10
162 454 6
162 459 2
162 467 7
163 175 7
163 183 3
163 217 7
163 222 7
163 244 3
163 251 4
163 263 6
163 264 2
163 308 6
163 312 1
163 329 7
163 358 5
163 379 7
163 380 1
163 391 4
163 410 4
163 415 4
163 424 9
163 441 8
163 447 2
163 486 6
164 169 5
164 192 6
164 226 2
164 288 7
164 292 6
164 293 1
164 388 8
164 389 8
164 402 8
164 421 9
164 488 2
164 496 7
165 251 3
165 265 4
165 269 4
165 291 8
165 293 5
165 362 8
165 375 6
165 381 3
165 394 6
165 430 7
165 461 3
166 207 9
166 218 6
166 224 10
166 232 7
166 257 4
166 307 5
166 313 4
166 337 9
166 340 3
166 354 1
166 357 8
166 387 3
166 394 8
166 400 6
166 401 7
166 443 6
166 451 3
166 465 3
167 190 8
167 203 3
167 246 3
167 265 6
167 281 7
167 283 10
167 288 10
167 325 3
167 332 4
167 335 9
167 434 10
167 439 5
167 453 3
167 455 9
167 468 8
167 499 8
168 210 9
168 216 6
168 249 10
168 256 1
168 263 1
168 291 2
168 315 3
168 332 6
168 354 3
168 355 7
168 358 1
168 367 8
168 413 10
168 436 3
168 447 7
168 449 3
168 452 1
168 493 7
169 172 8
169 175 8
169 184 2
169 212 1
169 241 3
169 246 1
169 263 2
169 284 2
169 293 10
169 317 4
169 323 5
169 336 10
169 345 2
169 353 7
169 428 1
169 430 7
169 436 10
169 459 3
170 171 10
170 181 9
170 184 6
170 194 2
170 206 8
170 231 6
170 238 3
170 244 7
170 351 4
170 378 9
170 380 8
170 402 7
170 436 1
170 442 8
170 451 4
170 465 8
170 479 1
170 485 7
171 207 9
171 239 6
171 248 3
171 260 9
171 268 7
171 320 6
171 395 8
171 409 8
171 410 9
171 415 2
171 417 4
171 418 9
171 456 7
171 466 2
171 471 3
171 472 10
171 474 10
171 475 10
171 476 2
172 174 1
172 189 9
172 203 9
172 239 1
172 243 7
172 245 10
172 261 9
172 287 7
172 327 5
172 391 1
172 392 3
172 404 3
172 425 4
172 442 6
172 452 2
172 490 4
173 220 5
173 232 1
173 248 2
173 265 1
173 274 8
173 296 4
173 299 1
173 355 2
173 361 10
173 373 10
173 397 9
173 453 10
173 467 7
173 471 2
173 498 2
174 232 3
174 237 6
174 243 7
174 252 6
174 271 9
174 313 7
174 334 6
174 390 5
174 402 8
174 413 2
174 429 2
174 430 8
174 481 4
174 483 10
174 486 6
175 202 3
175 234 7
175 263 7
175 268 9
175 276 1
175 284 6
175 289 1
175 309 7
175 315 6
175 322 8
175 342 1
175 368 8
175 374 2
175 440 3
175 444 7
175 455 2
175 457 3
175 460 3
175 466 9
175 467 2
175 478 6
176 179 1
176 212 6
176 217 6
176 224 8
176 226 8
176 232 10
176 234 6
176 301 1
176 317 2
176 384 8
176 407 3
176 414 4
176 416 10
176 465 1
176 479 8
176 484 1
176 487 3
177 198 8
177 202 5
177 216 8
177 255 5
177 256 5
177 258 2
177 273 9
177 312 2
177 316 7
177 327 5
177 354 3
177 365 5
177 368 2
177 387 7
177 424 3
177 425 2
177 434 10
177 456 3
177 459 9
177 473 6
177 480 10
178 212 6
178 215 2
178 234 5
178 244 7
178 260 10
178 307 9
178 372 1
178 374 4
178 411 1
178 432 4
178 439 3
178 458 2
178 473 2
178 475 4
179 193 9
179 199 4
179 208 1
179 230 4
179 239 3
179 268 3
179 297 5
179 307 7
179 416 8
179 448 8
179 464 9
179 465 9
179 476 2
180 183 6
180 204 2
180 219 10
180 220 2
180 263 2
180 296 8
180 306 9
180 317 1
180 356 7
180 391 10
180 413 5
180 429 6
180 481 6
180 498 10
181 215 7
181 217 9
181 232 9
181 242 2
181 255 3
181 260 5
181 303 9
181 304 4
181 306 5
181 355 7
181 358 2
181 375 1
181 387 5
181 396 4
181 439 5
181 448 5
181 455 2
181 469 10
181 483 7
181 492 8
182 216 9
182 217 4
182 267 4
182 294 3
182 333 7
182 346 2
182 358 9
182 364 7
182 372 10
182 399 9
182 439 7
182 457 6
183 194 3
183 199 6
183 208 2
183 224 1
183 231 5
183 232 1
183 291 4
183 305 1
183 323 7
183 326 9
183 345 3
183 364 9
183 371 2
183 387 3
183 388 7
183 399 9
183 492 3
184 195 9
184 209 10
184 213 5
184 224 5
184 227 2
184 237 8
184 246 2
184 270 9
184 290 6
184 292 5
184 300 7
184 353 5
184 366 4
184 386 10
184 392 5
184 395 4
184 417 9
184 493 6
185 231 3
185 235 3
185 239 1
185 253 8
185 302 4
185 314 2
185 336 2
185 344 10
185 390 7
185 405 5
185 406 9
185 441 9
185 453 1
185 471 2
185 480 7
185 483 6
185 485 10
185 492 9
186 188 5
186 189 4
186 207 8
186 245 8
186 250 1
186 262 7
186 272 3
186 277 3
186 287 4
186 309 1
186 319 4
186 322 2
186 334 4
186 426 4
186 453 4
186 460 1
186 495 9
187 196 9
187 236 2
187 336 2
187 341 2
187 347 3
187 366 9
187 376 9
187 385 8
187 387 4
187 421 5
187 447 8
187 473 2
187 488 1
188 221 7
188 257 5
188 309 6
188 314 10
188 315 4
188 338 5
188 352 1
188 456 1
188 481 1
189 197 10
189 223 4
189 232 7
189 235 1
189 284 10
189 286 7
189 291 6
189 309 4
189 317 7
189 387 4
189 393 4
189 411 5
189 421 3
189 438 3
189 494 9
190 199 4
190 243 1
190 292 2
190 305 9
190 329 5
190 353 10
190 358 6
190 359 1
190 371 8
190 372 8
190 384 9
190 401 7
190 413 1
190 414 3
190 421 5
190 444 9
190 496 10
191 201 7
191 218 10
191 249 2
191 256 5
191 292 9
191 316 5
191 323 5
191 331 6
191 341 5
191 354 1
191 359 3
191 395 8
191 396 5
191 413 1
191 427 8
191 439 10
191 453 9
191 457 2
191 459 1
191 462 2
192 283 10
192 306 3
192 341 5
192 343 10
192 370 3
192 371 2
192 379 1
192 404 4
192 406 10
192 420 8
192 427 2
192 466 1
192 467 8
192 475 6
192 488 6
192 497 7
193 197 4
193 220 4
193 240 4
193 249 9
193 296 8
193 306 2
193 336 9
193 354 1
193 374 2
193 413 6
193 434 9
194 214 3
194 288 2
194 300 2
194 307 10
194 349 8
194 408 5
194 443 9
194 448 3
194 459 1
194 492 3
194 495 1
195 198 9
195 205 4
195 218 1
195 247 8
195 264 8
195 281 5
195 358 4
195 374 2
195 390 9
195 405 2
195 454 8
195 474 6
195 490 8
196 250 6
196 264 4
196 289 1
196 406 9
196 456 10
196 491 9
196 499 4
197 220 10
197 234 10
197 252 2
197 299 8
197 314 6
197 317 4
197 373 8
197 382 8
197 398 7
197 457 4
197 472 2
198 214 5
198 224 3
198 249 9
198 256 8
198 265 6
198 325 9
198 342 7
198 346 6
198 348 9
198 354 4
198 361 1
198 382 10
198 387 3
198 409 3
198 426 7
198 445 2
198 447 3
198 468 2
198 498 4
199 224 4
199 237 5
199 247 2
199 259 1
199 268 3
199 287 5
199 301 10
199 305 6
199 318 6
199 359 7
199 397 6
199 432 2
199 434 7
199 439 1
199 441 8
199 447 4
199 480 3
200 220 7
200 265 2
200 279 3
200 295 2
200 312 3
200 318 8
200 334 7
200 375 7
200 378 8
200 411 8
200 453 5
200 473 3
200 476 4
201 212 10
201 219 1
201 277 5
201 344 5
201 352 2
201 401 3
201 406 4
201 431 1
201 438 8
202 208 9
202 215 6
202 238 4
202 256 2
202 262 9
202 274 6
202 278 4
202 286 9
202 348 6
202 363 6
202 380 7
202 417 1
202 438 10
202 440 10
202 450 7
202 459 5
202 470 7
203 239 6
203 266 5
203 277 10
203 290 7
203 295 3
203 307 8
203 327 4
203 336 2
203 349 9
203 372 8
203 399 3
203 416 2
203 482 3
203 491 4
203 497 4
204 291 8
204 322 1
204 347 10
204 352 8
204 379 5
204 401 5
204 418 7
204 419 7
204 440 3
204 460 7
205 210 10
205 212 6
205 257 2
205 335 6
205 370 5
205 410 6
205 477 9
205 491 2
206 212 4
206 239 8
206 249 4
206 261 5
206 280 5
206 300 9
206 348 6
206 360 7
206 382 4
206 408 9
206 419 6
206 422 7
206 444 3
206 459 2
206 491 6
207 212 1
207 294 6
207 321 8
207 349 4
207 366 4
207 375 9
207 386 1
207 410 8
207 418 2
207 437 6
207 454 6
207 476 9
207 485 4
207 493 7
208 225 8
208 256 8
208 268 9
208 299 5
208 322 5
208 338 4
208 359 2
208 399 6
208 410 10
208 431 10
208 459 6
208 477 9
208 482 10
208 498 6
209 220 8
209 244 5
209 249 9
209 282 1
209 284 2
209 326 1
209 369 4
209 370 7
209 373 3
209 410 2
209 426 1
209 434 4
209 498 7
210 229 6
210 232 1
210 287 8
210 293 1
210 299 6
210 301 9
210 309 4
210 385 6
210 396 8
210 408 7
210 493 5
211 223 10
211 236 4
211 260 2
211 262 2
211 264 1
211 269 5
211 295 3
211 329 2
211 344 5
211 374 6
211 384 8
211 424 10
211 440 3
211 464 9
211 469 5
212 293 5
212 296 10
212 345 10
212 346 4
212 355 10
212 360 8
212 387 2
212 392 3
212 399 7
213 214 8
213 220 9
213 238 9
213 250 2
213 283 7
213 301 6
213 356 3
213 358 5
213 376 8
213 413 4
213 442 6
213 445 9
213 446 4
213 450 4
213 491 3
213 493 8
214 237 5
214 274 5
214 322 9
214 329 8
214 332 8
214 334 2
214 348 1
214 355 3
214 369 3
214 371 9
214 381 2
214 390 9
214 408 4
214 420 5
214 453 3
214 488 2
215 229 4
215 238 4
215 243 4
215 278 8
215 287 6
215 288 2
215 292 9
215 367 8
215 385 10
215 446 4
215 458 3
215 465 4
215 489 1
215 493 8
215 497 3
216 247 1
216 260 3
216 264 2
216 279 9
216 302 2
216 317 1
216 357 8
216 381 2
216 409 9
216 423 10
216 449 9
216 482 5
216 483 3
216 491 5
217 221 10
217 266 8
217 297 4
217 326 2
217 384 9
217 448 3
217 466 2
217 469 3
217 474 2
217 480 5
217 492 3
218 238 8
218 246 9
218 271 9
218 280 2
218 283 8
218 288 4
218 299 3
218 305 8
218 331 4
218 336 6
218 347 9
218 375 7
218 379 2
218 396 9
218 427 2
218 428 10
218 456 7
218 480 7
218 495 8
219 222 10
219 286 10
219 291 9
219 313 1
219 322 3
219 384 10
219 404 5
219 411 4
219 432 3
219 466 9
219 472 4
220 228 10
220 239 6
220 268 1
220 270 7
220 289 4
220 297 6
220 324 1
220 344 3
220 350 7
220 358 5
220 373 6
220 409 8
220 467 10
220 481 5
220 491 9
221 234 9
221 269 4
221 334 3
221 340 6
221 345 1
221 351 6
221 352 3
221 440 1
221 447 9
221 469 4
221 476 9
221 493 6
221 496 3
222 276 6
222 288 6
222 296 6
222 299 4
222 302 5
222 311 5
222 321 10
222 342 1
222 350 3
222 388 9
222 400 5
222 401 1
222 459 10
222 477 7
222 486 5
223 243 3
223 250 4
223 304 10
223 338 3
223 350 8
223 451 8
223 479 9
223 494 4
224 248 3
224 252 1
224 262 4
224 291 5
224 308 3
224 316 8
224 333 2
224 354 6
224 374 7
224 391 9
224 392 6
224 425 3
224 433 4
224 452 1
224 454 2
224 460 7
224 493 7
225 230 9
225 239 1
225 260 1
225 282 4
225 310 7
225 311 6
225 313 2
225 329 7
225 341 9
225 361 3
225 365 6
225 366 7
225 370 4
225 441 2
225 451 5
225 455 5
225 499 10
226 244 8
226 248 4
226 256 5
226 277 2
226 321 7
226 381 2
226 385 4
226 401 9
226 402 3
226 415 8
226 423 9
226 431 8
226 441 2
226 472 9
226 475 8
226 485 4
227 239 2
227 298 1
227 304 9
227 309 9
227 329 4
227 355 10
227 356 7
227 363 9
227 437 3
227 440 9
227 469 7
227 497 10
227 498 9
228 290 7
228 369 8
228 374 10
228 376 3
228 385 1
228 399 7
228 455 8
228 485 1
229 231 10
229 234 8
229 247 5
229 255 10
229 259 6
229 276 3
229 352 2
229 357 1
229 406 2
229 408 1
229 411 10
229 427 7
229 450 8
229 459 3
229 478 10
229 496 2
230 231 5
230 232 3
230 265 9
230 310 7
230 325 4
230 327 7
230 355 5
230 357 3
230 393 4
230 394 9
230 475 8
230 484 2
230 485 8
230 488 7
231 261 5
231 277 8
231 282 3
231 283 6
231 285 1
231 300 3
231 318 3
231 330 8
231 339 3
231 370 4
231 381 1
231 451 9
231 458 5
231 472 1
231 491 6
231 494 2
232 263 1
232 277 9
232 289 1
232 312 9
232 374 8
232 381 3
232 383 3
232 387 6
232 391 10
232 398 4
232 438 6
232 442 6
232 449 6
232 468 5
232 476 5
232 494 7
233 247 5
233 263 7
233 300 7
233 307 5
233 311 6
233 349 8
233 373 1
233 375 1
233 383 1
233 404 6
233 410 3
233 431 1
233 455 6
233 494 8
234 237 8
234 286 3
234 288 9
234 299 5
234 303 8
234 310 8
234 317 8
234 347 4
234 376 7
234 419 8
234 425 9
234 443 3
234 470 9
234 473 10
234 491 5
235 243 1
235 253 7
235 256 1
235 273 5
235 301 2
235 304 6
235 333 5
235 348 10
235 360 2
235 364 1
235 372 4
235 388 6
235 426 10
235 453 7
235 499 3
236 246 2
236 269 6
236 300 6
236 302 1
236 335 4
236 352 10
236 375 10
236 386 6
236 387 3
236 404 5
236 415 2
236 421 9
236 427 4
236 451 10
236 468 5
236 481 5
236 495 3
237 240 8
237 244 1
237 248 9
237 280 1
237 324 3
237 337 2
237 375 5
237 389 8
237 443 2
238 261 9
238 292 6
238 333 10
238 334 10
238 341 1
238 359 10
238 389 6
238 420 4
238 493 9
239 252 5
239 269 2
239 356 10
239 357 7
239 403 8
239 418 2
239 419 7
239 435 6
239 437 2
239 452 1
239 488 9
239 498 1
240 270 4
240 275 7
240 321 9
240 353 3
240 384 2
240 426 6
240 441 6
241 249 4
241 262 4
241 285 8
241 293 7
241 370 8
241 388 3
241 395 8
241 400 10
241 408 9
241 432 10
241 436 2
241 447 7
241 464 10
241 484 6
242 248 1
242 257 1
242 259 1
242 301 4
242 320 10
242 336 4
242 359 1
242 385 4
242 388 3
242 404 4
242 436 3
242 458 5
242 461 4
242 495 6
243 260 10
243 299 5
243 321 3
243 334 10
243 347 6
243 385 8
243 403 3
243 474 3
244 283 10
244 304 5
244 343 1
244 365 6
244 378 8
244 391 5
244 397 9
244 444 9
244 467 10
244 494 7
245 291 7
245 305 4
245 324 4
245 327 4
245 329 4
245 349 7
245 353 5
245 403 9
245 425 6
245 427 9
245 435 1
245 464 4
246 249 9
246 254 10
246 260 5
246 271 1
246 294 9
246 330 6
246 346 10
246 348 4
246 367 1
246 387 10
246 397 3
246 404 7
246 420 5
246 438 3
246 456 6
246 471 7
247 257 1
247 262 10
247 302 2
247 303 5
247 317 6
247 338 9
247 394 8
247 420 4
247 497 5
248 260 10
248 294 6
248 299 2
248 352 5
248 395 8
248 468 7
248 495 2
248 496 9
248 498 1
249 261 5
249 300 2
249 359 9
249 367 8
249 375 9
249 402 5
249 406 1
249 416 10
249 421 1
249 423 3
250 257 3
250 282 9
250 285 10
250 321 6
250 346 2
250 383 5
250 385 2
250 402 1
250 498 5
251 280 1
251 287 5
251 304 9
251 326 7
251 334 3
251 369 1
251 380 3
251 389 2
251 412 1
251 453 7
251 454 4
251 480 8
251 488 2
252 300 8
252 301 7
252 316 10
252 322 3
252 334 7
252 355 8
252 376 3
252 384 2
252 416 4
252 422 7
252 489 4
253 263 9
253 276 7
253 277 3
253 291 7
253 312 10
253 322 10
253 326 2
253 329 10
253 339 6
253 371 8
253 376 9
253 383 1
253 419 2
253 441 9
253 462 4
253 490 5
254 257 8
254 262 7
254 278 7
254 283 8
254 310 5
254 313 1
254 362 8
254 365 8
254 415 9
254 422 2
254 452 2
255 264 2
255 282 1
255 297 8
255 309 3
255 314 7
255 321 4
255 324 3
255 372 3
255 393 6
255 398 5
255 431 10
255 443 5
255 449 6
255 458 1
255 487 4
255 494 6
256 277 3
256 280 10
256 397 3
256 399 3
256 419 6
256 455 9
256 467 8
256 493 4
257 266 6
257 267 3
257 284 1
257 286 9
257 310 10
257 319 1
257 326 4
257 340 8
257 342 5
257 363 9
257 378 2
257 381 7
257 383 9
257 388 6
257 430 5
257 438 4
257 475 1
258 272 9
258 288 6
258 292 8
258 300 7
258 314 7
258 360 5
258 386 10
258 391 4
258 404 10
258 457 2
258 490 8
259 282 10
259 284 3
259 287 10
259 292 8
259 297 7
259 304 4
259 306 8
259 334 5
259 345 6
259 384 4
259 385 8
259 394 10
259 397 4
259 398 3
259 424 8
259 456 2
259 457 10
259 475 7
259 483 8
259 487 3
259 493 7
260 270 3
260 307 10
260 320 8
260 325 8
260 337 8
260 352 6
260 368 1
260 385 5
260 404 7
260 423 7
260 429 7
260 440 10
260 451 10
261 295 10
261 331 10
261 335 5
261 344 6
261 346 2
261 353 8
261 359 6
261 403 6
261 405 1
261 408 10
261 452 4
261 459 6
261 481 7
261 486 1
262 263 1
262 269 4
262 287 4
262 300 1
262 308 9
262 311 10
262 337 8
262 421 3
262 446 10
262 458 1
262 461 10
262 482 4
263 266 8
263 319 3
263 344 9
263 360 8
263 403 7
263 411 6
263 414 1
263 462 4
263 480 9
264 270 9
264 290 4
264 368 2
264 401 6
264 420 6
264 422 3
264 446 4
264 479 3
265 314 9
265 339 4
265 348 9
265 371 5
265 391 10
265 404 4
265 406 6
265 443 3
265 485 6
265 496 5
266 324 1
266 328 5
266 329 1
266 393 3
266 414 4
266 423 7
266 441 8
266 454 3
266 457 2
266 467 7
266 472 7
266 494 8
267 269 4
267 296 6
267 329 2
267 336 1
267 346 5
267 361 2
267 403 3
267 408 6
267 426 1
267 440 6
267 447 5
268 280 4
268 282 6
268 285 7
268 335 8
268 338 8
268 366 3
268 382 10
268 401 10
268 461 9
268 474 6
268 480 5
268 483 8
268 490 3
269 313 4
269 333 5
269 343 4
269 344 1
269 358 3
269 374 2
269 384 5
269 444 1
269 445 4
269 451 3
269 479 1
269 496 10
270 278 6
270 321 8
270 339 7
270 373 7
270 405 2
270 428 1
270 441 10
270 469 1
271 278 7
271 323 10
271 327 7
271 338 8
271 343 2
271 349 2
271 352 4
271 358 7
271 398 5
271 435 2
272 293 10
272 300 6
272 323 6
272 379 7
272 388 3
272 400 9
272 407 5
272 413 2
272 427 7
272 430 8
272 464 3
273 314 2
273 327 8
273 380 7
273 384 3
273 433 8
273 434 5
273 437 8
273 450 9
273 455 3
273 486 2
273 492 10
273 495 5
274 275 8
274 277 6
274 278 3
274 282 1
274 285 3
274 312 10
274 313 2
274 321 1
274 330 1
274 338 2
274 339 9
274 442 2
274 471 2
274 474 10
274 476 7
274 489 8
275 282 9
275 328 3
275 353 8
275 360 3
275 379 4
275 387 9
275 391 9
275 399 3
275 435 10
275 442 2
275 457 2
275 459 4
275 479 5
276 282 7
276 355 10
276 398 4
276 403 6
276 419 2
276 442 7
276 446 9
276 457 6
276 464 3
276 493 1
277 291 1
277 314 6
277 325 7
277 328 5
277 360 6
277 375 4
277 394 7
277 404 3
277 405 9
277 427 2
277 440 3
277 449 3
277 463 7
277 467 4
277 489 2
277 497 2
278 369 6
278 433 5
278 440 10
278 441 8
278 462 4
278 473 1
278 479 4
278 484 10
279 285 6
279 313 6
279 367 3
279 381 10
279 396 7
279 446 5
279 458 2
279 461 8
279 484 2
280 308 4
280 318 5
280 370 2
280 371 8
280 378 7
280 396 1
280 420 9
280 431 4
280 493 3
281 287 6
281 299 4
281 335 2
281 378 4
281 392 4
281 450 9
281 488 2
281 490 3
281 494 4
282 296 5
282 306 4
282 313 2
282 329 6
282 333 3
282 346 2
282 347 4
282 366 10
282 397 5
282 437 1
282 449 9
282 453 10
282 475 2
282 481 3
283 296 7
283 320 3
283 332 6
283 334 2
283 338 5
283 344 1
283 352 4
283 362 4
283 371 1
283 391 2
283 419 2
283 421 10
283 425 2
283 464 8
283 474 2
283 487 9
284 290 3
284 378 8
284 384 1
285 320 3
285 324 2
285 333 3
285 389 6
285 409 9
285 432 5
285 463 1
285 498 1
285 499 2
286 287 1
286 306 10
286 310 3
286 332 6
286 339 9
286 340 10
286 345 4
286 367 10
286 377 10
286 387 6
286 395 1
286 415 6
286 418 1
286 427 1
286 433 4
286 447 9
286 465 3
286 476 8
286 483 9
287 309 8
287 317 5
287 332 3
287 354 7
287 364 1
287 377 8
287 399 8
287 402 6
287 412 5
287 418 9
287 427 5
287 452 9
287 488 8
288 350 3
288 403 9
288 416 2
288 430 5
288 466 6
288 472 4
288 492 9
289 300 6
289 314 9
289 316 4
289 318 1
289 322 10
289 339 2
289 343 9
289 395 3
289 402 2
289 483 9
290 291 10
290 300 8
290 317 3
290 370 3
290 386 9
290 392 8
290 396 4
290 425 7
290 499 10
291 300 3
291 303 2
291 327 3
291 340 3
291 346 10
291 367 3
291 375 9
291 404 10
291 414 3
291 452 5
291 476 1
292 356 8
292 364 2
292 376 1
292 379 2
292 383 7
292 407 7
292 456 4
292 487 10
292 497 3
293 297 10
293 303 10
293 313 6
293 372 5
293 426 9
293 475 3
293 476 4
293 478 3
293 497 1
294 310 4
294 349 3
294 373 5
294 376 10
294 398 9
294 404 3
294 413 7
295 311 4
295 318 9
295 320 6
295 341 6
295 348 4
295 374 9
295 382 2
295 396 10
295 399 2
295 432 2
295 454 8
295 465 7
296 325 8
296 328 6
296 330 3
296 339 6
296 347 5
296 354 7
296 357 8
296 388 6
296 457 5
297 299 7
297 301 5
297 315 3
297 340 6
297 360 5
297 367 9
297 375 7
297 379 5
297 421 8
297 440 8
297 445 6
298 300 10
298 305 6
298 334 2
298 353 1
298 355 3
298 391 8
298 424 8
298 458 7
298 471 10
298 481 10
299 320 3
299 322 9
299 337 1
299 343 8
299 362 10
299 377 1
299 381 8
299 384 2
299 389 3
299 420 1
299 451 3
299 471 2
299 487 6
300 304 1
300 310 10
300 321 4
300 331 1
300 347 5
300 348 9
300 420 1
300 427 1
300 430 2
300 445 3
300 456 7
300 490 7
301 310 7
301 330 2
301 344 8
301 358 10
301 368 3
301 411 8
301 424 10
301 430 8
301 463 7
301 470 1
301 483 9
302 303 2
302 308 8
302 314 2
302 327 3
302 337 2
302 390 2
302 397 5
302 404 10
302 406 3
302 493 8
302 494 7
302 498 7
302 499 5
303 309 9
303 311 8
303 324 9
303 378 7
303 383 5
303 387 7
303 463 10
303 479 5
304 306 4
304 307 3
304 321 7
304 323 2
304 353 9
304 355 2
304 361 1
304 385 3
304 433 3
304 447 10
305 340 4
305 341 10
305 353 9
305 360 5
305 367 8
305 373 4
305 379 3
305 393 7
305 412 2
305 438 6
305 472 7
305 475 9
305 479 4
306 310 9
306 325 2
306 359 1
306 362 7
306 376 7
306 398 8
306 420 9
306 427 6
306 436 5
306 437 7
306 456 7
306 465 2
306 474 6
307 322 6
307 350 8
307 367 2
307 383 6
307 390 9
307 433 5
307 437 9
307 438 10
307 439 4
307 444 4
307 452 5
307 470 10
307 481 10
307 485 8
307 486 7
308 349 5
308 354 10
308 412 2
308 413 5
308 490 6
309 344 5
309 413 7
309 470 5
310 314 6
310 321 7
310 366 4
310 379 10
310 385 3
310 413 9
310 416 6
310 420 5
310 448 3
310 470 2
310 474 3
310 480 8
311 312 1
311 354 9
311 375 8
311 381 9
311 467 9
311 485 7
311 498 10
312 329 5
312 338 7
312 346 6
312 398 9
312 400 7
312 418 3
312 442 3
312 455 5
312 457 2
312 463 9
312 477 10
312 489 10
313 321 1
313 397 9
313 421 9
313 474 8
313 491 6
314 331 7
314 350 8
314 358 5
314 367 7
314 386 4
314 398 10
314 433 2
314 445 6
314 450 10
314 457 10
314 483 1
315 340 2
315 341 7
315 350 7
315 408 5
315 455 3
315 463 4
315 467 5
315 494 4
316 369 3
316 392 1
316 410 10
316 430 7
316 448 8
316 471 9
317 354 6
317 382 10
317 385 9
317 405 3
317 432 5
317 437 9
318 322 9
318 346 10
318 367 2
318 368 2
318 377 5
318 401 9
318 406 1
318 415 4
318 418 1
318 422 2
318 429 7
319 326 5
319 339 6
319 384 5
319 412 4
319 432 7
320 321 8
320 396 4
320 405 2
320 448 7
320 487 2
321 371 5
321 402 3
321 425 5
321 447 2
321 479 8
321 482 1
322 326 1
322 335 2
322 341 4
322 356 8
322 367 4
322 381 3
322 460 5
322 470 3
323 356 4
323 366 4
323 369 9
323 391 1
323 400 6
323 402 5
323 431 7
323 436 9
323 437 4
323 495 7
324 341 8
324 372 5
324 375 9
324 379 5
324 381 7
324 396 6
324 413 1
324 416 9
324 430 6
324 434 3
324 437 9
324 456 6
324 458 6
324 479 9
325 332 7
325 400 5
325 417 4
325 443 9
325 456 3
325 462 7
325 469 5
325 490 5
325 494 8
326 392 8
326 394 8
326 395 8
326 398 7
326 412 1
326 482 4
327 334 6
327 347 7
327 374 5
327 383 2
327 479 7
327 485 7
327 486 6
328 329 8
328 358 2
328 373 3
328 409 7
328 430 4
328 461 9
328 472 7
328 474 1
328 477 5
328 478 6
328 499 9
329 331 6
329 344 10
329 362 8
329 366 7
329 367 1
329 378 8
329 385 4
329 391 6
329 403 4
329 436 9
329 448 10
329 453 6
329 459 7
329 477 6
329 481 1
329 491 3
329 499 6
330 361 7
330 388 9
330 396 8
330 424 4
330 440 5
330 450 10
330 456 10
330 477 4
330 483 8
331 364 8
331 366 10
331 367 8
331 377 4
331 419 3
331 442 1
331 448 10
331 461 9
331 490 2
332 341 4
332 358 8
332 398 8
332 418 5
332 451 7
332 452 9
332 499 10
333 366 5
333 371 6
333 378 1
333 386 9
333 395 5
333 443 8
333 455 10
333 470 2
333 473 7
333 479 3
333 487 2
334 371 9
334 388 10
334 407 8
334 418 3
334 419 9
334 421 2
334 497 10
335 382 7
335 387 3
335 395 10
335 441 6
335 446 2
335 461 1
335 466 7
335 497 2
336 341 10
336 364 6
336 434 7
336 474 2
336 494 5
337 338 2
337 347 9
337 355 10
337 379 5
337 400 6
337 413 1
337 422 4
337 423 1
337 427 5
337 447 3
337 474 5
337 498 4
338 347 4
338 382 9
338 389 9
338 415 2
338 416 6
338 456 1
338 485 9
338 494 3
339 388 3
339 402 8
339 424 8
339 425 9
339 426 8
339 450 3
339 452 1
339 455 6
339 471 1
339 488 2
340 378 2
340 434 2
340 443 5
340 444 1
340 452 6
340 481 4
340 493 4
340 497 7
341 400 9
341 401 10
341 412 2
341 418 6
341 429 1
341 430 8
341 439 5
341 476 5
341 490 3
342 348 1
342 351 2
342 361 8
342 388 9
342 392 9
342 399 3
342 410 8
342 411 1
342 441 4
342 443 9
342 448 8
343 379 7
343 387 6
343 413 3
343 450 1
343 475 3
344 350 2
344 391 5
344 460 8
344 477 1
344 497 8
345 370 7
345 394 10
345 413 8
345 438 10
345 469 2
346 391 2
346 464 6
346 488 10
347 376 1
347 407 4
347 408 1
347 463 4
347 494 6
348 354 6
348 385 4
348 386 3
348 391 1
348 434 9
348 457 9
348 472 9
349 380 10
349 384 2
349 404 4
349 425 8
349 427 10
349 428 4
349 433 3
349 443 6
349 448 8
349 456 3
349 482 7
349 485 9
350 360 8
350 373 1
350 376 1
350 378 2
350 396 6
350 467 9
351 365 4
351 371 7
351 379 3
351 388 1
351 414 5
351 429 7
351 489 4
351 491 9
351 492 1
352 372 7
352 378 3
352 383 1
352 388 3
352 432 8
352 450 6
352 494 2
353 409 2
353 413 1
353 477 6
354 377 5
354 378 10
354 384 8
354 388 4
354 394 5
354 429 2
354 453 7
354 457 6
354 472 7
354 498 8
355 366 1
355 442 1
355 456 3
355 468 9
355 478 9
356 369 10
356 391 4
356 394 7
356 421 1
356 425 4
357 362 8
357 368 5
357 393 10
357 402 3
357 407 4
357 441 4
357 447 9
357 475 4
357 481 2
357 487 9
357 491 5
358 380 4
358 386 6
358 398 3
358 457 8
358 466 7
358 470 2
359 414 2
359 486 8
359 493 7
360 369 3
360 382 4
360 391 5
360 393 1
360 403 9
360 405 3
360 424 7
360 433 4
360 434 9
360 449 9
360 481 7
360 492 5
361 363 6
361 419 3
361 443 2
361 450 10
362 364 8
362 384 3
362 385 2
362 388 5
362 427 4
362 453 6
362 492 8
362 495 3
363 472 5
364 366 4
364 373 4
364 388 5
364 396 10
364 398 2
364 416 2
364 426 1
364 429 1
364 484 5
364 491 6
364 497 6
365 374 4
365 389 2
365 416 1
365 421 9
365 450 7
365 470 10
365 490 10
365 494 3
366 372 4
366 380 5
366 404 3
366 418 8
366 430 4
366 436 5
366 463 9
366 467 2
366 472 1
366 479 8
367 403 8
367 418 3
367 462 6
367 476 10
367 492 7
367 495 6
368 375 3
368 383 3
368 391 10
368 425 3
368 436 5
368 457 5
369 371 6
369 403 1
369 430 6
369 449 2
369 454 10
369 463 5
369 473 10
369 480 1
369 494 1
370 415 1
371 397 3
371 410 6
371 422 4
371 429 7
371 463 7
372 390 6
372 427 8
372 449 5
372 458 5
372 492 10
372 493 4
373 397 3
373 413 9
373 417 6
373 423 6
373 433 5
373 441 6
373 445 7
373 487 10
374 415 8
374 430 10
374 432 3
374 452 5
374 466 5
374 484 7
375 377 9
375 395 2
375 458 2
376 381 10
376 387 3
376 455 5
376 456 4
376 472 8
376 488 1
377 417 7
377 428 10
377 429 4
377 437 6
377 469 8
377 492 1
378 402 3
378 424 10
378 435 1
378 443 4
378 459 7
378 479 10
378 493 6
379 405 3
379 436 3
379 444 1
379 449 6
379 450 8
379 461 7
379 470 8
379 479 4
379 496 3
380 403 8
380 413 6
380 431 4
380 433 1
380 437 10
380 445 8
380 466 6
380 483 8
380 495 10
380 496 1
381 383 2
381 438 10
381 443 2
381 458 9
381 464 3
381 492 2
382 399 4
382 406 5
382 409 1
382 426 2
382 430 3
382 432 1
382 442 8
382 452 8
382 470 7
382 497 9
383 385 4
383 403 5
383 422 10
383 449 9
383 451 8
383 468 3
383 481 6
384 393 4
384 396 8
384 441 9
384 460 3
384 476 3
384 482 6
385 423 10
385 455 7
385 478 4
385 494 6
386 427 9
386 435 8
386 444 4
386 466 1
386 471 2
387 416 2
387 426 7
387 453 1
387 463 7
387 472 10
388 417 3
388 425 3
388 434 1
388 437 6
388 442 8
388 479 3
388 480 7
388 495 4
389 395 1
389 396 4
389 453 3
389 472 9
389 473 3
389 479 4
390 404 2
390 431 2
390 438 2
390 441 8
390 445 6
390 464 10
390 489 6
391 406 4
391 442 3
391 449 4
392 401 4
392 404 2
392 412 8
392 416 3
392 435 6
392 454 6
392 456 7
393 426 5
393 491 5
394 407 9
394 444 2
394 446 8
394 453 9
394 477 3
394 478 1
395 425 1
395 437 8
395 447 2
395 454 6
396 414 3
396 423 8
396 442 2
396 479 2
397 400 6
397 433 10
397 447 4
397 472 9
397 483 8
398 404 6
398 430 8
398 444 9
398 445 2
398 468 1
398 493 8
398 496 2
399 401 3
399 465 6
399 467 10
400 420 2
400 457 1
401 482 3
401 483 2
401 491 4
402 429 10
402 438 6
402 441 10
402 470 1
404 444 8
404 445 5
404 446 10
404 464 3
404 476 7
404 486 4
405 440 6
405 444 2
405 459 6
405 467 8
406 412 5
406 443 9
406 486 6
407 423 7
407 427 4
407 441 7
407 465 7
407 496 8
407 498 9
408 426 9
408 431 7
408 457 2
408 462 10
408 473 1
408 483 6
408 484 3
409 421 2
409 424 8
409 435 5
409 438 9
409 473 8
409 487 7
410 412 2
410 419 6
410 426 3
410 436 1
410 442 10
410 473 4
410 478 3
410 479 2
410 494 8
410 496 2
411 453 3
412 423 3
412 425 7
412 437 5
412 445 6
413 425 4
413 433 10
413 446 4
413 476 6
413 482 1
413 485 3
414 449 10
414 469 2
414 477 8
414 493 7
415 436 7
415 449 3
415 468 9
415 483 1
415 492 6
416 426 5
416 437 1
416 439 5
417 484 1
417 493 7
418 428 8
418 443 6
418 489 2
419 425 6
419 426 2
419 457 6
419 486 1
420 453 10
420 456 1
420 460 10
420 490 6
421 434 8
421 450 7
421 498 3
421 499 4
422 433 3
423 426 2
423 428 1
423 443 10
423 448 5
423 465 8
423 476 2
423 497 3
424 434 9
424 457 3
424 482 3
424 495 6
425 442 7
425 446 8
425 460 4
425 463 1
425 476 9
425 477 5
425 479 1
426 436 10
426 443 7
426 446 8
426 450 3
428 454 2
428 469 9
428 472 2
429 489 1
430 431 7
430 433 10
430 449 8
430 463 1
430 480 9
430 497 1
431 439 10
431 481 10
431 488 1
431 496 9
432 434 2
432 481 4
433 435 5
433 446 8
433 452 8
433 457 4
433 473 6
433 486 3
434 462 10
434 482 1
434 497 2
435 452 6
435 457 7
435 477 3
435 492 10
436 447 10
436 472 4
436 486 9
436 493 1
437 445 1
437 462 10
437 491 2
437 493 6
438 460 1
439 479 6
439 484 2
440 497 8
441 445 10
441 468 9
442 458 10
443 487 2
445 447 3
445 483 4
446 464 1
446 496 1
447 450 4
447 456 1
447 488 6
448 450 7
448 474 1
449 451 9
449 457 5
449 459 9
451 474 5
453 473 5
453 475 10
453 491 4
453 497 1
455 477 9
455 491 8
456 459 5
456 464 6
456 471 1
456 474 7
456 489 3
457 472 1
457 494 7
457 499 8
458 474 4
458 499 6
459 460 4
459 478 1
459 491 10
460 474 9
460 477 1
461 465 10
461 470 5
461 485 5
461 493 3
461 494 7
462 486 2
463 473 6
463 484 4
465 468 2
466 473 4
466 476 1
466 498 4
467 472 1
467 488 10
469 474 9
469 489 5
469 491 8
469 498 8
470 483 9
471 489 4
473 491 9
473 499 1
475 482 2
476 491 9
477 485 9
477 496 9
478 481 5
478 497 9
480 486 4
480 491 2
480 495 9
481 491 7
481 499 8
482 486 1
483 493 4
490 494 3
498 499 6
5
6 6
160 430 9
237 240 8
90 314 7
344 460 8
185 390 7
100 408 4
290 438 10
144 464 10
91 351 8
179 161 4
134 65 8
339 81 3
6 6
127 356 2
246 438 3
288 403 9
15 466 6
17 284 10
62 345 9
76 474 2
283 64 10
31 165 8
380 195 9
366 49 7
45 327 10
6 6
12 157 7
43 435 7
358 466 7
183 371 2
71 423 3
187 336 2
271 311 5
294 456 9
324 173 9
90 56 8
282 34 1
182 44 8
6 6
255 398 5
110 221 1
48 443 8
336 434 7
59 466 6
386 466 1
483 29 6
417 415 7
374 230 1
144 93 8
475 205 9
281 498 4
6 6
256 399 3
46 390 5
259 345 6
433 435 5
21 53 2
435 492 10
346 71 9
25 438 4
413 15 9
409 282 1
19 128 5
80 66 10