100 89
0 20
1 3
1 27
1 29
2 75
2 96
3 7
3 78
4 9
4 42
4 96
5 39
6 26
6 65
7 20
9 37
10 22
10 92
11 12
12 24
12 59
12 65
12 76
15 27
15 44
15 65
19 48
20 38
20 67
21 27
22 37
22 54
23 50
24 37
24 45
24 47
24 51
24 78
25 72
27 36
28 61
29 81
30 39
30 59
30 64
30 83
31 65
32 96
33 43
33 50
34 55
35 90
36 93
40 68
40 72
42 59
42 75
43 63
43 96
45 98
48 80
49 87
50 65
50 92
51 79
52 75
52 98
55 62
56 86
57 82
58 71
59 82
60 99
62 76
64 95
65 66
65 70
65 74
66 69
67 97
69 82
69 86
74 92
77 87
78 80
78 90
78 96
84 93
94 97
5
4 4
59 82 8
69 86 2
20 38 1
1 3 3
81 25 5
32 8 5
38 64 9
41 98 1
4 4
8 32 5
84 93 6
30 39 6
30 59 9
72 78 1
22 24 6
43 86 8
60 4 3
4 4
45 98 6
12 24 10
67 97 1
43 63 7
68 42 8
52 95 1
66 38 10
92 86 6
4 4
57 82 9
52 95 1
1 29 1
20 67 2
73 87 6
45 8 3
35 3 6
68 21 10
4 4
65 74 1
34 55 2
15 27 3
65 70 4
14 96 5
90 40 1
34 52 2
63 30 6
