1000 9925
0 20 2
0 101 1
0 125 10
0 127 6
0 270 4
0 291 9
0 298 10
0 369 6
0 395 6
0 428 4
0 482 10
0 519 9
0 599 9
0 638 3
0 685 5
0 883 10
0 957 10
1 29 8
1 37 10
1 136 6
1 171 2
1 177 10
1 188 8
1 394 2
1 411 2
1 432 9
1 741 10
1 810 3
1 839 10
1 877 8
1 964 6
1 981 5
2 56 2
2 118 9
2 126 5
2 128 1
2 132 1
2 159 8
2 227 4
2 336 4
2 432 10
2 522 8
2 549 2
2 569 1
2 574 1
2 593 3
2 643 9
2 741 9
2 754 2
2 761 7
2 831 9
2 930 10
2 996 5
3 217 1
3 221 4
3 323 1
3 339 5
3 383 9
3 416 6
3 527 1
3 665 7
3 722 8
3 749 1
3 776 7
3 811 3
3 854 6
3 877 7
3 976 3
4 48 4
4 86 5
4 116 9
4 167 8
4 223 4
4 275 4
4 365 4
4 370 3
4 374 8
4 378 3
4 406 4
4 466 6
4 512 10
4 516 5
4 657 5
4 721 10
4 735 1
4 745 3
4 751 8
4 853 6
4 952 4
5 30 3
5 41 8
5 48 2
5 123 5
5 144 8
5 249 7
5 266 6
5 297 2
5 376 4
5 416 8
5 445 10
5 521 3
5 621 9
5 623 1
5 645 7
5 736 5
5 749 6
5 900 7
5 988 4
6 49 1
6 122 3
6 278 10
6 332 2
6 382 2
6 557 2
6 662 10
6 763 9
6 780 9
6 782 7
6 807 8
6 869 4
6 942 10
6 966 9
7 140 9
7 210 7
7 215 1
7 248 7
7 251 7
7 274 6
7 279 4
7 338 6
7 391 5
7 427 9
7 454 8
7 593 4
7 626 5
7 691 10
7 748 3
7 762 7
7 785 6
7 893 2
7 927 6
7 945 4
7 987 10
8 27 5
8 62 9
8 67 4
8 105 4
8 185 8
8 264 8
8 322 6
8 353 4
8 415 10
8 443 2
8 540 4
8 658 6
8 748 4
8 821 7
8 883 10
8 922 10
8 924 10
8 975 5
9 38 2
9 132 9
9 200 8
9 220 2
9 237 3
9 239 5
9 292 10
9 304 9
9 388 7
9 466 10
9 528 2
9 579 4
9 669 6
9 699 9
9 758 3
9 766 6
9 832 2
9 860 2
9 864 8
9 905 7
10 117 8
10 216 3
10 366 9
10 455 4
10 497 6
10 512 10
10 579 9
10 624 9
10 649 2
10 684 5
10 738 6
10 833 8
10 836 10
10 878 2
10 903 10
10 980 6
11 40 4
11 108 1
11 155 9
11 217 3
11 225 2
11 236 6
11 356 3
11 448 4
11 522 4
11 594 4
11 672 6
11 709 10
11 711 4
11 777 6
11 836 2
11 942 5
11 975 1
12 19 6
12 194 7
12 274 3
12 322 1
12 437 3
12 442 3
12 657 1
12 696 3
12 724 9
12 750 4
12 784 5
12 785 7
12 803 9
12 820 5
12 855 7
12 894 10
12 926 1
12 965 5
13 21 5
13 101 7
13 111 5
13 174 1
13 177 3
13 179 3
13 223 3
13 319 8
13 386 1
13 412 1
13 468 10
13 474 6
13 604 8
13 635 8
13 775 7
13 798 9
13 828 8
13 838 7
13 915 2
14 15 5
14 23 10
14 117 6
14 136 8
14 232 9
14 290 1
14 386 1
14 394 7
14 439 1
14 517 2
14 523 8
14 593 2
14 712 8
14 758 2
14 788 6
14 803 9
14 927 6
14 948 3
14 999 3
15 69 2
15 148 9
15 151 8
15 198 2
15 235 1
15 370 5
15 381 10
15 405 10
15 468 1
15 542 9
15 662 8
15 687 5
15 706 6
15 710 8
15 886 1
15 943 8
15 966 7
16 107 5
16 140 9
16 151 10
16 196 6
16 256 1
16 327 8
16 493 6
16 555 10
16 568 7
16 664 10
16 692 10
16 756 7
16 759 1
16 772 5
16 801 9
16 812 3
16 819 5
16 838 4
16 882 3
16 885 9
16 939 10
16 958 5
17 21 6
17 130 1
17 147 8
17 189 4
17 195 9
17 198 1
17 252 5
17 286 3
17 331 9
17 416 10
17 419 7
17 513 2
17 657 10
17 768 1
17 868 6
17 897 7
17 908 7
17 913 3
17 980 2
18 103 1
18 177 7
18 244 10
18 275 5
18 382 9
18 389 3
18 489 5
18 499 7
18 560 4
18 561 8
18 568 1
18 637 3
18 646 4
18 691 5
18 759 6
18 791 4
18 807 7
18 866 5
18 961 1
19 79 3
19 140 3
19 145 3
19 218 4
19 246 6
19 271 1
19 344 8
19 412 8
19 451 1
19 464 2
19 565 7
19 572 10
19 574 3
19 578 5
19 586 5
19 650 2
19 698 4
19 713 4
19 764 7
19 851 8
19 868 9
19 886 7
19 936 9
19 949 4
19 978 7
19 987 10
20 27 10
20 46 1
20 66 5
20 155 3
20 178 9
20 224 8
20 320 8
20 368 3
20 375 2
20 397 2
20 428 6
20 567 5
20 624 5
20 639 10
20 658 3
20 672 10
20 746 7
20 758 1
20 804 7
20 887 7
20 926 8
20 937 5
20 957 6
20 977 6
21 28 2
21 48 8
21 51 3
21 70 1
21 80 9
21 95 6
21 153 2
21 278 1
21 290 6
21 319 9
21 354 3
21 372 5
21 375 9
21 380 8
21 467 2
21 517 6
21 524 5
21 571 8
21 591 3
21 604 4
21 612 8
21 663 3
21 674 2
21 729 4
21 746 10
21 770 7
21 861 2
21 918 6
21 948 10
21 975 6
22 26 8
22 43 2
22 58 5
22 79 9
22 99 1
22 453 2
22 538 10
22 560 1
22 561 9
22 585 5
22 599 1
22 609 6
22 619 5
22 633 9
22 680 4
22 797 5
22 834 8
22 891 9
22 947 4
22 951 9
23 77 3
23 88 10
23 141 7
23 201 10
23 223 1
23 257 3
23 264 10
23 326 8
23 338 1
23 350 2
23 518 3
23 557 3
23 589 9
23 597 6
23 651 1
23 688 8
23 763 2
23 852 3
23 871 3
23 938 4
23 970 7
23 980 2
24 45 4
24 103 8
24 116 8
24 175 3
24 201 7
24 204 5
24 271 5
24 299 9
24 317 8
24 327 6
24 416 7
24 528 5
24 538 3
24 540 1
24 609 6
24 905 5
24 945 5
24 979 10
25 73 6
25 133 7
25 151 7
25 194 9
25 245 7
25 256 8
25 376 1
25 422 5
25 428 6
25 434 3
25 468 10
25 491 5
25 575 4
25 646 2
25 684 8
25 748 2
25 904 10
25 921 9
26 103 8
26 402 10
26 414 1
26 423 1
26 460 5
26 478 7
26 666 10
26 729 8
26 740 3
26 773 9
26 816 1
26 836 9
26 901 4
26 965 1
26 973 10
27 55 7
27 152 5
27 212 1
27 216 5
27 226 7
27 376 8
27 428 5
27 470 8
27 474 7
27 507 8
27 520 8
27 556 6
27 688 9
27 791 3
27 871 6
27 941 7
27 961 10
27 973 2
27 981 9
28 59 3
28 64 10
28 115 8
28 122 3
28 181 5
28 234 7
28 235 9
28 311 6
28 319 4
28 396 1
28 519 7
28 562 10
28 571 7
28 600 4
28 604 9
28 632 4
28 639 5
28 704 2
28 766 3
28 776 1
28 796 10
28 984 7
29 91 8
29 265 10
29 335 3
29 395 7
29 412 1
29 469 8
29 545 10
29 590 7
29 624 1
29 625 10
29 654 4
29 715 2
29 771 9
29 863 6
29 927 3
29 956 5
30 40 6
30 61 7
30 94 2
30 120 1
30 229 10
30 267 1
30 271 7
30 312 7
30 313 5
30 427 6
30 469 6
30 553 10
30 571 10
30 778 10
30 779 3
30 785 1
30 811 2
30 849 10
30 902 1
30 932 4
30 974 7
30 985 8
31 79 6
31 117 5
31 225 3
31 248 1
31 292 8
31 315 10
31 455 8
31 528 10
31 581 8
31 603 10
31 650 5
31 710 5
31 773 6
31 795 6
31 857 10
31 866 4
31 933 3
31 944 6
32 43 6
32 46 1
32 279 2
32 289 9
32 338 9
32 418 5
32 482 4
32 493 10
32 602 8
32 604 10
32 709 6
32 724 8
32 751 6
32 865 6
32 939 2
33 60 4
33 154 6
33 273 4
33 274 1
33 312 6
33 368 6
33 399 3
33 404 5
33 408 2
33 511 4
33 555 8
33 558 4
33 658 7
33 829 8
33 892 4
33 905 9
33 996 2
34 69 6
34 137 4
34 164 8
34 207 5
34 317 5
34 329 7
34 341 6
34 350 1
34 351 10
34 401 6
34 439 9
34 447 2
34 490 3
34 580 6
34 645 4
34 722 6
34 869 6
34 884 8
34 890 5
35 130 4
35 133 8
35 345 10
35 355 4
35 382 1
35 399 9
35 402 5
35 438 7
35 553 6
35 568 4
35 585 4
35 593 8
35 612 7
35 642 4
35 649 8
35 724 1
35 743 5
35 782 10
35 842 5
35 947 6
35 958 2
36 87 8
36 98 4
36 100 10
36 133 7
36 225 2
36 262 6
36 278 10
36 303 2
36 472 3
36 538 7
36 629 9
36 666 8
36 670 7
36 718 1
36 743 3
36 769 10
36 770 6
36 781 1
36 893 1
36 944 3
36 952 9
37 181 9
37 183 5
37 230 5
37 281 3
37 320 6
37 420 9
37 451 3
37 469 8
37 470 8
37 518 2
37 520 2
37 534 10
37 598 1
37 682 2
37 692 5
37 760 3
37 799 1
37 821 3
37 830 7
37 902 6
37 921 8
38 59 10
38 85 7
38 93 3
38 152 5
38 167 9
38 179 6
38 276 4
38 287 5
38 349 10
38 414 9
38 499 3
38 509 4
38 601 5
38 618 3
38 632 8
38 664 10
38 730 9
38 756 8
38 887 6
38 953 5
39 97 1
39 104 3
39 120 4
39 231 6
39 273 10
39 334 8
39 419 9
39 531 4
39 546 7
39 593 4
39 723 7
39 746 7
39 778 5
39 838 3
39 904 9
39 942 9
39 950 6
39 975 9
40 126 5
40 141 9
40 142 5
40 199 7
40 231 10
40 316 2
40 391 5
40 406 2
40 483 9
40 551 6
40 691 2
40 739 6
40 749 10
40 800 8
40 843 10
40 887 4
40 892 9
40 936 1
41 103 3
41 113 8
41 148 8
41 174 3
41 192 6
41 213 4
41 216 5
41 246 3
41 283 6
41 357 8
41 383 7
41 446 10
41 474 2
41 603 7
41 610 4
41 644 7
41 773 8
41 787 1
41 808 6
41 811 7
41 817 10
41 827 5
41 828 6
41 898 5
41 948 3
41 962 1
41 997 7
42 43 2
42 89 9
42 152 7
42 228 9
42 243 4
42 260 5
42 264 7
42 270 8
42 294 10
42 298 6
42 500 10
42 515 4
42 587 10
42 591 6
42 607 8
42 754 10
42 882 8
42 915 5
42 916 5
43 51 1
43 61 10
43 99 3
43 137 4
43 215 6
43 348 2
43 390 10
43 398 5
43 437 9
43 439 1
43 453 8
43 523 2
43 599 5
43 612 8
43 656 4
43 750 1
43 865 7
43 919 2
43 956 3
43 961 5
43 963 3
43 969 10
43 989 8
44 116 3
44 228 8
44 256 3
44 354 7
44 398 7
44 433 10
44 530 5
44 531 6
44 572 9
44 594 3
44 641 8
44 692 1
44 710 4
44 740 3
44 746 1
44 799 2
44 917 3
45 59 6
45 86 1
45 349 9
45 372 4
45 409 2
45 428 4
45 438 9
45 486 10
45 546 7
45 554 9
45 566 7
45 615 2
45 649 1
45 726 4
45 762 3
45 922 2
45 987 8
46 176 3
46 266 9
46 323 1
46 360 8
46 370 4
46 385 5
46 464 4
46 547 2
46 555 6
46 599 8
46 734 9
46 841 1
46 886 4
46 896 5
46 935 1
47 118 5
47 130 3
47 201 3
47 240 7
47 242 1
47 265 1
47 309 5
47 341 4
47 359 9
47 400 7
47 453 5
47 585 10
47 721 5
47 851 6
47 931 4
47 964 2
47 999 10
48 54 5
48 64 3
48 70 5
48 73 10
48 95 3
48 149 6
48 166 8
48 167 10
48 183 5
48 289 1
48 303 7
48 426 7
48 452 2
48 570 8
48 640 4
48 658 6
48 668 1
48 693 3
48 699 5
48 764 7
48 858 3
48 875 5
48 930 6
49 101 2
49 147 1
49 151 10
49 162 8
49 206 8
49 224 6
49 239 4
49 377 3
49 433 7
49 455 5
49 463 10
49 503 3
49 564 9
49 588 8
49 637 2
49 663 8
49 672 10
49 892 2
49 893 3
49 936 6
49 938 3
49 999 9
50 170 4
50 254 2
50 261 1
50 284 10
50 403 3
50 424 3
50 442 8
50 459 3
50 500 5
50 549 7
50 561 5
50 564 2
50 602 2
50 614 10
50 719 2
50 751 5
50 752 4
50 807 9
50 868 9
50 932 1
50 940 9
51 97 8
51 145 9
51 162 6
51 167 7
51 272 7
51 287 3
51 325 9
51 454 5
51 512 7
51 580 4
51 656 10
51 762 9
51 799 1
51 818 4
51 820 8
51 839 7
51 864 8
51 870 4
51 901 3
51 902 4
51 904 3
51 942 8
51 988 4
52 91 2
52 187 2
52 202 6
52 215 6
52 261 5
52 307 7
52 342 1
52 410 6
52 480 2
52 487 8
52 515 1
52 594 5
52 744 1
52 752 3
52 769 2
52 792 9
52 980 2
53 96 6
53 136 6
53 157 1
53 198 8
53 225 9
53 242 5
53 260 6
53 304 8
53 384 1
53 431 6
53 559 3
53 599 2
53 701 3
53 721 1
53 756 4
53 782 1
53 808 6
53 860 1
53 979 8
53 988 3
53 992 1
54 148 7
54 151 6
54 248 4
54 257 2
54 337 9
54 345 2
54 414 5
54 466 2
54 563 2
54 611 10
54 624 7
54 656 4
54 686 2
54 816 7
54 829 1
54 830 8
54 836 9
54 939 10
54 953 3
54 984 5
55 64 9
55 99 10
55 125 6
55 146 1
55 371 9
55 381 6
55 391 9
55 457 1
55 491 8
55 497 5
55 579 4
55 762 8
55 927 2
55 936 8
56 72 6
56 264 9
56 306 10
56 336 2
56 386 6
56 435 1
56 452 4
56 607 5
56 620 4
56 808 9
56 811 1
56 812 9
56 824 10
56 843 2
56 925 7
56 981 5
57 116 5
57 121 3
57 271 6
57 321 9
57 329 6
57 357 6
57 381 9
57 420 1
57 446 8
57 602 3
57 641 3
57 662 1
57 682 6
57 757 3
57 965 5
57 968 1
57 999 6
58 91 10
58 117 6
58 142 9
58 151 10
58 225 1
58 251 4
58 280 10
58 284 8
58 322 10
58 364 5
58 382 6
58 402 4
58 440 8
58 671 6
58 672 1
58 815 1
58 840 1
58 945 6
58 982 2
58 990 1
58 994 7
59 185 3
59 248 8
59 325 7
59 330 10
59 454 9
59 469 7
59 482 1
59 523 9
59 605 1
59 648 4
59 660 8
59 684 3
59 708 6
59 794 2
59 844 5
59 869 8
59 933 3
59 983 8
60 92 8
60 98 9
60 348 9
60 365 4
60 549 1
60 567 8
60 600 10
60 601 4
60 640 4
60 702 1
60 733 10
60 782 2
60 799 9
60 812 9
60 919 1
61 239 8
61 246 6
61 258 3
61 347 2
61 448 4
61 485 3
61 493 4
61 531 8
61 592 5
61 755 8
61 768 5
61 785 5
61 801 9
61 802 2
61 871 2
61 919 4
61 985 3
62 114 5
62 195 4
62 223 3
62 253 8
62 255 1
62 395 9
62 493 3
62 512 10
62 532 1
62 560 10
62 645 10
62 867 6
62 869 5
62 883 6
62 905 2
63 70 2
63 134 8
63 197 8
63 292 1
63 393 7
63 449 1
63 532 4
63 597 2
63 627 1
63 643 1
63 706 1
63 713 5
63 720 5
63 807 1
63 860 8
63 908 5
63 923 4
64 217 1
64 236 3
64 259 4
64 291 9
64 293 1
64 298 10
64 319 5
64 406 9
64 464 3
64 652 5
64 710 4
64 747 2
64 756 4
64 779 5
64 781 8
64 929 7
64 930 1
64 966 6
65 231 1
65 289 6
65 312 2
65 464 10
65 481 9
65 486 7
65 492 8
65 597 9
65 619 4
65 731 10
65 780 7
65 885 7
65 892 2
65 931 6
65 957 3
65 964 2
66 194 8
66 344 8
66 386 10
66 412 6
66 490 9
66 498 10
66 561 2
66 570 2
66 583 2
66 644 4
66 752 6
66 804 9
66 820 9
66 865 2
66 874 5
66 877 6
66 979 5
67 69 6
67 87 4
67 118 10
67 197 8
67 232 1
67 237 6
67 240 1
67 277 2
67 392 10
67 399 1
67 442 6
67 458 10
67 467 3
67 491 8
67 493 3
67 523 8
67 581 4
67 626 7
67 653 4
67 692 7
67 767 6
67 799 6
67 858 7
67 911 3
67 961 3
67 987 8
68 230 10
68 315 1
68 328 9
68 383 5
68 422 9
68 423 2
68 434 10
68 498 3
68 524 10
68 570 6
68 598 9
68 778 10
68 813 6
69 89 1
69 107 5
69 112 3
69 200 8
69 207 8
69 274 2
69 305 5
69 307 4
69 427 9
69 474 1
69 484 8
69 554 2
69 562 8
69 613 4
69 618 10
69 631 7
69 636 2
69 679 6
69 683 9
69 691 9
69 707 2
69 713 7
69 788 4
69 847 9
69 850 3
69 874 3
69 934 3
70 164 9
70 217 2
70 223 5
70 272 6
70 274 2
70 359 1
70 386 3
70 394 1
70 399 2
70 504 5
70 540 9
70 564 3
70 594 1
70 644 4
70 701 1
70 748 1
70 770 9
70 789 2
70 834 8
70 884 8
70 905 2
70 950 7
70 967 2
71 84 4
71 225 7
71 321 8
71 322 3
71 335 5
71 536 3
71 558 5
71 560 1
71 629 5
71 642 10
71 661 2
71 818 10
71 857 8
71 913 9
71 940 5
72 73 6
72 74 9
72 138 2
72 270 6
72 293 4
72 337 4
72 444 9
72 473 4
72 504 5
72 585 2
72 599 4
72 627 5
72 783 4
72 785 7
72 788 3
72 829 4
72 838 7
72 878 7
72 912 4
72 950 6
72 959 9
72 983 1
72 989 8
73 76 3
73 240 2
73 275 6
73 300 8
73 313 4
73 447 3
73 534 6
73 657 1
73 812 1
73 815 5
73 868 6
73 872 5
73 967 1
73 969 4
74 86 6
74 126 10
74 251 5
74 289 4
74 345 5
74 373 3
74 399 10
74 424 7
74 522 5
74 592 8
74 623 7
74 682 7
74 763 2
74 784 8
74 879 5
74 931 10
74 933 10
75 113 5
75 118 7
75 134 4
75 159 1
75 165 8
75 224 7
75 294 4
75 305 3
75 316 2
75 328 9
75 399 6
75 407 1
75 557 10
75 587 4
75 589 8
75 652 6
75 660 3
75 693 4
75 711 3
75 750 3
75 807 8
75 811 6
75 860 5
75 863 5
75 919 8
75 954 9
75 975 6
76 137 2
76 265 9
76 332 3
76 368 7
76 421 2
76 481 4
76 629 4
76 689 4
76 715 6
76 736 10
76 752 7
76 888 3
76 923 9
76 945 10
77 170 8
77 188 3
77 315 2
77 324 5
77 420 4
77 461 8
77 512 3
77 539 10
77 578 8
77 591 1
77 617 2
77 702 2
77 755 5
77 785 2
77 793 8
77 887 2
77 906 2
77 925 10
77 948 1
77 949 6
77 960 7
78 150 6
78 179 8
78 201 9
78 225 3
78 308 7
78 341 6
78 372 7
78 504 8
78 522 6
78 583 7
78 605 10
78 674 4
78 675 7
78 761 10
78 770 8
78 789 3
78 832 10
78 859 3
78 916 5
79 122 3
79 310 5
79 315 5
79 421 9
79 462 7
79 623 9
79 637 1
79 792 6
79 818 10
79 830 6
79 886 3
79 982 8
79 988 2
80 170 8
80 277 8
80 290 10
80 369 10
80 386 6
80 398 1
80 494 10
80 511 4
80 585 8
80 616 1
80 647 3
80 688 9
80 720 4
80 746 8
80 755 2
80 883 2
80 941 8
80 979 2
81 88 5
81 109 5
81 148 4
81 157 2
81 170 2
81 179 9
81 237 5
81 324 8
81 401 3
81 507 1
81 581 5
81 593 5
81 752 4
81 785 7
81 788 3
81 802 2
81 844 4
81 878 9
81 955 7
82 389 10
82 482 8
82 537 10
82 584 2
82 599 9
82 835 3
82 851 6
82 911 9
82 928 3
82 968 7
83 96 10
83 115 1
83 194 2
83 207 10
83 217 7
83 229 6
83 238 2
83 257 4
83 288 4
83 367 5
83 402 3
83 411 7
83 450 8
83 489 8
83 534 4
83 548 2
83 581 7
83 587 7
83 603 7
83 644 3
83 680 5
83 742 3
83 745 4
83 998 3
84 187 2
84 205 4
84 211 9
84 235 5
84 297 3
84 329 3
84 387 10
84 389 8
84 511 10
84 552 6
84 617 2
84 661 2
84 727 1
84 742 6
84 887 4
84 892 3
84 919 2
84 941 6
84 958 8
84 959 3
84 980 1
85 130 8
85 132 6
85 255 4
85 290 8
85 425 2
85 452 2
85 474 2
85 513 9
85 561 4
85 635 10
85 657 1
85 717 9
85 799 3
85 854 1
85 923 9
85 959 6
85 981 6
86 108 5
86 151 8
86 182 5
86 242 10
86 417 6
86 422 9
86 542 9
86 546 6
86 749 3
86 763 3
86 847 9
86 955 8
87 100 6
87 222 10
87 302 8
87 307 1
87 418 3
87 512 4
87 517 5
87 524 2
87 625 9
87 631 7
87 649 10
87 769 3
87 787 7
87 856 7
87 857 9
87 970 6
88 107 5
88 117 10
88 238 4
88 273 2
88 312 8
88 347 1
88 361 2
88 515 8
88 527 3
88 566 1
88 616 10
88 631 7
88 654 9
88 761 4
88 834 5
88 931 5
88 960 2
89 193 8
89 204 4
89 216 2
89 285 5
89 304 1
89 341 4
89 380 1
89 401 10
89 432 1
89 461 1
89 485 1
89 507 9
89 571 9
89 598 7
89 717 9
89 757 8
89 803 7
89 861 7
89 914 6
89 937 5
90 146 4
90 267 8
90 373 9
90 402 5
90 426 3
90 429 10
90 509 2
90 521 3
90 531 4
90 560 5
90 598 8
90 669 1
90 687 9
90 736 7
90 790 9
90 836 8
90 965 5
90 980 10
91 101 8
91 144 4
91 161 3
91 169 7
91 186 3
91 207 9
91 244 5
91 305 10
91 307 9
91 409 1
91 438 6
91 488 10
91 492 9
91 493 4
91 626 5
91 644 4
91 656 2
91 815 3
91 841 3
91 981 10
92 121 8
92 202 4
92 205 1
92 263 2
92 410 8
92 435 1
92 521 4
92 537 4
92 658 3
92 712 6
92 756 10
92 784 10
92 885 8
92 930 4
92 932 1
92 968 6
93 144 2
93 154 8
93 157 4
93 198 6
93 219 7
93 220 7
93 222 9
93 388 1
93 409 9
93 467 10
93 493 1
93 585 1
93 591 9
93 602 7
93 646 8
93 653 1
93 672 7
93 733 5
93 777 6
93 843 6
93 845 10
93 853 10
93 874 1
93 880 7
93 964 4
93 972 6
94 116 1
94 118 2
94 249 8
94 273 5
94 300 1
94 303 7
94 321 3
94 337 9
94 347 7
94 367 6
94 454 4
94 593 3
94 603 10
94 626 10
94 659 5
94 692 2
94 743 6
94 744 5
94 761 8
94 772 2
94 778 2
94 784 7
94 808 3
94 825 2
94 852 4
94 863 6
94 943 5
95 104 6
95 309 8
95 365 5
95 396 3
95 469 4
95 488 8
95 505 2
95 655 6
95 673 7
95 848 1
95 879 9
95 936 9
96 112 2
96 135 6
96 220 3
96 258 1
96 314 1
96 334 3
96 364 2
96 366 7
96 543 1
96 748 9
96 766 5
96 837 6
97 183 9
97 210 10
97 261 1
97 294 10
97 297 9
97 323 8
97 397 8
97 517 3
97 610 6
97 661 5
97 679 6
97 737 5
97 972 4
98 119 5
98 220 1
98 375 5
98 434 10
98 496 5
98 498 8
98 609 3
98 645 10
98 670 2
98 707 4
98 822 8
98 852 10
98 876 9
98 898 4
98 941 8
98 952 7
99 125 5
99 219 1
99 274 9
99 303 10
99 335 3
99 341 4
99 428 10
99 442 5
99 456 8
99 477 7
99 672 7
99 772 10
99 775 3
99 825 1
99 918 5
99 951 5
100 153 8
100 278 9
100 395 7
100 417 1
100 506 3
100 507 1
100 524 2
100 526 2
100 559 9
100 603 5
100 618 4
100 621 4
100 670 4
100 715 4
100 867 1
100 872 6
100 885 8
100 938 9
101 105 9
101 120 2
101 207 10
101 208 2
101 220 3
101 221 5
101 279 2
101 280 6
101 298 4
101 306 8
101 369 10
101 430 6
101 447 4
101 502 3
101 635 4
101 644 4
101 659 1
101 703 7
101 708 8
101 752 3
101 786 10
101 806 7
101 824 5
101 998 7
102 195 7
102 220 3
102 279 7
102 287 8
102 290 2
102 338 10
102 401 5
102 479 2
102 590 10
102 906 3
103 123 4
103 136 1
103 154 6
103 176 9
103 210 4
103 243 1
103 250 8
103 260 8
103 275 7
103 322 10
103 340 5
103 354 10
103 427 1
103 430 9
103 511 10
103 546 3
103 625 7
103 688 7
103 708 8
103 718 3
103 759 3
103 871 6
103 925 9
103 943 1
104 114 9
104 178 1
104 275 4
104 289 7
104 295 3
104 372 5
104 457 2
104 464 6
104 487 1
104 543 4
104 571 1
104 628 3
104 717 4
104 770 8
104 823 8
104 827 4
104 840 2
104 845 6
104 892 5
104 893 5
104 897 3
104 936 1
104 953 6
104 954 8
105 163 2
105 192 2
105 210 7
105 305 8
105 324 2
105 344 7
105 402 1
105 424 7
105 523 2
105 571 2
105 614 7
105 704 4
105 715 1
105 765 8
105 784 2
105 795 6
105 879 1
105 887 7
106 159 9
106 197 8
106 202 2
106 223 8
106 319 6
106 334 9
106 422 5
106 527 2
106 553 7
106 662 7
106 674 7
106 863 2
106 925 6
106 938 1
106 939 6
107 175 1
107 181 5
107 236 6
107 254 2
107 268 4
107 287 1
107 335 5
107 403 6
107 669 10
107 734 6
107 754 3
107 777 2
107 844 9
107 845 6
107 890 3
107 925 9
107 935 2
107 945 7
107 973 4
107 976 8
107 991 6
108 132 6
108 150 1
108 196 6
108 256 5
108 520 4
108 556 10
108 562 4
108 582 9
108 614 9
108 618 5
108 622 10
108 695 8
108 800 8
108 879 7
108 934 1
109 118 3
109 127 5
109 154 8
109 167 3
109 279 10
109 390 3
109 521 3
109 718 5
109 737 8
109 755 10
109 794 1
109 849 5
109 858 1
109 969 8
110 156 9
110 159 5
110 214 3
110 225 3
110 288 4
110 293 9
110 420 2
110 464 3
110 505 3
110 525 4
110 610 7
110 671 5
110 700 6
110 721 2
110 790 8
110 888 7
110 903 5
110 955 7
111 129 9
111 149 4
111 198 1
111 225 2
111 304 1
111 367 4
111 385 7
111 419 2
111 499 7
111 580 6
111 586 8
111 676 7
111 678 2
111 770 6
111 777 3
111 792 2
111 855 7
111 931 9
111 969 8
111 970 4
111 986 4
112 161 7
112 310 10
112 323 8
112 343 4
112 363 10
112 408 1
112 442 6
112 449 4
112 488 3
112 525 6
112 561 1
112 590 9
112 600 3
112 637 8
112 705 7
112 788 2
112 792 10
112 794 10
112 799 6
112 807 7
112 825 9
112 836 9
112 895 1
112 900 4
112 959 4
113 424 10
113 487 4
113 519 9
113 539 1
113 581 4
113 725 10
113 752 2
113 760 9
113 856 8
113 997 5
114 136 8
114 258 7
114 424 8
114 492 1
114 551 1
114 578 1
114 636 2
114 659 6
114 715 8
114 803 10
114 886 6
115 123 9
115 147 10
115 152 9
115 161 10
115 164 6
115 252 10
115 501 3
115 553 2
115 654 5
115 708 8
115 730 3
115 762 4
115 765 2
115 841 7
116 122 3
116 190 1
116 269 10
116 309 6
116 344 8
116 362 6
116 365 2
116 407 5
116 502 5
116 519 2
116 669 2
116 670 1
116 830 10
116 947 2
116 976 8
116 991 1
117 145 8
117 284 5
117 365 5
117 436 4
117 463 3
117 499 6
117 531 4
117 558 10
117 607 10
117 609 9
117 620 6
117 685 6
117 691 4
117 733 7
117 751 2
117 862 1
117 947 10
117 962 6
117 971 7
118 182 3
118 248 8
118 278 7
118 551 1
118 661 2
118 772 9
118 776 5
118 857 3
118 899 3
119 124 6
119 192 10
119 393 3
119 401 1
119 446 9
119 508 6
119 536 3
119 537 3
119 597 5
119 612 10
119 625 7
119 705 1
119 712 4
119 799 5
119 870 7
119 895 9
119 925 3
119 966 1
120 173 4
120 193 8
120 263 5
120 319 1
120 394 9
120 562 9
120 563 2
120 618 9
120 692 1
120 740 4
120 836 3
120 860 6
120 881 4
120 965 8
120 981 2
121 123 9
121 240 1
121 246 1
121 254 2
121 263 2
121 367 6
121 394 3
121 400 1
121 472 10
121 516 9
121 577 6
121 581 7
121 697 2
121 785 6
121 925 3
121 994 8
122 148 3
122 227 10
122 267 1
122 352 8
122 392 1
122 404 5
122 472 3
122 476 8
122 678 5
122 688 6
122 718 8
122 734 4
122 777 2
122 786 1
122 842 6
122 944 1
122 945 7
123 179 3
123 351 4
123 353 1
123 381 4
123 439 6
123 446 7
123 452 5
123 478 5
123 559 8
123 579 6
123 602 1
123 626 5
123 640 7
123 685 9
123 689 7
123 757 1
123 849 8
123 860 1
123 868 8
123 876 2
123 986 8
124 170 7
124 203 1
124 284 7
124 551 5
124 663 10
124 667 8
124 683 6
124 691 7
124 737 10
124 790 6
124 894 2
125 203 2
125 204 2
125 220 5
125 287 5
125 307 4
125 339 2
125 393 2
125 426 2
125 450 5
125 555 8
125 572 4
125 633 7
125 643 7
125 667 7
125 675 10
125 696 3
125 731 10
125 812 2
125 840 8
125 874 4
125 891 9
125 907 1
125 962 6
125 966 2
126 130 6
126 157 1
126 159 4
126 216 9
126 283 7
126 305 8
126 360 3
126 392 10
126 494 7
126 588 3
126 625 5
126 634 6
126 698 9
126 707 6
126 710 8
126 753 9
126 778 9
126 855 7
126 862 5
126 956 5
127 177 4
127 239 4
127 247 9
127 251 6
127 367 2
127 432 9
127 492 3
127 499 1
127 523 10
127 587 8
127 604 3
127 676 8
127 788 1
127 860 10
127 900 8
127 949 9
127 957 5
128 241 9
128 364 10
128 420 2
128 615 6
128 616 3
128 769 9
128 872 5
128 890 8
128 966 3
128 997 1
129 143 3
129 184 8
129 195 5
129 268 9
129 285 9
129 291 7
129 328 9
129 390 3
129 447 5
129 461 1
129 672 8
129 715 6
129 788 8
129 953 9
130 162 7
130 193 7
130 275 5
130 327 4
130 343 9
130 391 5
130 392 9
130 403 2
130 472 1
130 511 2
130 543 4
130 578 8
130 637 1
130 672 8
130 704 7
130 718 9
130 865 5
130 983 5
131 179 5
131 189 9
131 231 10
131 251 1
131 329 5
131 335 5
131 369 4
131 430 2
131 464 3
131 504 10
131 547 2
131 582 1
131 628 6
131 658 10
131 742 1
131 843 10
132 507 3
132 599 2
132 617 1
132 692 7
132 722 9
132 729 6
132 772 5
132 815 9
132 872 3
132 894 2
132 923 3
132 952 5
133 149 1
133 240 9
133 265 2
133 334 10
133 349 1
133 372 8
133 469 1
133 533 9
133 549 2
133 645 9
133 805 4
133 820 3
133 917 2
134 168 6
134 184 10
134 262 1
134 266 3
134 357 4
134 361 7
134 387 7
134 499 10
134 505 1
134 506 2
134 510 7
134 573 9
134 666 5
134 681 8
134 884 9
134 900 3
134 959 5
134 988 2
135 147 9
135 235 7
135 246 6
135 290 8
135 315 5
135 399 4
135 405 6
135 412 6
135 515 5
135 567 3
135 685 1
135 715 2
135 741 4
135 754 9
135 933 3
135 972 1
135 998 7
136 142 6
136 153 7
136 250 4
136 305 2
136 399 7
136 410 2
136 478 9
136 481 5
136 530 2
136 635 1
136 692 8
136 696 8
136 735 10
136 737 9
136 763 6
136 774 2
136 789 3
136 848 10
136 870 4
136 937 6
136 999 2
137 144 4
137 203 4
137 232 4
137 251 5
137 336 1
137 340 9
137 361 2
137 377 4
137 404 8
137 439 4
137 456 7
137 715 10
137 760 3
137 808 2
137 821 3
137 881 5
137 936 5
138 150 4
138 151 3
138 330 2
138 387 8
138 453 2
138 542 3
138 664 8
138 749 3
138 875 9
138 919 8
138 951 2
138 970 9
139 150 4
139 171 9
139 248 3
139 279 1
139 295 6
139 298 9
139 383 9
139 432 6
139 444 6
139 473 4
139 483 2
139 506 2
139 538 6
139 540 7
139 668 10
139 859 3
139 959 8
139 962 3
140 173 1
140 228 7
140 243 2
140 309 3
140 328 6
140 338 2
140 412 7
140 459 10
140 591 5
140 693 6
140 712 8
140 717 5
140 783 2
140 820 10
140 834 10
140 851 5
140 905 5
140 939 1
140 960 2
140 996 7
141 242 8
141 293 4
141 386 4
141 388 3
141 442 9
141 465 4
141 467 8
141 503 8
141 554 7
141 590 8
141 606 1
141 608 5
141 625 10
141 627 10
141 635 5
141 678 5
141 715 2
141 755 1
141 843 1
141 872 2
141 920 6
142 242 8
142 249 1
142 251 8
142 269 5
142 315 5
142 344 6
142 356 5
142 510 7
142 560 2
142 564 10
142 754 3
142 793 5
142 819 6
142 850 5
142 856 4
143 168 7
143 195 3
143 219 2
143 314 3
143 367 2
143 424 5
143 428 1
143 460 9
143 530 2
143 580 6
143 588 5
143 598 4
143 637 1
143 724 5
143 811 9
143 891 7
143 910 2
144 222 10
144 242 9
144 257 6
144 283 6
144 429 4
144 431 6
144 602 5
144 689 5
144 887 2
145 173 1
145 330 10
145 352 10
145 359 5
145 416 10
145 428 3
145 438 8
145 461 9
145 516 10
145 547 3
145 567 8
145 594 5
145 620 4
145 650 3
145 699 10
145 793 5
145 880 7
145 894 8
145 930 2
146 158 4
146 179 6
146 232 6
146 259 10
146 326 4
146 338 3
146 397 10
146 488 5
146 544 10
146 551 2
146 554 6
146 573 2
146 594 1
146 635 8
146 678 2
146 714 9
146 795 8
146 856 9
146 905 1
146 923 9
146 926 8
146 958 4
147 376 4
147 467 1
147 504 9
147 563 3
147 569 2
147 615 5
147 664 9
147 863 5
147 945 1
147 983 8
148 235 7
148 264 2
148 356 8
148 393 2
148 406 6
148 427 10
148 519 2
148 593 2
148 623 2
148 648 10
148 721 2
148 726 1
148 775 10
148 780 4
148 794 2
148 908 7
148 930 3
148 994 5
149 222 2
149 250 8
149 261 8
149 349 4
149 351 3
149 385 5
149 417 7
149 430 9
149 431 9
149 463 6
149 548 6
149 593 1
149 596 6
149 639 5
149 649 3
149 790 8
149 805 10
149 874 5
149 887 2
149 916 6
149 927 9
149 975 6
150 155 1
150 246 4
150 353 6
150 388 2
150 527 7
150 542 4
150 607 4
150 630 4
150 636 5
150 661 9
150 671 2
150 718 9
150 719 5
150 834 4
150 839 9
150 875 7
151 186 5
151 206 3
151 207 8
151 209 1
151 249 6
151 378 4
151 421 3
151 435 3
151 459 9
151 466 5
151 511 8
151 523 1
151 549 4
151 555 8
151 576 7
151 584 1
151 607 3
151 666 7
151 725 5
151 738 10
151 785 10
151 830 10
151 850 5
151 857 10
151 898 1
152 220 8
152 271 2
152 320 6
152 330 1
152 351 8
152 453 6
152 538 6
152 618 3
152 645 10
152 663 7
152 707 8
152 905 9
152 955 7
152 959 2
153 183 1
153 184 10
153 217 8
153 278 2
153 325 6
153 339 2
153 445 3
153 499 4
153 518 10
153 539 7
153 551 4
153 587 6
153 605 5
153 636 9
153 690 7
153 824 8
153 866 4
153 889 1
153 903 4
154 242 6
154 330 3
154 336 8
154 362 2
154 476 9
154 533 1
154 537 6
154 684 2
154 704 4
154 817 4
154 859 5
154 869 1
154 875 5
154 887 3
154 924 1
155 156 8
155 268 5
155 290 9
155 424 5
155 428 1
155 457 3
155 524 6
155 549 10
155 575 9
155 591 6
155 626 1
155 645 1
155 786 7
155 791 6
155 844 3
155 892 8
155 920 5
155 948 2
156 301 10
156 335 3
156 387 3
156 401 6
156 418 9
156 600 5
156 610 10
156 620 4
156 640 8
156 648 2
156 656 3
156 721 4
156 749 6
156 759 2
156 872 6
156 873 2
156 883 9
156 920 1
156 992 2
157 165 3
157 218 2
157 247 4
157 321 6
157 426 10
157 429 10
157 444 9
157 496 10
157 662 5
157 682 7
157 691 2
157 752 2
157 779 7
157 790 1
157 870 2
157 881 8
157 995 9
158 185 1
158 297 2
158 301 10
158 313 1
158 339 2
158 405 10
158 538 10
158 603 8
158 684 2
158 784 3
158 795 10
158 818 2
158 924 6
158 981 1
159 201 5
159 281 5
159 382 9
159 423 2
159 454 3
159 551 1
159 584 7
159 586 8
159 611 6
159 675 4
159 727 8
159 785 2
159 792 6
159 807 2
159 819 8
159 871 5
159 966 5
159 973 5
160 188 1
160 242 2
160 345 10
160 539 10
160 650 5
160 663 5
160 715 2
160 740 6
160 757 2
160 910 3
160 938 2
160 944 9
161 281 5
161 330 4
161 362 3
161 406 10
161 412 2
161 490 10
161 503 4
161 524 4
161 569 2
161 583 7
161 632 10
161 687 6
161 705 5
161 787 6
161 844 5
161 851 8
161 863 6
161 928 5
162 181 10
162 190 10
162 196 8
162 331 5
162 334 4
162 379 2
162 419 3
162 734 6
162 768 1
162 781 9
162 790 1
162 865 2
162 869 9
162 894 3
162 895 1
162 944 6
162 958 9
163 255 8
163 274 9
163 288 6
163 290 1
163 385 1
163 427 10
163 488 7
163 533 6
163 567 4
163 572 3
163 638 2
163 653 4
163 734 8
163 753 10
163 962 7
163 980 5
164 298 9
164 299 9
164 377 10
164 397 4
164 448 5
164 454 5
164 593 8
164 649 4
164 667 3
164 684 9
164 695 9
164 784 9
164 822 2
165 214 3
165 322 7
165 341 1
165 370 7
165 389 1
165 587 6
165 630 3
165 685 3
165 706 8
165 756 5
165 768 8
165 771 6
165 841 7
165 869 4
165 872 4
165 887 7
165 901 2
165 924 10
165 943 1
166 208 5
166 225 7
166 264 8
166 281 9
166 405 5
166 458 8
166 479 9
166 555 2
166 602 8
166 607 3
166 682 3
166 685 7
166 722 7
166 734 10
166 759 5
166 778 8
166 781 4
166 843 7
166 869 6
166 960 1
166 984 1
167 181 5
167 200 6
167 228 3
167 231 9
167 283 1
167 292 9
167 319 6
167 327 9
167 396 2
167 460 2
167 490 8
167 551 5
167 585 10
167 606 10
167 687 9
167 926 1
167 942 2
167 957 9
168 176 5
168 186 5
168 192 8
168 249 3
168 287 4
168 361 3
168 410 4
168 442 2
168 445 5
168 488 6
168 603 5
168 641 4
168 707 3
168 728 7
168 744 10
168 772 4
168 787 9
168 903 7
168 911 4
168 962 3
168 991 7
168 992 8
169 199 4
169 237 1
169 279 2
169 348 10
169 469 10
169 515 7
169 555 5
169 637 7
169 653 7
169 701 5
169 705 7
169 738 4
169 843 1
169 878 10
169 881 4
169 891 6
170 217 5
170 244 9
170 287 5
170 375 1
170 383 1
170 413 4
170 595 3
170 634 9
170 724 8
170 757 10
170 797 6
170 804 5
170 806 1
170 837 2
170 849 8
170 872 8
170 986 6
171 214 4
171 366 6
171 490 1
171 668 4
171 807 7
171 944 8
171 946 10
171 975 4
171 982 4
172 176 5
172 208 4
172 299 3
172 313 7
172 346 1
172 363 8
172 379 7
172 397 6
172 406 9
172 490 1
172 565 5
172 581 4
172 634 7
172 688 2
172 919 8
172 975 5
173 186 1
173 215 8
173 238 3
173 276 2
173 329 1
173 366 10
173 375 3
173 396 2
173 418 5
173 424 2
173 434 2
173 441 9
173 643 9
173 708 2
173 769 6
174 189 8
174 313 3
174 341 9
174 348 4
174 455 2
174 456 1
174 461 2
174 489 6
174 526 3
174 530 2
174 752 5
174 753 5
174 756 1
174 775 1
174 808 7
174 823 5
174 842 1
174 867 10
174 912 8
174 920 7
175 183 4
175 202 8
175 223 4
175 327 3
175 346 10
175 352 5
175 364 6
175 371 2
175 377 10
175 432 7
175 599 1
175 678 3
175 722 10
175 724 8
175 986 4
176 199 5
176 259 10
176 390 3
176 395 7
176 430 4
176 452 7
176 473 9
176 519 9
176 520 3
176 540 2
176 592 10
176 594 5
176 634 9
176 637 5
176 722 8
176 758 4
176 769 3
176 791 10
176 928 2
177 184 1
177 263 2
177 273 7
177 391 8
177 396 7
177 437 1
177 467 7
177 497 5
177 545 2
177 577 2
177 668 9
177 692 4
177 792 9
177 842 5
177 870 6
177 875 6
177 992 6
178 260 8
178 324 1
178 345 7
178 370 1
178 381 4
178 388 7
178 420 7
178 432 5
178 466 2
178 812 10
178 814 4
178 856 3
179 186 9
179 188 10
179 244 10
179 290 6
179 348 2
179 352 10
179 431 5
179 499 9
179 514 7
179 606 5
179 623 8
179 636 5
179 688 7
179 729 8
179 744 3
179 803 9
179 870 6
179 933 7
179 941 10
179 982 9
180 270 7
180 348 5
180 387 1
180 397 6
180 446 1
180 447 6
180 464 1
180 465 8
180 530 1
180 564 1
180 742 9
180 808 3
180 833 9
180 834 8
180 945 7
180 951 8
180 952 9
180 969 3
181 279 9
181 344 6
181 394 10
181 400 7
181 406 2
181 476 10
181 502 10
181 509 7
181 523 10
181 636 6
181 643 2
181 686 10
181 707 8
181 723 7
181 725 4
181 786 3
181 787 6
181 803 7
181 825 5
181 883 9
181 940 9
182 185 2
182 232 3
182 418 2
182 478 9
182 642 3
182 717 2
182 727 3
182 732 1
182 738 3
182 749 5
182 824 7
182 889 2
182 921 4
182 952 10
183 190 4
183 244 2
183 372 9
183 394 6
183 417 1
183 480 10
183 575 7
183 614 8
183 621 9
183 740 2
183 847 9
183 895 5
183 940 6
184 203 1
184 230 4
184 252 7
184 256 7
184 331 5
184 343 2
184 410 6
184 435 5
184 476 10
184 506 10
184 571 4
184 576 4
184 585 6
184 605 6
184 654 1
184 658 1
184 709 4
184 715 1
184 726 4
184 900 5
184 920 8
185 239 7
185 257 7
185 302 3
185 335 9
185 441 2
185 601 7
185 634 5
185 647 7
185 689 3
185 772 1
185 791 7
185 828 8
186 209 1
186 245 4
186 258 7
186 278 8
186 282 2
186 479 2
186 527 5
186 546 5
186 548 6
186 567 5
186 576 8
186 637 8
186 712 8
186 748 10
186 749 3
186 777 4
186 788 5
186 867 9
186 881 5
187 228 1
187 262 4
187 285 4
187 314 3
187 339 8
187 347 10
187 519 9
187 560 6
187 578 6
187 628 4
187 656 6
187 661 7
187 707 6
187 753 8
187 755 9
187 855 5
187 941 10
187 966 9
187 968 5
188 193 1
188 220 6
188 245 4
188 282 10
188 299 8
188 306 7
188 362 1
188 364 8
188 467 8
188 534 1
188 543 4
188 590 9
188 603 10
188 615 8
188 631 7
188 632 9
188 806 7
188 859 7
188 919 10
189 261 2
189 476 3
189 504 3
189 527 7
189 636 6
189 782 4
189 794 4
189 909 10
190 192 7
190 249 6
190 383 6
190 415 10
190 434 6
190 527 10
190 629 8
190 675 1
190 685 1
190 697 6
190 727 2
190 780 10
190 858 9
190 982 1
191 233 1
191 234 1
191 240 10
191 244 3
191 303 9
191 340 2
191 437 1
191 442 7
191 500 3
191 577 4
191 581 4
191 663 5
191 692 5
191 740 4
191 747 8
191 754 9
191 827 5
191 851 1
191 854 1
191 917 6
192 209 3
192 222 10
192 243 7
192 274 2
192 296 8
192 307 9
192 313 2
192 438 1
192 470 10
192 531 9
192 533 8
192 558 3
192 563 4
192 580 10
192 626 6
192 734 4
192 741 5
192 809 5
192 852 2
192 876 5
192 958 4
192 961 2
193 423 9
193 477 8
193 483 7
193 492 8
193 503 7
193 588 9
193 592 9
193 621 1
193 754 4
193 791 6
193 814 6
193 858 5
193 877 8
193 889 10
193 900 1
193 927 9
193 932 1
193 947 5
193 964 7
193 973 1
194 217 9
194 264 1
194 347 8
194 354 10
194 467 2
194 486 3
194 514 2
194 515 10
194 545 9
194 559 3
194 808 2
194 883 10
194 884 5
194 889 8
194 890 7
194 953 6
195 287 5
195 313 2
195 344 9
195 348 5
195 381 8
195 403 7
195 431 8
195 456 3
195 474 8
195 685 3
195 706 1
195 732 5
195 881 4
196 218 7
196 304 6
196 350 3
196 443 6
196 459 5
196 570 5
196 639 3
196 650 4
196 691 7
196 768 3
196 851 9
196 887 3
196 952 6
197 418 6
197 432 10
197 589 6
197 646 7
197 688 5
197 725 7
197 778 2
197 919 1
197 923 10
197 972 4
197 986 8
198 215 8
198 246 3
198 283 7
198 301 6
198 302 3
198 325 9
198 349 7
198 392 7
198 598 7
198 672 9
198 710 8
198 762 2
198 952 8
198 984 7
199 202 10
199 372 8
199 374 5
199 389 6
199 449 10
199 467 2
199 490 2
199 549 8
199 569 5
199 586 4
199 633 5
199 666 2
199 697 4
199 704 10
199 711 9
199 766 9
199 816 8
199 907 4
199 993 7
200 209 7
200 212 5
200 233 4
200 258 8
200 278 9
200 377 10
200 385 10
200 488 4
200 539 4
200 543 7
200 584 4
200 608 10
200 669 3
200 673 1
200 730 9
200 759 7
200 785 6
200 895 2
200 904 1
200 916 2
200 925 10
201 342 1
201 374 1
201 424 1
201 458 4
201 513 5
201 532 3
201 621 6
201 685 5
201 750 9
201 751 2
201 885 8
201 886 4
201 984 6
202 204 3
202 261 10
202 378 4
202 518 4
202 564 5
202 622 2
202 688 1
202 745 6
202 746 8
202 758 9
202 792 2
202 876 2
202 910 9
202 951 10
202 981 2
203 211 9
203 245 2
203 374 4
203 395 3
203 455 9
203 546 2
203 562 6
203 590 7
203 605 7
203 688 5
203 693 8
203 823 7
203 889 8
203 904 8
203 908 9
203 957 4
204 264 5
204 290 2
204 366 3
204 457 4
204 464 1
204 473 9
204 546 7
204 585 6
204 595 8
204 596 10
204 681 2
204 766 10
204 849 7
204 888 4
204 921 5
204 994 2
205 335 2
205 420 6
205 472 10
205 499 3
205 584 10
205 594 9
205 650 5
205 652 10
205 654 9
205 679 5
205 730 10
205 779 1
205 781 2
205 806 9
205 936 4
206 213 2
206 260 4
206 273 6
206 395 10
206 412 5
206 496 8
206 576 6
206 580 1
206 691 8
206 766 7
206 780 8
206 809 5
206 883 5
206 949 5
206 959 1
207 208 3
207 228 1
207 306 1
207 416 7
207 428 4
207 450 4
207 455 4
207 466 9
207 550 4
207 560 6
207 569 5
207 711 1
207 776 7
207 816 7
207 844 10
207 958 5
207 963 6
208 261 6
208 274 2
208 330 4
208 373 3
208 500 2
208 523 7
208 588 4
208 655 6
208 657 7
208 799 1
209 248 4
209 288 8
209 432 5
209 480 9
209 494 3
209 517 6
209 557 5
209 569 1
209 572 7
209 577 5
209 591 6
209 683 7
209 779 10
209 782 7
209 837 2
209 917 4
209 925 2
209 937 7
210 338 3
210 347 2
210 414 6
210 459 4
210 580 1
210 624 5
210 678 4
210 767 5
210 783 10
210 825 1
210 860 2
210 893 8
210 900 4
210 971 6
211 236 4
211 253 6
211 309 5
211 356 10
211 520 4
211 573 3
211 637 9
211 691 3
211 711 1
211 772 9
211 835 4
211 838 2
211 905 6
211 956 4
212 271 1
212 272 7
212 292 3
212 399 10
212 440 8
212 441 5
212 472 6
212 481 4
212 534 7
212 606 9
212 610 2
212 692 1
212 710 4
212 802 4
212 899 3
212 973 7
212 998 6
213 232 5
213 309 10
213 680 10
213 779 9
213 814 10
213 846 2
213 865 4
214 225 6
214 313 8
214 316 3
214 338 8
214 366 6
214 371 6
214 375 8
214 412 8
214 438 4
214 447 1
214 479 1
214 616 4
214 630 9
214 647 5
214 697 6
214 738 4
214 784 3
214 816 2
214 853 10
214 906 4
214 908 9
215 434 2
215 520 3
215 528 2
215 587 10
215 615 1
215 656 6
215 673 3
215 696 2
215 708 8
215 716 4
215 762 7
215 768 5
215 801 10
215 831 5
215 857 1
215 881 6
215 945 10
215 949 9
215 961 4
215 972 9
215 996 10
216 247 4
216 285 1
216 286 3
216 377 5
216 385 9
216 398 3
216 410 10
216 414 7
216 494 4
216 597 8
216 626 9
216 645 4
216 696 9
216 708 9
216 849 3
216 899 1
216 911 9
216 941 3
216 978 7
217 281 7
217 349 3
217 364 2
217 410 2
217 442 9
217 483 7
217 611 3
217 731 4
217 747 6
217 763 8
217 814 4
217 896 8
217 932 3
218 304 6
218 355 10
218 410 8
218 507 6
218 588 2
218 645 5
218 710 6
218 877 4
218 989 1
219 243 8
219 313 6
219 334 6
219 417 8
219 672 9
219 692 8
219 739 1
219 866 1
219 880 2
219 888 1
219 925 3
220 282 7
220 294 1
220 305 10
220 425 7
220 500 4
220 502 2
220 542 3
220 612 4
220 677 2
220 705 9
220 797 1
220 850 2
220 982 7
221 268 3
221 304 6
221 361 6
221 394 7
221 396 3
221 415 5
221 425 4
221 529 5
221 548 10
221 558 9
221 629 7
221 640 3
221 677 1
221 869 3
221 877 8
221 898 6
222 223 9
222 230 5
222 243 7
222 341 3
222 574 8
222 751 8
222 801 4
222 859 2
222 871 10
222 900 7
222 907 4
222 917 8
222 952 2
222 961 10
222 998 9
223 323 2
223 329 7
223 369 8
223 385 6
223 394 10
223 401 8
223 410 8
223 553 2
223 558 2
223 663 3
223 722 1
223 754 10
223 756 9
223 809 8
223 895 5
223 899 8
223 980 7
224 249 2
224 281 9
224 304 5
224 316 4
224 346 2
224 356 5
224 493 6
224 514 4
224 723 9
224 778 9
224 839 3
224 864 6
224 925 10
225 255 10
225 272 9
225 397 2
225 542 6
225 674 4
225 890 1
225 913 10
225 916 9
225 959 10
225 966 7
225 972 7
226 291 6
226 292 5
226 320 6
226 379 6
226 530 5
226 540 7
226 685 9
226 744 6
226 749 2
226 795 4
226 805 8
226 806 9
226 828 4
226 914 9
226 944 8
226 970 10
227 237 10
227 284 1
227 290 2
227 398 8
227 410 8
227 452 9
227 483 9
227 626 4
227 658 3
227 680 10
227 760 8
227 776 6
227 815 6
227 819 6
227 826 5
227 858 2
227 870 1
227 966 4
227 975 10
227 990 7
228 298 10
228 302 7
228 432 1
228 436 5
228 465 1
228 577 4
228 652 10
228 683 3
228 721 5
228 766 7
228 786 4
228 827 1
228 875 8
228 915 9
228 919 1
228 969 4
229 287 2
229 355 9
229 415 7
229 463 8
229 474 8
229 526 8
229 543 5
229 644 3
229 693 1
229 750 2
229 832 2
229 854 3
229 974 2
230 360 7
230 363 3
230 457 1
230 526 6
230 695 9
230 727 1
230 731 8
230 913 10
230 956 8
231 266 9
231 276 3
231 365 8
231 387 10
231 389 4
231 395 4
231 421 8
231 429 2
231 436 1
231 449 6
231 805 9
231 907 2
232 345 4
232 453 7
232 496 5
232 560 1
232 622 7
232 660 3
232 720 1
232 741 5
232 742 6
232 849 1
232 879 4
233 332 3
233 418 8
233 457 3
233 505 3
233 517 4
233 535 4
233 566 1
233 682 2
233 823 1
233 855 8
233 914 2
234 295 5
234 314 7
234 384 3
234 549 8
234 699 1
234 767 6
234 780 2
234 789 7
234 853 4
234 918 4
234 979 10
235 259 3
235 278 3
235 329 1
235 356 1
235 435 9
235 465 3
235 467 5
235 514 10
235 522 7
235 545 2
235 652 9
235 694 2
235 728 2
235 801 7
235 807 3
235 833 9
235 852 2
235 871 7
235 901 2
235 920 8
236 305 10
236 350 10
236 368 6
236 453 8
236 498 5
236 571 1
236 598 4
236 708 8
236 746 5
236 763 9
236 812 6
236 835 6
236 954 10
237 384 5
237 394 9
237 399 5
237 431 6
237 450 4
237 474 9
237 510 3
237 536 3
237 571 1
237 605 10
237 657 4
237 692 9
237 735 4
237 766 9
237 772 4
237 795 10
237 809 9
237 961 10
238 281 2
238 313 9
238 314 7
238 327 2
238 380 8
238 457 5
238 547 4
238 556 2
238 608 5
238 799 1
238 897 1
238 979 3
239 314 5
239 317 3
239 323 5
239 472 8
239 510 7
239 558 7
239 569 1
239 598 4
239 599 2
239 628 5
239 703 1
239 726 8
239 752 5
239 792 9
239 904 6
240 409 5
240 469 9
240 484 10
240 503 9
240 506 7
240 540 6
240 611 10
240 612 1
240 614 6
240 630 1
240 676 10
240 886 1
240 905 2
240 911 1
240 923 5
240 959 9
240 965 7
241 245 3
241 259 10
241 284 6
241 460 8
241 481 4
241 493 9
241 526 6
241 554 9
241 632 6
241 682 10
241 765 4
241 802 4
241 853 4
241 892 2
241 937 1
242 272 1
242 290 1
242 316 10
242 319 4
242 391 6
242 431 3
242 457 3
242 478 7
242 484 6
242 513 6
242 524 4
242 567 9
242 568 8
242 663 2
242 716 4
242 737 7
242 887 2
242 997 4
243 269 3
243 300 3
243 388 10
243 427 6
243 430 6
243 498 10
243 569 8
243 600 2
243 616 4
243 706 8
243 723 6
243 749 5
243 798 1
243 897 2
243 927 9
243 989 6
243 992 8
244 515 10
244 557 7
244 623 6
244 631 6
244 635 9
244 637 9
244 717 1
244 845 3
244 850 5
244 919 5
244 966 3
245 259 5
245 340 2
245 346 9
245 464 10
245 475 4
245 485 7
245 510 6
245 570 2
245 574 5
245 666 8
245 713 4
245 727 5
245 755 8
245 915 6
245 981 4
246 283 1
246 321 4
246 448 5
246 614 7
246 624 6
246 708 8
246 734 5
246 893 10
246 901 3
246 968 7
247 280 5
247 304 5
247 344 4
247 415 1
247 441 8
247 466 1
247 533 5
247 613 5
247 619 9
247 629 5
247 688 3
247 698 9
247 815 9
247 820 5
247 848 7
247 853 7
248 275 3
248 323 8
248 324 2
248 346 9
248 416 5
248 536 6
248 679 10
248 691 6
248 733 9
248 775 1
248 776 1
248 794 5
248 826 5
248 837 6
248 889 3
248 898 10
248 918 7
249 353 5
249 506 1
249 529 7
249 532 10
249 615 3
249 638 9
249 716 10
249 751 4
249 853 3
249 960 3
250 294 3
250 312 1
250 372 5
250 398 10
250 437 8
250 533 9
250 579 5
250 591 5
250 601 2
250 616 7
250 654 2
250 661 10
250 767 5
250 779 9
250 781 3
250 801 5
250 828 5
250 969 1
250 996 3
251 346 4
251 354 8
251 501 7
251 696 4
251 846 10
251 885 9
251 923 8
251 952 3
252 301 3
252 302 2
252 316 8
252 357 6
252 378 4
252 383 8
252 466 5
252 481 6
252 529 10
252 632 5
252 636 8
252 670 9
252 725 5
252 803 8
252 807 7
252 932 1
253 269 10
253 308 5
253 324 8
253 422 9
253 447 4
253 490 6
253 513 10
253 578 9
253 595 5
253 602 2
253 604 2
253 621 9
253 653 8
253 688 6
253 708 7
253 712 9
253 726 8
253 773 1
253 792 6
253 832 2
253 900 1
253 945 3
253 981 6
253 984 4
254 282 4
254 303 8
254 326 6
254 350 6
254 366 1
254 400 9
254 421 7
254 512 10
254 540 7
254 579 7
254 668 7
254 685 2
254 787 5
254 790 6
254 848 7
254 959 7
254 964 6
254 985 2
255 271 3
255 318 3
255 327 6
255 375 2
255 376 1
255 377 9
255 382 7
255 409 5
255 411 6
255 415 8
255 477 10
255 676 7
255 740 2
255 797 8
255 800 1
255 802 5
255 810 1
255 815 7
255 854 2
255 906 5
255 913 3
256 268 5
256 287 9
256 291 9
256 298 9
256 300 9
256 381 10
256 390 1
256 443 4
256 459 5
256 467 2
256 482 7
256 528 6
256 539 7
256 576 7
256 613 9
256 624 6
256 659 8
256 678 5
256 711 3
256 828 5
256 844 3
256 858 5
257 273 6
257 386 7
257 431 1
257 432 5
257 440 3
257 571 6
257 606 9
257 696 7
257 715 4
257 818 2
257 873 2
257 883 4
257 957 8
257 967 9
257 994 5
258 285 10
258 354 2
258 407 1
258 452 4
258 533 6
258 608 1
258 682 1
258 712 9
258 933 10
258 967 8
259 350 10
259 372 1
259 381 3
259 423 1
259 430 3
259 452 7
259 465 7
259 581 6
259 587 8
259 765 7
259 801 6
259 862 4
259 896 6
259 912 10
259 915 7
259 925 4
260 289 8
260 350 3
260 496 1
260 539 7
260 590 6
260 766 7
260 805 1
260 873 4
260 896 9
260 987 7
261 367 9
261 479 5
261 489 3
261 547 10
261 571 7
261 626 8
261 639 10
261 690 4
261 801 8
261 805 4
261 836 2
261 887 4
261 891 1
261 914 6
261 989 9
262 270 4
262 527 2
262 616 8
262 623 4
262 637 4
262 724 5
262 733 1
262 783 10
262 809 6
262 839 10
262 935 3
263 271 10
263 289 9
263 428 8
263 524 4
263 543 2
263 571 4
263 584 2
263 611 1
263 692 1
263 763 5
263 858 5
263 925 7
264 274 3
264 304 2
264 323 5
264 334 7
264 358 3
264 394 2
264 435 10
264 503 3
264 516 5
264 538 2
264 597 9
264 599 4
264 639 5
264 660 6
264 662 4
264 757 2
264 834 10
264 913 7
264 960 3
265 269 5
265 270 8
265 371 10
265 548 7
265 574 1
265 583 3
265 603 6
265 640 3
265 712 7
265 774 10
265 803 2
265 816 5
265 835 9
265 869 8
265 896 7
265 973 1
266 342 7
266 351 5
266 353 7
266 354 10
266 458 3
266 485 9
266 581 2
266 601 4
266 619 10
266 663 8
266 687 2
266 713 10
266 715 9
266 740 2
266 783 2
266 903 5
266 993 1
267 432 8
267 447 5
267 451 2
267 466 10
267 533 6
267 640 5
267 720 8
267 783 7
267 809 9
267 870 10
267 957 2
267 966 7
268 373 5
268 429 8
268 476 10
268 619 4
268 625 1
268 661 3
268 745 1
268 788 3
268 810 3
268 820 4
268 838 2
268 874 7
268 885 7
268 945 4
268 955 5
268 961 9
268 973 10
268 975 6
268 988 1
268 999 2
269 291 7
269 307 3
269 414 8
269 421 6
269 480 3
269 555 1
269 565 7
269 625 5
269 644 8
269 715 6
269 716 3
269 936 3
269 937 5
269 994 9
269 999 1
270 321 3
270 336 8
270 338 2
270 406 9
270 465 9
270 470 2
270 557 3
270 727 10
271 274 3
271 296 7
271 330 4
271 350 6
271 409 4
271 498 9
271 536 9
271 569 7
271 604 1
271 611 7
271 658 7
271 664 4
271 845 3
271 847 5
271 950 4
271 971 4
271 985 10
271 989 6
272 294 10
272 306 2
272 307 8
272 320 9
272 334 7
272 360 10
272 376 9
272 403 9
272 433 7
272 455 9
272 477 4
272 584 5
272 596 3
272 601 8
272 646 1
272 654 2
272 718 3
272 722 8
272 829 1
272 837 10
272 840 8
272 874 9
272 894 2
272 934 1
272 950 7
272 971 6
273 401 2
273 523 1
273 561 9
273 582 5
273 612 2
273 646 10
273 780 1
273 788 9
273 837 8
273 846 4
273 850 8
273 873 8
273 902 7
273 983 3
274 281 9
274 302 10
274 352 7
274 411 9
274 427 2
274 439 4
274 537 8
274 572 5
274 577 5
274 640 5
274 681 7
274 707 7
274 748 6
274 796 5
274 824 3
274 849 5
274 856 3
274 869 1
274 886 5
274 893 9
274 895 10
274 938 10
275 368 9
275 491 4
275 494 9
275 507 8
275 567 1
275 571 3
275 658 3
275 696 3
275 730 1
275 761 7
275 811 1
275 874 9
275 884 5
275 892 5
275 956 4
276 353 1
276 413 6
276 417 3
276 440 2
276 478 9
276 575 5
276 644 2
276 735 9
276 814 2
276 818 7
276 843 9
276 902 9
276 914 9
276 986 5
276 997 2
277 313 4
277 373 1
277 376 5
277 384 6
277 400 5
277 405 1
277 427 7
277 448 10
277 494 3
277 500 2
277 536 1
277 540 1
277 554 9
277 588 1
277 702 9
277 860 10
277 946 10
278 328 3
278 388 8
278 393 1
278 410 10
278 586 3
278 642 3
278 670 2
278 681 5
278 698 3
278 818 9
278 857 9
278 869 1
278 974 8
279 303 10
279 328 5
279 348 10
279 466 9
279 562 2
279 637 4
279 650 5
279 687 6
279 740 5
279 859 10
279 890 7
279 938 9
280 567 8
280 575 4
280 579 9
280 610 10
280 675 10
280 704 5
280 722 7
280 872 4
280 881 2
280 959 2
280 983 6
280 994 3
281 351 6
281 419 2
281 423 4
281 424 10
281 593 3
281 753 8
281 867 10
281 897 2
282 612 9
282 646 10
282 763 10
282 819 9
282 867 7
282 881 6
282 888 3
282 898 5
282 947 3
283 304 9
283 320 10
283 326 8
283 396 6
283 484 1
283 486 4
283 561 6
283 571 7
283 583 8
283 601 6
283 655 2
283 776 5
283 778 6
283 799 3
283 857 6
283 872 4
283 900 4
283 926 2
283 985 6
284 294 10
284 341 7
284 357 4
284 388 5
284 413 6
284 442 1
284 456 9
284 475 6
284 509 9
284 558 9
284 585 8
284 591 9
284 600 4
284 768 10
284 866 8
284 873 9
284 877 5
284 965 8
284 992 7
285 311 3
285 350 9
285 439 7
285 449 2
285 480 6
285 513 7
285 526 10
285 547 10
285 582 1
285 585 7
285 635 2
285 674 9
285 715 4
285 719 5
285 837 2
285 838 4
285 863 7
285 888 2
285 944 4
285 981 4
285 984 7
286 331 7
286 341 1
286 412 3
286 433 9
286 506 7
286 591 5
286 650 10
286 745 8
286 806 10
286 811 1
286 852 1
286 887 7
287 309 5
287 400 9
287 448 3
287 503 3
287 596 5
287 601 5
287 650 5
287 656 5
287 689 10
287 731 4
287 752 10
287 836 3
287 929 4
287 936 2
287 997 10
288 333 6
288 404 5
288 657 1
288 715 7
288 736 7
288 761 8
288 769 9
288 860 8
288 877 8
288 880 5
288 974 3
289 301 6
289 343 2
289 368 9
289 399 9
289 491 6
289 550 6
289 656 3
289 714 8
289 763 3
289 885 2
289 942 6
290 325 9
290 330 2
290 425 9
290 516 1
290 719 3
290 742 1
290 835 4
290 852 3
290 946 2
291 320 5
291 503 3
291 527 3
291 542 10
291 576 4
291 662 3
291 684 10
291 736 8
291 759 6
291 871 8
291 872 3
291 934 1
291 938 5
291 940 1
291 942 1
291 962 5
291 963 7
292 314 2
292 345 9
292 355 7
292 381 7
292 388 10
292 424 10
292 429 5
292 444 4
292 531 8
292 628 1
292 691 6
292 754 10
292 876 4
292 943 3
292 969 7
292 988 3
292 995 10
293 296 6
293 381 9
293 394 3
293 430 9
293 457 6
293 462 6
293 496 5
293 605 1
293 700 2
293 701 10
293 738 3
293 764 1
293 784 6
293 858 6
293 909 2
293 987 10
294 303 7
294 324 3
294 396 7
294 421 1
294 517 7
294 539 9
294 572 4
294 620 4
294 663 10
294 727 1
294 745 10
294 752 1
294 805 8
294 965 9
295 369 1
295 379 1
295 508 8
295 538 2
295 687 7
295 846 5
295 868 4
295 882 8
295 994 10
296 305 9
296 389 9
296 403 8
296 582 4
296 729 4
296 858 2
297 475 7
297 628 5
297 640 3
297 781 3
297 804 8
297 887 1
297 890 10
297 941 4
297 949 4
297 974 1
298 319 7
298 333 3
298 409 7
298 431 8
298 461 3
298 483 6
298 485 5
298 743 9
298 752 8
298 758 9
298 780 8
298 889 2
298 896 6
298 916 3
298 948 2
299 396 7
299 404 9
299 439 5
299 440 6
299 444 9
299 546 8
299 588 6
299 693 2
299 720 1
299 944 3
299 998 10
300 383 8
300 399 2
300 565 8
300 672 3
300 697 3
300 728 7
300 756 3
300 758 10
300 806 10
300 812 7
300 864 9
300 935 7
300 966 7
300 996 2
301 350 3
301 500 10
301 506 1
301 533 10
301 562 6
301 579 10
301 666 10
301 738 3
301 752 5
301 771 2
301 827 1
301 838 10
301 870 10
301 872 5
301 905 10
301 933 8
301 937 2
301 952 5
302 318 4
302 329 9
302 358 8
302 373 3
302 379 6
302 400 3
302 521 7
302 629 1
302 679 1
302 760 9
302 786 5
302 806 1
302 829 6
302 910 3
302 995 1
303 478 3
303 497 2
303 526 2
303 552 4
303 558 8
303 603 3
303 627 7
303 638 7
303 667 7
303 680 4
303 831 8
303 862 1
303 896 3
303 899 9
303 961 3
304 374 3
304 381 10
304 424 10
304 431 7
304 504 10
304 546 9
304 600 9
304 708 4
304 720 9
304 790 3
304 799 5
304 848 2
304 878 10
304 892 10
305 347 4
305 413 6
305 426 7
305 594 5
305 599 5
305 601 3
305 636 3
305 661 3
305 713 6
305 719 2
305 745 10
305 758 4
305 878 8
306 329 2
306 469 2
306 513 7
306 520 1
306 608 10
306 646 3
306 648 5
306 664 7
306 726 2
306 747 9
307 328 10
307 428 4
307 509 8
307 512 5
307 561 4
307 576 3
307 652 6
307 922 9
307 937 2
308 359 6
308 478 3
308 496 10
308 623 3
308 627 5
308 648 9
308 779 2
308 820 10
308 843 3
309 328 6
309 335 9
309 377 8
309 421 5
309 563 9
309 620 9
309 642 6
309 678 7
309 847 6
309 871 9
309 947 3
309 963 10
309 975 6
310 349 2
310 353 8
310 526 6
310 589 6
310 591 8
310 629 7
310 658 8
310 722 9
310 880 9
310 902 5
310 948 7
310 953 2
311 315 1
311 533 1
311 556 10
311 785 5
311 796 8
311 854 4
311 884 9
312 380 8
312 517 7
312 526 5
312 533 3
312 559 7
312 595 8
312 643 5
312 697 8
312 704 10
312 756 6
312 766 4
312 826 5
312 978 6
313 329 5
313 368 2
313 401 3
313 459 8
313 474 4
313 508 3
313 518 5
313 548 2
313 556 8
313 589 10
313 647 1
313 681 8
313 879 10
313 944 4
314 340 5
314 347 4
314 442 4
314 478 1
314 514 6
314 560 6
314 648 5
314 759 3
314 782 6
314 862 8
314 899 9
314 984 5
314 986 4
315 369 8
315 382 3
315 403 10
315 418 7
315 427 9
315 471 8
315 502 6
315 624 6
315 687 7
315 778 10
315 833 7
315 864 2
315 876 8
315 950 8
315 976 3
316 349 1
316 369 5
316 391 4
316 596 5
316 629 8
316 667 5
316 775 4
316 811 4
316 822 6
316 888 2
316 925 2
316 928 5
316 988 8
317 323 5
317 351 5
317 355 10
317 406 10
317 427 4
317 429 1
317 442 2
317 458 10
317 519 5
317 574 10
317 603 5
317 613 5
317 666 4
317 669 10
317 713 9
317 766 6
317 768 10
317 769 8
317 776 7
317 863 6
317 885 3
317 917 8
317 940 10
317 977 3
318 331 5
318 358 4
318 370 10
318 397 9
318 430 8
318 488 7
318 490 4
318 587 5
318 656 3
318 666 3
318 678 10
319 362 9
319 396 4
319 454 3
319 457 6
319 596 9
319 693 1
319 772 6
319 954 4
320 333 3
320 337 3
320 381 6
320 462 7
320 476 3
320 484 5
320 533 10
320 548 5
320 556 9
320 572 4
320 642 3
320 700 7
320 718 1
320 774 6
320 798 10
320 839 9
320 845 10
320 894 1
320 928 3
320 973 4
320 974 4
320 986 3
321 373 9
321 460 9
321 472 9
321 505 9
321 514 10
321 521 1
321 817 5
321 825 4
321 880 5
322 455 9
322 528 3
322 529 4
322 591 9
322 605 3
322 667 1
322 671 6
322 782 8
322 820 5
322 841 10
322 842 5
322 869 2
322 876 7
322 983 6
323 327 6
323 357 3
323 432 8
323 452 6
323 503 8
323 553 5
323 572 5
323 602 1
323 609 1
323 716 6
323 830 3
323 902 5
323 967 4
324 347 8
324 477 9
324 488 7
324 535 3
324 550 5
324 571 10
324 627 5
324 695 9
324 736 1
324 753 9
324 813 6
324 816 10
324 891 8
324 961 9
324 984 5
325 335 10
325 347 4
325 350 3
325 431 3
325 473 4
325 549 4
325 570 3
325 642 9
325 648 5
325 747 8
325 782 4
325 794 9
325 806 7
325 813 3
325 815 6
325 938 3
325 967 8
325 980 10
325 982 1
325 998 2
326 370 2
326 405 1
326 503 6
326 543 3
326 557 7
326 562 8
326 582 1
326 597 1
326 636 6
326 761 4
326 788 2
326 792 7
326 805 8
326 864 2
327 380 8
327 384 3
327 414 10
327 456 6
327 469 6
327 498 1
327 520 8
327 607 4
327 652 2
327 676 7
327 753 6
327 846 5
327 897 5
328 406 2
328 427 8
328 439 8
328 456 3
328 465 4
328 489 7
328 553 2
328 592 8
328 767 1
328 780 3
328 807 8
328 822 2
328 918 1
328 985 7
329 441 7
329 464 8
329 565 5
329 607 6
329 738 1
329 746 10
329 747 10
329 763 2
329 807 2
329 882 4
329 894 2
329 929 10
329 930 3
329 947 2
330 406 5
330 498 9
330 534 2
330 555 10
330 576 8
330 609 1
330 631 4
330 633 4
330 745 1
330 785 10
330 789 2
330 838 3
330 845 8
330 911 7
331 389 2
331 391 3
331 394 7
331 499 3
331 660 2
331 692 10
331 694 10
331 718 8
331 725 9
331 747 6
331 782 2
331 798 5
331 843 9
331 851 1
331 907 3
331 973 2
332 351 7
332 418 5
332 427 6
332 466 1
332 526 2
332 567 9
332 578 10
332 669 4
332 740 6
332 842 6
332 902 5
332 907 6
332 982 5
333 335 6
333 359 10
333 401 8
333 414 3
333 549 6
333 588 6
333 642 3
333 750 10
333 759 8
333 806 10
333 811 2
333 815 10
333 829 10
333 870 7
333 931 3
333 948 9
333 953 1
333 960 3
334 346 2
334 353 6
334 398 2
334 554 1
334 615 7
334 643 2
334 644 5
334 658 3
334 671 10
334 785 2
334 800 2
334 821 3
334 835 1
334 841 1
334 913 10
334 978 1
335 339 8
335 370 3
335 443 4
335 489 6
335 519 5
335 565 7
335 567 4
335 628 7
335 644 9
335 720 8
335 745 2
335 777 1
335 800 8
335 847 8
335 856 4
335 870 10
335 898 4
336 341 3
336 383 1
336 411 6
336 417 10
336 423 3
336 459 9
336 468 8
336 595 3
336 599 10
336 660 4
336 734 9
336 747 9
336 836 6
336 866 8
336 970 7
337 341 6
337 351 9
337 394 4
337 433 10
337 509 3
337 566 4
337 613 8
337 630 5
337 763 9
337 764 3
337 791 3
337 815 7
337 844 9
337 845 6
337 894 1
337 899 8
337 907 6
337 935 4
337 950 7
337 977 8
338 352 6
338 363 4
338 401 8
338 419 2
338 519 2
338 571 7
338 630 1
338 669 8
338 712 4
338 797 10
338 811 5
338 816 4
338 885 2
338 905 4
338 912 4
339 388 3
339 438 8
339 442 3
339 570 4
339 588 5
339 623 2
339 732 8
339 884 5
339 943 6
339 974 4
340 406 7
340 475 10
340 486 6
340 515 8
340 774 9
340 794 8
340 829 6
340 849 8
340 877 7
340 898 1
340 948 9
340 973 1
341 379 2
341 392 1
341 447 7
341 464 2
341 522 2
341 581 9
341 706 8
341 730 4
341 735 7
341 815 4
341 880 8
341 946 1
341 974 5
342 380 7
342 439 4
342 444 6
342 472 4
342 477 9
342 511 9
342 577 2
342 606 4
342 663 1
342 747 3
342 796 3
342 810 7
342 817 4
342 875 8
342 898 6
342 937 1
343 398 10
343 423 1
343 429 7
343 467 5
343 469 5
343 488 2
343 515 8
343 522 4
343 524 1
343 539 1
343 611 9
343 626 8
343 667 6
343 677 9
343 678 2
343 696 1
343 750 4
343 829 10
343 842 7
343 860 1
343 981 9
344 394 1
344 593 9
344 693 10
344 738 7
344 745 8
344 796 9
344 844 1
344 853 3
344 885 5
344 898 3
344 931 9
344 937 2
345 373 7
345 407 3
345 509 8
345 525 9
345 612 9
345 633 7
345 791 6
345 794 2
345 862 5
345 920 6
346 350 8
346 417 10
346 422 6
346 431 3
346 491 4
346 661 2
346 764 4
346 792 5
346 827 9
346 865 6
346 911 10
346 932 6
347 420 4
347 475 3
347 492 4
347 554 10
347 566 2
347 580 3
347 604 9
347 610 2
347 645 7
347 670 3
347 736 1
347 755 8
347 824 6
347 859 5
347 872 4
347 875 3
347 877 7
347 974 2
347 980 2
347 998 8
348 403 9
348 497 9
348 516 4
348 553 9
348 558 1
348 683 4
348 692 6
348 750 9
348 758 4
348 761 9
348 813 1
348 995 8
349 468 6
349 484 5
349 490 10
349 612 9
349 646 4
349 662 9
349 693 9
349 715 4
349 745 9
349 777 7
349 793 3
349 819 2
349 848 4
349 856 6
349 927 9
350 469 8
350 590 5
350 615 8
350 679 2
350 792 10
350 900 6
350 916 2
351 375 3
351 411 4
351 475 6
351 485 9
351 565 8
351 649 3
351 657 2
351 680 2
351 808 4
351 983 4
351 985 7
352 353 6
352 440 6
352 502 6
352 567 1
352 577 7
352 605 7
352 662 7
352 754 1
352 756 3
352 778 5
352 801 1
352 821 1
352 913 3
352 988 5
353 421 4
353 464 9
353 521 5
353 590 4
353 731 10
353 760 7
353 817 4
353 820 3
353 833 2
353 907 7
353 916 6
353 937 9
353 942 2
354 434 8
354 460 1
354 495 1
354 565 7
354 582 8
354 633 8
354 676 3
354 677 7
354 730 8
354 765 5
354 785 3
354 817 4
354 841 10
355 389 9
355 499 1
355 575 6
355 579 2
355 640 8
355 652 10
355 661 3
355 668 3
355 710 2
355 733 6
355 750 9
355 785 5
355 831 2
355 834 7
356 361 10
356 365 10
356 415 1
356 449 1
356 538 9
356 544 1
356 553 3
356 570 7
356 608 2
356 668 2
356 779 1
356 871 9
356 925 1
356 970 9
357 367 4
357 382 8
357 440 2
357 446 10
357 538 2
357 581 10
357 582 7
357 767 4
357 844 2
358 363 6
358 429 9
358 434 9
358 449 6
358 533 2
358 535 5
358 555 3
358 567 4
358 688 4
358 731 4
358 800 4
358 910 4
358 959 3
358 972 8
359 520 8
359 524 1
359 545 3
359 573 7
359 617 6
359 785 1
359 796 4
359 806 10
359 916 1
359 970 7
360 484 4
360 505 1
360 669 7
360 709 7
360 733 8
360 827 5
360 833 9
360 989 2
361 393 3
361 403 9
361 424 1
361 613 7
361 620 5
361 647 6
361 700 4
361 710 5
361 819 8
361 879 9
361 928 4
361 964 8
362 363 4
362 392 1
362 538 5
362 575 5
362 592 9
362 609 10
362 703 2
362 752 9
362 841 4
362 919 8
362 977 6
362 982 5
362 986 8
363 364 6
363 477 8
363 499 6
363 651 5
363 709 6
363 721 4
363 723 9
363 732 3
363 841 9
363 952 7
363 986 8
364 401 8
364 433 2
364 470 2
364 594 5
364 644 7
364 668 5
364 691 2
364 697 1
364 707 10
364 723 5
364 724 6
364 749 9
364 828 10
364 902 8
364 939 7
364 947 2
364 956 2
365 394 1
365 452 5
365 456 10
365 487 6
365 533 2
365 559 4
365 630 8
365 631 10
365 735 1
365 788 2
365 977 2
366 402 2
366 420 3
366 470 1
366 479 5
366 516 10
366 578 10
366 589 3
366 609 2
366 615 1
366 715 3
366 860 9
367 376 5
367 539 4
367 575 5
367 577 8
367 647 8
367 653 9
367 782 7
367 992 10
368 387 5
368 396 7
368 453 10
368 550 10
368 571 8
368 587 9
368 665 3
368 679 9
368 721 5
368 752 7
368 765 5
368 819 7
368 833 7
368 897 8
368 946 1
368 962 8
369 487 1
369 491 4
369 608 4
369 628 10
369 672 9
369 708 4
369 713 10
369 731 7
369 754 4
369 800 5
369 819 1
369 826 10
369 868 5
369 880 5
369 923 2
370 418 10
370 421 8
370 480 8
370 493 8
370 548 1
370 564 6
370 605 7
370 680 6
370 872 6
370 917 9
370 931 5
370 996 4
371 391 3
371 413 4
371 470 1
371 572 8
371 638 5
371 677 8
371 725 3
371 783 6
371 805 9
371 871 8
371 876 2
371 926 6
371 935 1
371 983 10
372 447 1
372 459 8
372 491 9
372 511 3
372 528 4
372 550 3
372 556 9
372 571 7
372 618 8
372 625 7
372 734 9
372 742 6
372 900 4
372 917 6
372 956 3
373 423 6
373 497 8
373 518 8
373 541 10
373 574 4
373 587 9
373 652 7
373 670 6
373 679 3
373 681 7
373 744 7
373 828 9
373 856 9
373 881 10
373 989 1
373 997 1
374 394 7
374 445 2
374 481 10
374 525 3
374 700 5
374 719 1
374 747 2
374 771 1
374 920 3
374 932 10
374 986 5
375 397 8
375 419 1
375 472 3
375 515 5
375 519 1
375 583 1
375 608 10
375 629 9
375 658 8
375 679 10
376 456 4
376 462 10
376 513 6
376 523 5
376 542 6
376 546 10
376 559 2
376 630 2
376 631 1
376 633 3
376 664 10
376 666 4
376 679 9
376 684 6
376 720 8
376 760 10
376 773 7
376 788 2
376 832 1
376 993 10
376 996 4
377 410 7
377 417 9
377 464 3
377 510 8
377 523 7
377 630 2
377 633 5
377 723 4
377 738 8
377 769 1
377 857 6
377 869 10
377 888 7
377 892 9
378 450 2
378 474 7
378 483 8
378 543 9
378 618 3
378 653 5
378 727 6
378 735 9
378 736 6
378 755 6
378 775 6
378 787 5
378 849 7
378 893 8
379 420 9
379 426 9
379 453 3
379 473 2
379 529 3
379 569 7
379 579 3
379 592 5
379 616 8
379 638 6
379 697 2
379 699 1
379 753 1
379 895 5
379 951 10
379 971 6
380 471 10
380 530 3
380 684 6
380 699 6
380 760 4
380 773 6
380 776 2
380 816 1
380 995 1
381 387 2
381 430 4
381 444 1
381 658 6
381 710 1
381 726 10
381 974 3
382 393 4
382 501 8
382 586 9
382 613 7
382 634 5
382 727 5
382 751 4
382 828 3
382 872 7
382 882 9
382 888 7
382 890 8
382 895 10
382 914 7
382 931 5
382 960 9
382 974 10
382 987 7
383 516 9
383 532 4
383 661 10
383 718 8
383 745 5
383 884 7
383 989 2
383 999 2
384 494 4
384 543 7
384 563 8
384 661 9
384 682 8
384 709 2
384 712 4
384 714 6
384 717 4
384 767 9
384 839 1
384 855 3
384 975 1
385 443 9
385 550 6
385 619 1
385 659 3
385 693 9
385 718 4
385 733 9
385 754 4
385 757 2
385 799 4
385 894 2
385 955 3
386 402 6
386 445 6
386 515 1
386 654 3
386 656 2
386 682 3
386 700 8
386 723 3
386 818 1
386 886 8
386 904 9
386 945 9
387 406 8
387 455 6
387 480 7
387 522 5
387 564 2
387 593 6
387 624 8
387 733 9
387 743 1
387 869 4
387 874 4
387 933 10
387 980 8
388 389 5
388 424 6
388 546 7
388 608 6
388 680 3
388 685 6
388 702 7
388 888 8
388 945 9
388 992 2
389 428 5
389 470 9
389 487 2
389 517 3
389 540 3
389 618 6
389 619 6
389 678 8
389 727 2
389 804 4
389 806 4
389 820 1
389 855 6
389 864 2
389 881 10
390 471 1
390 504 10
390 512 8
390 654 10
390 788 3
390 905 5
390 931 6
390 974 4
390 993 10
391 562 1
391 655 5
391 664 7
391 760 3
391 767 10
391 904 10
391 938 7
391 939 8
392 393 5
392 429 7
392 430 10
392 457 7
392 466 4
392 487 6
392 633 2
392 662 5
392 663 9
392 679 10
392 706 7
392 711 6
392 830 7
392 832 1
392 881 3
392 922 8
392 955 5
392 958 4
392 967 4
393 431 5
393 437 3
393 468 9
393 546 10
393 638 1
393 725 7
393 777 6
393 823 10
394 415 5
394 426 2
394 430 6
394 482 3
394 568 1
394 674 9
394 766 3
394 938 3
394 949 7
394 973 3
395 571 9
395 592 2
395 650 4
395 658 3
395 734 4
395 828 7
395 865 1
395 884 4
395 960 2
396 483 3
396 578 4
396 714 4
396 725 9
396 788 9
396 972 7
397 486 8
397 546 3
397 577 10
397 678 6
397 685 10
397 900 6
397 918 3
397 988 2
398 590 5
398 611 9
398 647 10
398 744 7
398 761 2
398 787 4
398 801 8
398 813 2
398 826 5
398 853 6
398 885 5
398 955 3
399 404 7
399 497 5
399 586 10
399 702 2
399 719 1
399 763 7
399 787 4
399 790 5
399 890 7
399 913 5
399 938 1
399 961 6
400 407 3
400 619 10
400 652 3
400 703 3
400 748 4
400 750 3
400 753 2
400 913 7
400 926 6
400 999 3
401 416 1
401 453 9
401 480 1
401 481 7
401 506 7
401 563 10
401 608 4
401 687 5
401 868 9
401 898 7
401 970 1
402 432 10
402 447 3
402 521 4
402 529 3
402 617 2
402 625 3
402 630 5
402 677 4
402 788 5
402 913 9
402 962 1
402 974 3
403 404 9
403 414 1
403 563 8
403 712 1
403 737 7
403 823 4
403 836 10
403 842 5
403 917 6
403 977 6
403 994 8
404 408 6
404 410 6
404 411 8
404 446 10
404 474 4
404 515 8
404 540 1
404 751 10
404 755 4
404 788 7
404 864 2
404 913 8
404 918 9
404 931 4
405 436 8
405 481 4
405 485 10
405 494 6
405 536 6
405 543 2
405 562 4
405 622 10
405 634 2
405 637 5
405 642 1
405 683 8
405 731 4
405 736 2
405 751 6
405 773 5
405 800 3
405 809 1
405 822 9
405 889 5
405 893 5
405 904 7
405 927 6
406 421 1
406 439 9
406 458 8
406 491 10
406 560 1
406 657 9
406 693 10
406 720 10
406 866 8
406 871 5
406 881 4
406 917 4
406 989 1
407 492 1
407 498 1
407 567 3
407 594 5
407 682 5
407 707 1
407 728 1
407 836 10
407 928 2
407 952 6
408 467 9
408 470 6
408 585 2
408 618 3
408 655 7
408 667 2
408 750 6
408 845 10
408 969 5
409 535 9
409 645 9
409 731 5
409 853 6
409 876 9
409 952 7
410 429 10
410 447 8
410 475 3
410 526 3
410 537 4
410 570 9
410 587 8
410 667 1
410 808 9
410 817 10
410 826 4
410 829 9
410 861 3
410 935 2
410 945 7
410 988 3
411 413 4
411 422 1
411 433 10
411 637 9
411 644 4
411 656 4
411 735 4
411 747 5
411 782 1
411 802 8
411 930 5
411 974 6
411 978 5
412 431 7
412 484 5
412 532 8
412 589 10
412 668 6
412 760 5
412 780 6
412 790 8
412 820 1
412 887 5
412 911 9
412 935 10
413 434 10
413 457 2
413 566 2
413 574 8
413 653 7
413 674 6
413 681 6
413 703 4
413 704 7
413 786 6
413 799 6
413 857 1
413 971 9
413 974 7
414 453 9
414 456 7
414 476 4
414 503 5
414 519 4
414 575 3
414 643 9
414 648 6
414 657 6
414 785 4
414 826 7
414 828 1
414 853 5
414 874 10
415 433 4
415 466 9
415 527 6
415 588 10
415 709 3
415 781 1
415 798 1
415 895 10
415 906 1
415 920 4
415 926 4
416 514 2
416 570 1
416 571 2
416 589 5
416 649 10
416 731 2
416 754 10
416 828 10
416 883 1
416 885 10
416 887 6
416 957 2
416 969 2
417 480 7
417 513 5
417 537 9
417 553 8
417 638 5
417 802 9
417 894 5
417 975 8
417 976 3
418 434 10
418 539 10
418 650 9
418 765 7
418 829 6
418 851 1
418 955 5
418 982 9
419 424 7
419 429 2
419 433 8
419 439 2
419 447 1
419 541 7
419 571 10
419 612 6
419 642 8
419 669 3
419 673 7
419 701 1
419 732 1
419 770 10
419 810 9
419 839 4
419 852 4
419 902 9
419 941 8
420 472 6
420 519 9
420 619 3
420 693 10
420 698 10
420 705 8
420 741 6
420 839 7
420 858 2
420 859 5
420 869 1
420 885 2
420 925 3
420 936 8
420 961 9
421 448 1
421 562 3
421 567 9
421 580 4
421 701 10
421 731 8
421 741 9
421 766 10
421 778 5
421 799 4
421 814 10
421 827 2
421 915 8
421 939 7
421 949 8
422 433 7
422 453 5
422 584 5
422 600 6
422 612 5
422 791 4
422 813 7
422 814 4
422 976 8
423 439 9
423 466 5
423 515 5
423 526 10
423 547 3
423 550 4
423 632 10
423 636 10
423 725 9
423 754 2
423 769 10
423 841 3
423 854 10
423 906 4
423 912 8
423 932 8
424 482 8
424 493 8
424 530 8
424 689 2
424 707 6
424 722 1
424 761 9
424 823 7
424 860 4
424 864 7
424 875 3
424 947 4
425 438 7
425 442 5
425 460 1
425 471 9
425 516 9
425 542 2
425 600 10
425 623 5
425 678 1
425 679 7
425 765 3
425 775 3
425 923 3
425 929 9
425 998 5
426 512 1
426 591 2
426 633 1
426 641 9
426 668 7
426 692 5
426 736 2
426 774 5
426 883 7
426 978 3
427 446 9
427 469 4
427 545 5
427 601 10
427 613 6
427 720 1
427 735 10
427 775 5
427 797 2
427 923 3
427 987 6
428 660 1
428 783 3
428 788 8
428 883 7
428 901 7
428 951 8
429 474 1
429 483 4
429 559 6
429 573 1
429 671 4
429 716 3
429 877 3
429 891 9
429 912 10
429 999 6
430 517 7
430 546 6
430 561 8
430 645 5
430 666 2
430 673 4
430 724 4
430 744 5
430 791 4
430 812 10
430 857 3
430 885 9
430 892 9
430 923 9
430 933 1
430 951 10
431 439 10
431 448 1
431 654 10
431 733 5
431 747 5
431 829 3
431 848 3
431 908 5
431 921 10
432 441 2
432 451 7
432 525 2
432 613 4
432 639 3
432 642 5
432 667 8
432 725 5
432 800 3
432 814 4
432 829 10
432 837 4
432 847 8
432 853 6
432 859 8
432 952 8
432 972 9
432 983 6
433 509 6
433 527 4
433 563 7
433 581 3
433 656 3
433 737 6
433 775 10
433 850 1
433 895 8
433 975 1
434 546 5
434 618 9
434 647 3
434 755 4
435 450 3
435 489 2
435 582 5
435 591 2
435 596 6
435 695 10
435 715 5
435 763 1
435 979 9
436 487 10
436 514 5
436 603 1
436 609 6
436 619 7
436 666 2
436 781 4
436 950 7
437 458 5
437 541 8
437 646 3
437 651 8
437 666 10
437 832 2
437 866 9
437 942 8
437 952 1
437 965 9
437 990 9
438 457 10
438 474 4
438 525 9
438 623 9
438 693 7
438 714 1
438 745 9
438 806 3
438 811 7
438 885 4
438 914 4
439 450 8
439 555 10
439 628 4
439 633 9
439 645 2
439 654 4
439 666 3
439 672 5
439 683 8
439 971 4
439 976 2
440 502 8
440 503 3
440 584 10
440 608 2
440 615 8
440 723 9
440 731 5
440 762 1
440 787 4
440 828 5
440 850 4
440 859 1
441 481 8
441 504 1
441 535 5
441 578 2
441 602 9
441 613 10
441 659 7
441 671 7
441 880 9
441 937 7
441 974 4
442 583 8
442 591 2
442 644 7
442 703 3
442 804 9
442 875 9
442 974 8
443 464 3
443 570 2
443 616 1
443 620 6
443 635 9
443 665 5
443 674 6
443 676 10
443 707 10
443 741 1
443 762 9
443 770 6
443 772 8
443 817 1
443 850 8
443 854 4
443 900 3
443 938 7
443 943 8
443 981 2
444 447 10
444 476 7
444 585 2
444 591 2
444 592 7
444 652 4
444 741 3
444 841 5
444 878 8
444 881 2
444 915 3
444 934 3
444 961 5
444 980 7
444 988 10
444 996 10
445 507 9
445 509 3
445 512 10
445 555 5
445 558 2
445 566 1
445 600 10
445 628 9
445 671 3
445 784 3
445 822 1
446 494 5
446 700 2
446 732 7
446 743 4
446 751 10
446 799 9
446 809 9
446 821 3
446 839 2
446 862 6
446 944 2
447 466 3
447 473 1
447 477 9
447 509 5
447 524 8
447 546 2
447 573 1
447 624 10
447 626 4
447 675 2
447 710 7
447 812 2
447 847 5
447 893 2
447 916 9
447 918 6
447 936 6
447 953 8
447 969 9
448 460 9
448 462 2
448 464 1
448 495 6
448 512 3
448 543 9
448 544 4
448 573 9
448 593 5
448 613 7
448 624 1
448 678 3
448 695 10
448 753 7
448 805 7
448 832 5
448 941 3
449 459 7
449 464 6
449 529 7
449 586 1
449 663 1
449 702 10
449 759 5
449 905 10
449 996 2
450 486 9
450 487 8
450 496 9
450 530 5
450 542 5
450 560 6
450 633 3
450 709 8
450 710 2
450 749 9
450 751 3
450 810 2
450 859 2
450 884 5
450 939 10
451 452 6
451 478 9
451 650 9
451 669 5
451 685 3
451 688 6
451 764 4
451 781 2
451 851 2
452 471 4
452 476 1
452 496 9
452 506 6
452 594 6
452 601 2
452 626 3
452 635 10
452 660 5
452 679 4
452 716 6
452 721 1
452 751 4
452 831 5
452 836 5
452 851 9
452 852 9
452 854 3
452 857 1
452 872 6
452 892 7
452 908 6
452 919 10
453 479 3
453 503 4
453 525 2
453 542 8
453 546 8
453 583 4
453 600 1
453 604 8
453 869 1
453 885 1
453 945 7
453 948 2
453 990 10
454 465 7
454 502 10
454 553 2
454 605 6
454 694 9
454 710 10
454 794 1
454 808 7
454 811 8
454 886 4
455 484 3
455 574 8
455 647 7
455 832 2
455 931 10
456 474 8
456 507 6
456 521 5
456 542 1
456 546 8
456 633 7
456 708 5
456 714 2
456 801 6
456 832 2
456 862 6
456 989 6
456 992 3
457 484 8
457 519 5
457 589 9
457 722 3
457 769 1
457 775 7
457 784 3
457 794 3
457 795 7
457 807 1
457 855 8
457 901 10
457 922 3
457 960 9
458 493 4
458 530 10
458 534 6
458 577 9
458 605 6
458 618 4
458 765 9
458 782 6
458 789 3
458 794 6
458 821 8
458 828 4
458 865 3
458 907 2
458 936 9
458 957 6
458 980 7
459 512 6
459 523 10
459 570 3
459 577 2
459 717 10
459 746 9
459 747 9
459 810 2
459 814 2
460 528 1
460 635 3
460 667 9
460 749 6
460 754 3
460 787 5
460 809 4
460 845 1
460 870 1
461 715 5
461 738 10
461 744 2
461 799 5
461 851 3
461 928 3
461 970 5
461 974 9
461 983 2
462 469 1
462 574 7
462 601 2
462 630 10
462 638 2
462 734 3
462 902 8
462 911 10
462 931 3
463 484 9
463 527 7
463 584 1
463 600 5
463 633 8
463 665 3
463 734 3
463 768 6
463 780 5
463 801 4
463 886 4
463 922 9
463 937 7
464 520 10
464 600 8
464 723 9
464 737 2
464 805 3
464 860 8
464 878 3
464 924 10
464 961 4
465 488 1
465 527 10
465 577 3
465 587 8
465 702 2
465 726 3
465 760 1
465 798 10
465 857 7
465 859 1
465 872 7
465 928 2
466 639 3
466 679 4
466 680 7
466 703 6
466 777 2
466 778 9
466 813 8
466 833 8
466 874 7
466 883 1
466 889 8
466 914 3
467 477 10
467 485 7
467 503 7
467 535 7
467 607 5
467 713 4
467 733 4
467 885 10
467 899 4
467 914 6
467 927 3
467 929 3
467 969 3
467 990 1
468 469 4
468 479 8
468 501 7
468 556 10
468 612 9
468 691 9
468 765 1
468 816 2
468 834 8
468 883 7
468 926 2
468 951 1
468 966 1
469 470 6
469 489 6
469 655 5
469 730 2
469 771 5
469 954 1
469 976 4
470 507 6
470 542 10
470 568 4
470 573 10
470 589 7
470 625 8
470 645 1
470 657 2
470 659 2
470 704 10
470 847 4
470 858 2
470 862 1
470 865 1
470 882 3
470 890 8
470 952 4
471 543 6
471 559 2
471 666 2
471 888 4
471 897 4
471 911 10
472 481 2
472 520 7
472 539 6
472 573 6
472 575 6
472 681 8
472 685 10
472 721 9
472 759 1
472 815 10
472 835 8
472 872 9
472 921 1
472 922 9
472 968 7
473 552 10
473 589 4
473 641 2
473 662 8
473 668 5
473 877 10
473 900 2
473 963 3
474 633 7
474 652 10
474 696 2
474 710 4
474 740 2
474 863 10
474 908 3
474 929 10
474 946 7
474 989 7
475 605 8
475 669 3
475 891 10
476 515 3
476 573 1
476 583 7
476 600 1
476 989 2
477 500 3
477 540 9
477 606 4
477 647 7
477 671 4
477 699 3
477 801 10
477 802 8
477 812 7
477 820 9
477 855 1
477 882 10
478 552 9
478 568 3
478 615 6
478 654 10
478 701 9
478 706 2
478 743 7
478 755 2
478 763 4
478 765 7
478 919 4
478 980 7
479 516 7
479 609 8
479 631 3
479 650 7
479 716 4
479 787 8
479 791 10
479 817 2
479 855 6
479 875 1
479 891 5
479 905 6
479 939 2
480 577 2
480 686 4
480 715 8
480 726 7
480 729 8
480 839 6
480 876 2
480 879 1
480 890 5
480 903 3
481 523 7
481 563 4
481 603 5
481 605 7
481 636 10
481 930 6
482 681 3
482 691 3
482 745 9
482 756 4
482 804 7
482 814 6
482 855 6
482 925 7
482 978 9
482 998 4
483 684 5
483 698 1
483 725 10
483 849 1
483 996 9
484 630 1
484 686 9
484 690 4
484 747 7
484 751 8
484 774 10
484 807 4
484 879 5
484 913 3
484 922 1
484 925 4
484 973 5
484 996 1
484 998 10
485 512 4
485 549 6
485 615 10
485 731 5
485 760 5
485 779 8
485 853 5
485 871 1
485 930 1
486 515 8
486 559 2
486 613 8
486 629 7
486 668 2
486 670 5
486 672 3
486 686 6
486 703 1
486 728 6
486 825 2
486 905 5
486 922 6
486 966 6
486 971 6
487 549 1
487 622 9
487 636 3
487 646 6
487 676 1
487 792 9
487 958 3
488 571 7
488 608 8
488 638 8
488 816 6
488 832 4
488 849 2
488 862 4
488 955 4
488 959 5
488 995 10
489 557 7
489 584 7
489 784 1
489 993 10
490 510 3
490 516 2
490 726 9
490 879 5
490 938 8
490 950 10
491 525 8
491 562 9
491 588 7
491 599 2
491 709 1
491 764 1
491 804 4
491 848 8
491 863 9
491 874 8
491 883 10
491 975 2
492 516 6
492 596 2
492 651 8
492 713 3
492 742 5
492 821 2
492 869 6
492 942 1
492 970 3
492 986 9
493 532 3
493 662 3
493 818 5
493 940 7
494 525 2
494 577 10
494 582 2
494 731 4
494 745 9
494 780 2
494 840 2
494 862 9
494 972 5
494 994 10
494 999 1
495 561 7
495 596 7
495 600 3
495 627 9
495 658 4
495 709 7
495 810 6
495 857 8
495 890 2
495 898 10
496 511 3
496 528 10
496 629 6
496 656 6
496 690 7
496 697 2
496 738 9
496 824 10
496 836 3
496 876 6
496 888 5
496 972 5
497 499 1
497 531 10
497 537 6
497 566 5
497 579 1
497 700 9
497 713 8
497 797 7
497 936 4
497 952 8
498 559 1
498 571 9
498 594 6
498 605 6
498 720 1
498 750 6
498 770 6
498 805 6
498 840 6
498 866 9
498 868 6
498 966 2
498 983 9
499 568 4
499 647 5
499 659 3
499 697 8
499 714 5
499 721 6
499 730 3
499 967 1
499 984 5
500 508 7
500 515 10
500 585 10
500 587 9
500 679 3
500 690 4
500 691 9
500 752 9
500 776 10
500 867 5
500 887 6
500 927 9
500 967 7
500 991 10
501 533 9
501 588 2
501 610 5
501 620 9
501 623 5
501 650 8
501 690 9
501 734 8
501 805 3
501 832 5
501 948 8
501 955 3
502 510 3
502 609 7
502 617 3
502 622 10
502 627 8
502 683 9
502 734 3
502 950 3
502 960 6
502 974 4
503 519 1
503 562 8
503 567 10
503 584 4
503 632 1
503 696 5
503 818 9
504 536 7
504 571 4
504 750 6
504 919 5
504 934 10
504 959 5
504 979 9
505 717 1
505 741 2
505 790 7
505 895 10
505 983 6
506 543 3
506 718 2
506 731 2
506 813 5
506 892 9
506 903 5
506 988 9
506 991 7
507 545 1
507 617 2
507 686 10
507 706 9
507 776 2
507 784 1
507 850 8
508 549 1
508 602 4
508 617 9
508 629 3
508 648 5
508 676 9
508 802 6
508 854 10
508 873 1
508 901 10
508 963 2
509 551 8
509 699 9
509 731 6
509 754 10
509 829 5
509 860 1
509 875 2
509 909 4
509 962 4
509 970 9
510 512 1
510 518 1
510 525 2
510 528 3
510 643 5
510 681 7
510 709 9
510 732 8
510 741 1
510 820 4
510 833 8
510 870 4
510 897 2
511 568 1
511 634 4
511 858 6
511 891 6
512 567 10
512 753 8
512 811 2
512 824 5
512 845 8
512 858 2
512 923 2
513 552 9
513 566 5
513 574 2
513 582 1
513 593 10
513 601 6
513 722 1
513 751 8
513 776 3
513 867 10
513 930 8
513 941 3
513 945 6
513 996 7
514 532 7
514 582 5
514 704 6
514 735 10
514 765 6
514 773 2
514 782 4
514 783 6
514 810 1
514 829 8
514 837 7
514 935 2
515 588 5
515 622 2
515 656 7
515 688 10
515 788 7
515 893 1
515 909 2
515 925 8
515 944 10
515 980 1
516 535 8
516 553 1
516 567 1
516 680 2
516 681 7
516 708 8
516 715 9
516 784 5
516 837 6
516 854 6
516 927 1
516 938 10
516 950 7
517 532 6
517 609 6
517 694 4
517 710 5
517 782 4
517 826 3
517 958 1
517 977 4
518 564 7
518 574 1
518 630 4
518 649 5
518 857 1
518 872 4
518 948 7
519 523 1
519 592 1
519 644 5
519 653 3
519 656 10
519 688 1
519 718 3
519 766 2
519 834 4
519 855 10
519 927 4
520 550 3
520 554 9
520 689 9
520 713 4
520 742 7
520 787 10
520 821 9
520 823 10
520 843 7
520 859 3
520 904 1
521 666 6
521 738 2
521 777 5
521 800 8
521 801 6
521 855 8
521 876 10
521 918 4
521 942 9
521 982 4
522 527 4
522 543 10
522 583 6
522 649 6
522 698 7
522 711 4
522 720 2
522 722 9
522 792 2
522 861 8
522 882 9
523 584 9
523 596 6
523 619 2
523 663 4
523 664 3
523 738 7
523 757 6
523 786 1
523 822 6
523 856 3
523 862 9
524 615 9
524 646 6
524 710 8
524 718 7
524 828 10
524 911 3
524 921 8
525 541 3
525 563 7
525 629 7
525 651 4
525 702 5
525 764 6
525 808 10
525 820 10
525 823 5
525 840 7
525 902 6
525 924 10
525 947 1
526 581 9
526 636 1
526 679 1
526 806 10
526 911 10
526 973 7
526 978 5
526 991 8
526 996 8
527 562 2
527 789 9
527 841 8
527 912 1
527 948 4
527 984 7
528 632 5
528 668 8
528 670 3
528 675 8
528 720 7
528 759 7
528 808 7
528 912 9
528 924 2
528 945 8
528 968 2
529 542 2
529 551 3
529 626 8
529 644 3
529 670 3
529 683 9
529 718 4
529 763 10
529 900 9
529 916 7
529 947 6
529 984 7
529 986 10
529 988 10
530 560 2
530 639 3
530 651 4
530 704 5
530 740 8
530 755 10
530 771 8
530 823 10
530 825 6
530 870 6
530 896 8
530 900 10
531 599 2
531 675 4
531 702 2
531 705 1
531 717 5
531 718 3
531 742 8
531 814 2
531 828 8
531 857 5
531 924 6
531 989 4
532 544 9
532 545 4
532 582 8
532 701 3
532 712 10
532 745 4
532 771 2
532 773 2
532 816 5
532 821 5
532 826 7
532 897 3
532 916 1
532 943 2
532 972 4
533 586 5
533 600 1
533 705 5
533 709 4
533 712 7
533 736 5
533 761 3
533 838 3
533 849 2
533 916 2
533 940 8
533 944 2
533 949 9
533 985 9
534 569 10
534 574 6
534 852 4
534 882 6
534 917 6
534 921 8
534 937 6
534 947 9
534 975 7
535 634 8
535 660 8
535 712 7
535 822 5
535 843 10
535 928 2
535 934 3
535 936 7
535 938 9
535 939 9
535 962 3
535 976 4
535 988 9
536 540 4
536 550 7
536 559 4
536 596 2
536 603 6
536 630 6
536 640 1
536 672 5
536 732 1
536 734 5
536 753 7
536 783 10
536 839 4
536 848 9
536 879 4
536 886 4
536 922 4
537 540 5
537 811 10
538 766 3
538 843 7
538 860 6
538 901 6
539 602 8
539 620 7
539 624 9
539 625 10
539 630 1
539 635 8
539 733 1
539 896 8
539 925 6
539 941 3
539 944 7
539 973 1
540 625 7
540 681 7
540 747 10
540 755 4
540 781 8
540 900 5
540 928 7
540 999 1
541 579 7
541 600 2
541 659 4
541 750 3
541 952 10
541 989 5
541 998 6
542 629 9
542 726 4
542 740 2
542 759 7
542 893 8
543 572 9
543 618 7
543 628 4
543 695 7
543 735 9
543 747 7
543 812 8
543 934 3
543 944 7
543 964 2
544 564 3
544 585 4
544 644 3
544 662 8
544 681 7
544 691 7
544 724 2
544 760 4
544 776 1
544 800 2
544 825 2
544 838 7
544 850 4
544 897 1
544 997 4
545 557 5
545 747 2
545 795 1
545 851 3
545 913 1
545 925 1
545 930 1
546 581 3
546 659 5
546 689 8
546 701 4
546 824 9
546 840 2
546 846 5
546 872 5
546 945 4
547 548 1
547 594 6
547 705 2
547 734 3
547 749 2
547 775 4
547 826 6
547 922 7
547 937 6
547 956 8
548 561 8
548 593 9
548 683 6
548 746 10
548 797 8
548 803 1
548 848 9
548 888 5
548 900 8
549 576 6
549 598 1
549 622 1
549 738 6
549 743 7
549 778 1
549 785 3
549 810 7
549 815 4
549 822 7
549 838 6
549 899 10
549 986 1
550 551 10
550 553 2
550 557 10
550 640 3
550 706 2
550 757 7
550 776 3
550 778 9
550 793 4
550 836 4
550 876 5
550 886 1
550 909 3
551 587 4
551 619 3
551 623 4
551 718 4
551 736 7
551 787 3
551 795 9
551 980 3
552 601 4
552 662 4
552 786 5
552 869 10
552 972 9
553 761 2
553 880 7
553 959 4
553 978 9
553 981 10
553 987 9
553 993 5
554 594 3
554 650 2
554 657 6
554 811 3
554 814 2
554 842 7
554 906 6
554 907 4
554 926 1
554 937 8
554 968 2
555 594 10
555 629 9
555 658 2
555 714 7
556 618 3
556 626 1
556 682 6
556 752 8
556 943 1
556 948 1
556 987 6
557 568 6
557 587 1
557 621 3
557 708 5
557 728 5
557 779 7
557 821 8
557 832 8
557 855 3
557 912 7
557 926 4
557 945 7
557 966 1
558 654 6
558 708 6
558 750 10
558 824 3
558 832 7
558 844 8
558 876 1
559 577 7
559 778 8
559 780 10
559 851 8
559 891 9
560 565 5
560 568 9
560 668 5
560 776 7
560 843 8
560 945 6
561 569 2
561 633 8
561 757 3
561 925 7
561 954 7
562 571 10
562 591 3
562 628 3
562 695 8
562 715 2
562 755 2
562 764 8
562 794 8
562 809 9
562 861 6
562 864 9
562 920 8
562 999 2
563 658 1
563 788 3
563 817 3
563 828 9
563 830 10
563 921 7
563 934 8
563 963 10
563 967 4
563 992 1
564 613 7
564 626 3
564 725 8
564 738 1
564 754 8
564 759 8
564 782 2
564 812 8
564 840 4
564 872 6
564 873 2
564 907 10
565 652 2
565 657 9
565 669 6
565 683 4
565 739 10
565 959 4
566 643 10
566 651 1
566 698 7
566 715 1
566 731 6
566 799 7
566 820 5
566 906 2
566 956 7
566 966 2
567 615 7
567 640 2
567 657 4
567 727 10
567 852 6
567 937 8
567 942 5
568 579 5
568 602 8
568 618 6
568 675 10
568 695 8
568 698 6
568 715 5
568 765 10
568 792 1
568 800 9
568 829 3
568 875 3
568 903 8
568 950 8
568 961 2
568 993 1
569 632 6
569 659 10
569 678 8
569 699 7
569 721 2
569 729 3
569 804 2
569 856 5
570 586 6
570 753 4
570 887 10
570 890 5
570 977 2
570 987 7
571 759 3
571 895 8
571 960 10
572 654 3
572 707 7
572 724 10
572 725 5
572 731 4
572 734 5
572 753 1
572 770 10
572 804 4
572 809 5
572 834 9
572 842 5
572 856 1
572 882 1
572 927 7
572 928 4
572 939 9
572 944 4
572 949 9
572 982 9
573 576 5
573 704 9
573 728 1
573 738 2
573 754 5
573 802 10
573 878 5
573 942 5
574 625 3
574 632 3
574 657 2
574 719 10
574 825 7
574 948 6
575 643 3
575 698 2
575 729 1
575 798 5
575 843 5
575 856 6
575 891 10
575 951 8
575 963 7
575 998 10
576 678 5
576 747 9
576 851 4
577 617 5
577 660 10
577 839 2
577 862 8
577 915 3
577 926 8
577 991 4
577 995 10
578 596 10
578 687 4
578 692 10
578 731 2
578 753 3
578 944 5
578 958 8
579 623 1
579 682 10
579 694 10
579 818 6
579 898 3
579 908 2
579 942 1
580 659 5
580 804 8
580 838 5
580 897 6
580 929 7
580 959 7
580 960 5
581 723 7
581 842 10
581 966 6
582 607 5
582 665 9
582 685 4
582 703 10
582 727 7
582 744 5
582 761 7
582 762 10
582 815 6
582 846 5
582 901 4
582 958 5
583 739 2
583 779 7
583 781 9
583 782 8
583 793 2
583 803 10
583 888 6
583 893 1
583 898 4
583 941 7
583 955 6
584 590 7
584 603 8
584 608 6
584 619 10
584 690 3
584 743 3
584 834 6
584 843 8
584 844 10
584 861 5
584 899 4
584 921 2
584 941 3
584 965 5
584 966 4
585 596 6
585 602 2
585 675 5
585 849 1
585 889 10
585 958 2
585 972 2
586 649 1
586 840 1
586 917 7
586 942 5
587 590 9
587 624 3
587 644 3
587 714 8
587 717 10
587 734 10
587 853 10
588 635 2
588 646 8
588 653 1
588 943 6
588 980 10
589 617 5
589 707 1
589 734 5
589 764 5
589 776 4
589 894 4
589 969 5
590 605 9
590 612 8
590 613 3
590 622 7
590 702 8
590 853 4
590 925 8
590 952 4
590 965 6
591 727 10
591 774 7
591 834 6
592 658 3
592 677 4
592 707 1
592 710 5
592 784 3
592 877 9
592 909 6
592 915 7
593 608 5
593 695 8
593 754 4
593 832 7
593 843 7
593 891 2
593 906 5
593 957 9
593 960 10
593 968 6
594 643 9
594 693 7
594 718 8
594 730 5
594 860 7
594 866 6
594 881 7
595 695 10
595 697 10
595 782 9
595 851 4
595 998 10
596 663 9
596 703 4
596 723 3
596 743 5
596 747 6
596 798 6
596 821 3
596 865 4
596 882 4
596 962 8
596 967 1
597 717 2
597 849 4
597 948 5
597 991 6
597 999 8
598 755 2
598 757 3
598 759 1
598 827 5
598 858 8
598 925 2
598 998 8
599 651 4
599 655 8
599 671 10
599 699 2
599 780 2
599 808 3
599 818 7
599 957 10
599 966 8
600 763 8
600 801 4
600 906 9
600 993 9
601 621 5
601 657 9
601 693 5
601 793 5
601 804 1
601 913 5
601 934 1
602 671 9
602 673 8
602 760 6
602 789 5
603 630 6
603 643 4
603 676 1
603 828 8
603 877 10
603 955 2
603 992 5
604 607 6
604 640 9
604 650 5
604 680 8
604 828 2
604 847 7
604 959 5
605 620 9
605 645 5
605 736 9
605 855 3
605 924 5
605 956 4
605 986 8
606 654 8
606 683 8
606 741 7
606 775 10
606 820 8
606 833 10
606 868 4
606 919 3
607 715 10
607 813 5
607 829 8
607 835 8
607 853 5
607 873 6
607 971 10
608 667 4
608 729 6
608 747 9
608 866 8
608 982 1
609 633 10
609 674 6
609 712 5
609 730 10
609 774 2
609 779 3
609 816 4
609 831 7
609 957 7
609 981 5
609 993 4
610 679 4
610 690 8
610 707 4
610 745 10
610 859 3
610 868 5
610 955 3
610 960 2
610 985 2
610 988 1
611 682 2
611 686 8
611 780 2
611 853 2
611 868 5
611 986 4
611 989 2
612 627 5
612 693 4
612 704 4
612 710 10
612 753 2
612 818 6
612 827 3
612 845 5
612 854 4
612 858 2
612 996 4
613 720 10
613 734 2
613 736 1
613 758 7
613 768 6
613 838 10
613 846 10
613 857 6
613 866 10
613 886 10
613 975 1
614 707 2
614 774 9
614 874 10
614 884 5
614 937 8
614 979 10
615 681 3
615 703 10
615 739 8
615 757 9
615 760 7
615 776 4
615 913 8
615 925 1
616 634 2
616 646 8
616 663 9
616 664 2
616 671 7
616 692 3
616 738 4
616 827 6
616 880 7
616 956 8
616 962 3
616 996 4
617 628 7
617 670 9
617 740 8
617 754 9
617 810 6
617 822 9
617 873 9
617 931 4
617 932 1
618 714 10
618 756 7
618 761 10
618 790 1
618 799 6
618 820 1
618 840 1
618 852 5
618 896 2
618 913 2
619 624 3
619 641 7
619 663 9
619 716 8
619 742 2
619 751 10
619 768 9
619 838 2
619 890 1
619 898 10
620 662 5
620 671 8
620 687 5
620 688 3
620 755 1
620 868 6
620 872 1
620 904 4
620 933 5
620 957 10
621 632 5
621 765 2
621 813 10
621 881 4
621 933 6
621 986 5
622 634 6
622 659 3
622 686 4
622 724 2
622 773 2
622 809 2
622 836 7
622 914 6
622 928 10
622 974 5
623 644 4
623 712 8
623 748 8
623 765 8
623 773 7
623 877 3
623 942 1
623 951 2
623 957 7
623 987 5
624 685 6
624 698 6
624 702 3
624 704 1
624 847 5
624 970 5
625 665 6
625 689 8
625 698 1
625 708 10
625 914 4
625 979 8
626 644 10
626 723 7
626 724 10
626 749 5
626 863 9
626 904 2
627 652 8
627 669 5
627 691 5
627 712 7
627 746 1
627 784 6
627 809 5
627 890 6
627 918 5
628 634 4
628 719 8
628 834 7
628 920 5
629 641 10
629 669 1
629 699 9
629 712 3
629 864 4
629 881 1
629 940 4
630 665 8
630 685 10
630 723 5
630 820 4
630 912 8
630 945 3
630 960 9
631 657 1
631 665 2
631 763 10
631 828 9
631 866 6
631 981 7
631 991 4
632 645 7
632 670 7
632 693 3
632 700 6
632 720 8
632 809 9
632 816 4
632 857 6
632 878 10
632 898 4
632 906 10
632 941 3
633 636 2
633 758 2
633 773 1
633 941 6
633 953 3
633 980 3
634 639 3
634 647 4
634 722 6
634 785 9
634 790 1
634 810 2
634 852 5
634 953 2
634 986 7
635 692 1
635 761 8
635 770 9
635 848 1
635 875 9
635 909 10
635 967 8
635 974 1
636 710 7
636 797 5
636 893 5
636 920 7
637 657 10
637 697 4
637 706 3
637 732 9
637 808 7
637 836 3
637 863 4
637 930 2
637 954 4
638 716 10
638 749 8
638 763 8
638 765 8
638 784 3
638 839 7
638 870 5
638 896 5
638 994 10
639 662 1
639 663 10
639 704 3
639 798 6
639 831 2
639 858 8
639 882 4
639 905 4
639 908 9
640 641 4
640 667 1
640 687 10
640 694 2
640 701 2
640 737 6
640 919 10
641 863 8
641 888 9
641 963 2
641 997 5
642 651 7
642 679 10
642 680 10
642 695 9
642 793 4
642 919 1
643 680 6
643 834 4
643 841 9
643 961 3
644 685 6
644 693 7
644 702 9
644 744 1
644 838 6
644 910 6
644 915 7
644 981 3
645 720 6
645 729 1
645 776 1
645 876 7
645 913 10
646 690 5
646 784 6
646 879 10
646 947 1
647 697 4
647 737 2
647 757 10
647 897 10
647 916 9
647 972 9
648 667 4
648 675 3
648 865 7
648 967 3
649 715 10
649 766 9
649 780 1
649 797 6
649 828 8
649 956 9
650 653 5
650 756 2
650 901 7
650 950 9
650 978 3
651 788 8
651 793 7
651 816 4
651 834 6
651 964 6
652 730 9
652 849 9
652 906 7
652 930 1
653 710 5
653 715 5
653 898 9
654 685 8
654 705 3
654 731 9
654 737 7
654 761 2
654 779 9
654 827 10
654 912 1
654 921 1
654 946 3
654 953 9
655 787 2
655 801 5
655 850 10
655 860 4
655 881 3
655 911 3
656 972 5
657 697 8
657 856 5
658 754 10
658 838 9
658 861 10
658 947 2
659 670 1
659 694 3
659 759 10
659 837 2
659 998 1
660 726 6
660 754 2
660 834 4
660 956 5
660 964 4
661 674 3
661 697 8
661 742 9
661 768 7
661 861 2
661 926 5
661 947 10
661 976 3
662 686 8
662 762 1
662 833 6
662 858 8
662 884 5
662 966 7
663 671 9
663 739 7
663 869 3
663 898 7
664 822 6
664 871 6
664 912 1
664 924 2
664 950 9
664 986 3
664 999 2
665 717 1
665 728 4
665 741 4
665 794 10
665 839 5
665 858 8
665 962 10
665 973 10
666 728 3
666 746 4
666 785 5
666 830 5
666 844 6
667 689 10
667 726 2
667 728 4
667 781 4
667 799 6
667 807 7
667 882 8
667 887 4
667 966 10
667 992 4
668 686 3
668 743 5
668 769 3
668 792 3
668 819 6
668 848 1
668 855 6
668 895 6
668 983 4
669 723 8
669 819 3
669 934 3
669 966 4
670 683 5
670 699 9
670 714 8
670 794 6
670 815 3
670 867 4
670 887 6
670 977 2
671 745 10
671 756 4
671 800 5
671 805 3
671 857 4
671 868 10
671 896 6
671 921 9
671 969 7
671 979 6
671 982 1
672 688 2
672 700 6
672 727 1
672 856 3
672 865 7
672 879 8
672 984 3
672 985 1
673 685 9
673 737 9
673 753 3
673 792 5
673 793 8
673 836 3
673 889 3
673 894 8
673 928 7
673 950 6
673 992 5
674 687 5
674 704 7
674 712 8
674 776 8
674 817 4
674 852 5
674 927 9
674 974 6
675 702 2
675 715 8
675 724 3
675 743 5
675 763 2
675 812 2
675 815 9
675 866 5
675 880 6
676 702 9
676 721 3
676 833 7
677 770 4
677 901 1
677 933 2
677 968 8
677 981 8
677 993 7
678 768 2
678 827 6
678 830 1
678 837 8
678 929 8
678 966 3
679 732 4
679 740 1
679 759 7
679 778 5
679 804 6
679 815 7
679 927 7
679 929 8
679 937 8
679 960 8
680 796 1
680 884 5
680 934 10
680 979 2
681 737 9
681 785 6
681 866 3
681 947 5
681 993 3
682 776 4
682 837 5
682 909 1
682 987 1
682 988 4
683 762 1
683 773 4
683 810 4
683 912 7
683 997 9
684 857 8
684 866 4
684 900 3
684 997 6
684 998 2
685 810 8
685 881 2
685 918 8
686 687 7
686 713 5
686 772 1
686 813 2
686 854 2
686 985 5
687 740 2
687 767 10
687 825 2
687 957 6
687 959 6
687 968 3
688 703 5
688 751 3
688 772 10
688 818 9
688 820 4
688 863 4
688 884 5
688 920 7
689 862 6
689 890 10
689 892 5
689 937 2
689 949 4
690 804 1
690 820 10
690 870 6
690 884 5
690 962 5
690 994 6
691 780 6
691 788 1
691 823 2
691 845 1
691 870 7
691 917 1
691 945 4
692 848 6
692 863 2
692 905 7
692 919 4
693 711 6
693 742 1
693 758 10
693 766 1
693 767 9
693 771 6
693 774 4
693 785 4
693 792 1
693 835 8
693 837 3
693 884 5
693 887 10
693 905 9
693 911 3
693 972 9
693 984 8
694 712 5
694 717 5
694 920 8
694 979 9
694 998 6
695 744 7
695 767 10
695 770 7
695 789 3
695 850 8
695 879 4
695 905 6
695 961 9
696 775 5
696 828 6
696 829 6
696 832 8
696 899 4
696 947 6
696 980 3
697 813 5
697 816 3
697 891 6
697 899 7
698 903 4
698 987 5
699 769 1
699 788 6
699 794 6
699 883 5
699 930 9
699 989 2
700 733 7
700 748 4
700 824 2
700 985 1
701 726 9
701 772 8
701 793 6
701 827 1
701 944 2
701 946 7
701 981 3
702 733 8
702 741 1
702 743 7
702 770 10
702 776 6
702 782 9
702 911 7
702 919 9
702 946 10
703 708 4
703 710 2
703 717 9
703 765 9
703 879 5
703 898 7
704 869 6
704 896 9
704 949 9
704 953 4
705 725 6
705 779 2
705 780 10
705 828 8
705 959 5
705 984 10
705 994 6
706 772 3
706 803 10
706 810 6
706 811 9
706 857 9
707 727 3
707 764 8
707 810 10
707 816 4
707 899 7
707 914 9
708 713 4
708 718 10
708 740 10
708 759 2
708 819 5
708 865 1
708 897 4
708 901 1
708 925 4
708 959 4
708 990 8
709 731 4
709 934 2
709 987 1
710 735 2
710 846 9
710 851 8
710 916 6
710 928 9
710 930 4
710 957 4
711 816 4
711 819 2
711 946 8
712 719 3
712 751 4
712 834 2
712 842 5
712 944 6
712 951 4
712 975 6
713 715 5
713 732 8
713 800 1
713 847 5
713 862 3
713 894 8
713 903 4
713 942 1
713 978 6
714 718 6
714 784 6
714 819 7
714 822 9
714 862 10
715 734 6
715 876 5
715 887 2
715 923 3
715 981 3
716 765 8
716 776 8
716 790 9
716 860 10
716 925 3
716 953 2
716 982 6
717 742 9
717 768 4
717 808 10
717 831 5
718 782 2
718 806 6
718 844 9
718 879 5
718 885 8
718 896 10
718 975 8
718 994 1
719 752 9
719 902 5
719 955 5
719 993 8
720 740 3
720 796 9
720 811 6
720 812 1
720 918 10
720 956 5
720 980 6
721 729 3
721 732 8
721 738 7
721 748 2
721 801 3
722 821 9
722 851 6
722 858 9
722 870 8
722 928 6
723 799 9
723 907 8
723 989 2
724 752 4
724 877 2
724 916 5
724 938 6
725 740 3
725 746 5
725 928 6
725 948 1
726 775 5
726 779 7
726 784 10
726 792 3
726 902 5
726 975 10
727 763 4
727 813 1
727 834 1
727 936 1
727 959 10
728 768 2
728 842 9
728 848 1
728 911 7
729 732 2
729 740 5
729 767 5
729 798 7
729 919 5
730 736 4
730 763 8
730 886 8
730 912 7
730 919 10
730 966 3
731 740 1
731 742 9
731 763 1
731 765 3
731 775 5
731 926 7
731 948 2
731 991 7
732 756 6
732 792 9
732 926 6
732 939 7
732 944 5
732 989 8
733 752 10
733 778 7
733 796 1
733 823 5
733 906 6
733 926 10
733 974 4
734 777 8
734 810 10
734 816 4
734 817 10
734 823 2
734 901 1
735 746 6
735 754 1
735 831 6
735 863 1
735 889 1
735 920 9
735 972 6
735 978 2
736 765 10
736 776 7
736 806 2
736 841 1
736 906 4
736 942 8
736 955 8
737 777 8
737 817 8
737 824 9
737 906 9
737 930 8
737 962 3
737 970 4
737 980 7
738 774 6
738 867 8
738 913 6
738 963 9
739 774 1
739 778 9
739 792 1
739 839 3
739 861 9
739 894 6
740 752 8
740 858 5
740 983 4
741 844 4
741 896 6
741 971 9
742 754 5
742 763 5
742 796 4
742 864 6
742 895 3
742 897 4
742 986 10
742 987 9
743 777 1
743 828 5
743 840 8
743 989 7
744 764 3
744 895 5
744 939 5
744 974 10
744 987 6
745 849 8
746 769 10
746 843 8
746 868 9
747 756 9
747 764 7
747 896 10
747 921 7
747 961 6
748 840 5
748 896 7
748 986 10
749 797 10
749 993 5
750 773 8
750 801 4
750 805 10
750 825 3
750 871 10
750 999 2
751 841 3
751 848 4
751 853 2
751 869 3
751 926 8
751 973 7
752 763 9
752 791 9
753 855 10
754 802 4
754 926 8
755 793 5
755 815 6
755 821 10
755 873 6
755 887 7
755 954 5
755 979 6
756 762 3
756 789 2
756 868 2
756 890 1
756 892 2
756 966 4
756 979 7
758 822 4
758 872 9
758 887 2
758 893 9
758 943 10
759 790 4
759 857 2
760 768 7
760 774 8
760 851 2
760 880 2
760 885 1
760 903 10
760 906 8
760 916 5
760 918 5
760 974 9
761 850 10
761 916 10
761 956 8
761 976 5
762 770 6
762 829 8
762 860 4
762 869 9
762 888 8
763 784 10
763 832 7
763 893 2
763 980 7
764 815 1
764 817 9
764 931 7
764 952 7
764 998 9
765 786 9
765 856 6
765 883 4
765 927 10
765 993 3
766 779 6
766 790 3
766 855 9
766 865 7
766 866 3
766 871 2
766 881 1
766 959 6
766 973 7
766 985 5
767 791 4
767 865 5
767 949 10
768 886 1
768 914 2
768 952 3
769 995 3
770 897 4
770 956 6
771 799 2
771 823 8
771 830 6
771 901 8
771 958 5
771 959 6
771 963 1
772 780 9
772 829 2
772 830 9
772 854 7
772 915 4
772 916 4
772 930 7
773 785 5
773 810 4
773 854 9
773 965 1
773 976 3
774 824 1
774 851 8
774 855 6
774 869 1
774 900 6
774 925 6
774 927 4
775 793 5
775 836 4
775 909 7
775 936 9
775 938 5
776 861 4
776 944 2
777 922 4
777 988 10
778 800 9
778 826 2
778 854 4
778 931 7
778 962 6
779 810 1
779 920 5
780 786 9
780 793 3
780 828 8
780 865 3
780 873 10
780 962 9
781 816 2
781 859 3
782 844 7
782 913 6
782 966 3
782 997 7
783 952 9
784 797 1
784 816 5
784 885 5
784 898 7
784 907 1
784 946 7
785 812 4
785 828 7
785 844 7
785 912 4
786 819 6
786 879 7
786 882 2
786 887 10
786 896 6
786 939 1
786 963 6
786 969 8
786 971 8
786 992 6
787 788 3
787 839 1
787 855 3
787 860 1
787 883 7
787 931 8
788 872 7
788 881 5
788 917 6
788 972 9
788 987 10
789 800 8
789 826 4
789 846 9
789 922 3
789 941 6
789 983 10
790 791 3
790 805 8
790 823 1
790 877 3
790 894 4
790 923 2
791 818 4
791 894 8
792 884 1
792 924 5
792 926 7
792 969 2
793 876 9
793 893 9
794 798 5
794 845 8
794 868 1
794 939 5
794 940 1
794 978 10
794 997 2
795 857 5
795 976 4
795 994 1
796 826 7
796 827 10
796 922 6
797 814 7
797 835 10
797 843 3
797 853 6
797 947 9
798 825 1
798 922 9
798 955 8
798 979 9
799 854 4
799 864 10
799 929 1
799 938 5
799 941 1
799 984 8
800 902 6
800 920 9
800 960 1
800 974 9
800 977 4
800 982 7
802 841 7
802 853 7
802 854 3
802 891 3
802 895 1
802 971 10
803 859 2
803 864 6
803 885 9
803 984 7
804 855 5
804 863 2
804 880 4
804 950 4
805 887 4
805 935 10
805 975 2
805 990 9
806 877 10
806 895 3
806 948 3
806 958 7
807 904 5
807 942 9
807 976 8
808 845 2
808 854 9
808 872 6
808 898 6
808 928 7
808 937 4
809 958 7
810 819 4
810 864 8
810 888 4
811 832 7
811 845 9
811 938 9
812 842 1
812 917 7
813 835 1
813 925 8
813 950 10
814 917 4
814 945 9
815 827 7
815 887 9
815 933 10
815 965 7
816 932 3
816 987 10
816 994 3
817 902 6
817 975 5
818 820 3
818 837 7
818 903 6
818 974 1
819 823 4
819 906 6
820 903 5
820 973 6
821 849 4
821 857 5
821 952 6
822 948 3
823 845 7
823 937 7
824 879 5
824 904 8
824 906 8
824 927 2
825 882 10
826 840 5
826 875 3
826 879 8
826 911 3
826 986 2
827 862 5
827 873 6
827 897 9
827 934 5
827 997 5
828 860 3
828 893 5
829 841 6
829 851 9
829 859 8
829 896 8
830 831 3
830 847 5
830 855 9
830 885 2
830 923 6
831 897 1
831 923 8
831 963 2
831 989 5
832 844 2
832 864 6
832 886 3
832 948 5
833 837 4
833 869 3
833 884 7
833 957 8
833 987 3
834 844 10
835 839 9
835 860 6
835 906 3
835 912 3
835 974 6
835 983 8
836 845 4
836 858 4
836 892 3
837 852 10
837 892 2
837 896 8
837 899 6
837 991 5
838 840 3
838 883 10
838 974 9
839 866 7
839 929 2
840 878 2
840 990 5
840 996 7
841 894 5
842 986 7
842 996 7
843 861 3
843 883 3
843 910 4
844 863 1
844 903 5
844 909 1
844 920 5
844 981 4
844 990 4
845 854 1
845 921 9
845 944 9
846 856 6
846 920 1
846 937 1
846 957 3
847 883 8
847 944 3
847 960 7
848 954 2
848 969 6
848 983 4
849 879 3
849 890 4
849 905 3
849 956 7
849 970 3
850 875 3
851 994 8
851 998 8
852 957 5
852 962 5
852 989 10
853 856 8
853 862 8
853 981 7
854 878 5
854 880 8
854 906 10
854 907 6
854 909 2
854 959 8
855 887 8
855 938 3
855 958 3
856 955 1
856 994 8
857 917 5
857 938 3
857 972 2
857 987 9
859 995 6
860 901 3
860 935 10
860 978 1
861 864 10
861 900 10
862 874 4
862 878 1
862 891 8
862 933 4
862 950 7
862 983 3
863 875 10
863 893 9
863 930 2
863 948 1
863 964 5
863 972 2
864 924 1
864 949 4
865 889 6
865 926 10
865 951 6
866 882 10
866 908 3
866 922 6
866 939 3
866 947 6
866 960 1
866 984 1
867 917 6
868 875 7
868 890 7
868 964 4
868 997 10
869 924 4
869 990 10
869 993 5
870 892 10
870 895 6
870 940 5
871 931 1
871 991 6
872 878 5
872 898 9
872 899 6
873 908 5
873 919 3
874 877 4
874 881 1
874 987 6
874 995 1
875 906 7
875 941 8
876 882 5
876 960 5
877 880 5
877 895 2
877 932 2
877 951 4
877 981 10
878 921 9
878 925 1
879 917 6
879 921 3
879 954 9
879 969 5
880 998 3
881 935 9
882 891 1
883 948 10
883 977 10
884 898 3
884 943 8
885 961 1
885 988 7
886 933 10
886 935 8
887 895 9
887 938 4
887 989 2
888 950 3
888 957 10
888 971 8
888 979 4
888 999 6
889 910 9
889 994 7
890 947 4
890 990 6
890 998 9
892 955 9
893 970 2
893 994 4
894 975 6
894 977 7
895 926 4
896 962 2
897 909 1
898 981 7
899 924 8
899 955 5
899 975 2
899 976 6
899 985 6
900 993 1
901 913 5
901 915 2
901 986 6
902 905 1
903 911 10
903 990 1
904 966 2
904 989 7
905 914 7
905 935 6
905 944 7
905 983 8
905 999 2
906 950 2
907 962 6
908 953 8
908 974 6
909 938 8
909 940 3
909 990 9
909 999 2
910 934 4
912 961 1
912 967 5
912 984 3
913 920 4
913 951 1
913 954 1
913 958 9
913 989 4
914 978 4
914 997 9
915 932 10
915 980 9
916 928 10
916 933 4
916 991 3
917 968 2
917 999 4
918 961 10
919 935 9
919 937 10
919 947 3
921 928 7
922 946 6
922 950 4
922 973 6
923 965 6
923 978 5
923 991 7
924 938 2
927 937 8
928 970 1
929 985 9
930 952 10
931 980 1
931 990 9
932 949 3
932 956 3
933 938 1
933 951 9
933 954 2
933 957 9
933 970 7
934 962 4
934 990 10
936 949 6
937 939 4
939 985 4
940 976 7
942 998 2
944 952 2
944 961 7
944 985 4
944 992 4
945 956 5
947 964 3
948 953 10
948 972 3
952 954 5
952 998 4
953 971 3
953 982 4
956 968 1
956 994 9
958 992 2
959 982 10
963 984 1
964 976 1
968 988 7
969 987 9
969 994 8
971 989 9
972 978 6
974 982 7
975 997 6
976 995 1
979 991 1
981 989 10
986 997 4
988 990 9
994 998 6
5
9 9
482 978 9
804 863 2
308 820 10
272 601 8
457 722 3
515 893 1
744 764 3
107 734 6
132 599 2
533 800 9
353 55 9
695 897 5
128 157 6
416 834 4
544 496 5
265 422 5
979 879 10
199 60 5
9 9
652 849 9
16 256 1
174 912 8
115 152 9
315 382 3
527 841 8
195 287 5
257 967 9
188 362 1
876 256 6
821 238 8
14 547 3
526 823 1
3 518 6
217 882 5
96 336 7
250 168 5
346 777 1
9 9
160 740 6
515 909 2
401 480 1
142 249 1
200 673 1
451 650 9
456 992 3
746 868 9
74 251 5
387 971 10
862 571 5
235 614 3
800 914 6
332 163 1
587 842 10
37 613 1
765 386 10
888 533 2
9 9
416 883 1
211 711 1
330 555 10
47 341 4
118 278 7
944 992 4
293 296 6
294 539 9
726 784 10
123 309 3
745 887 10
200 5 8
530 61 8
184 258 7
577 736 6
621 668 5
721 934 10
550 921 7
9 9
347 877 7
95 848 1
500 587 9
63 923 4
72 983 1
751 841 3
872 878 5
530 900 10
293 605 1
483 617 3
642 953 2
922 863 3
569 353 4
213 668 9
529 365 10
515 871 5
897 981 5
360 998 4