500 2437
0 20
0 101
0 125
0 127
0 270
0 291
0 298
0 369
0 395
0 428
0 482
1 21
1 101
1 140
1 187
1 385
1 459
2 32
2 40
2 139
2 174
2 180
2 191
2 397
2 414
2 435
3 248
3 317
3 346
3 384
3 471
3 488
4 65
4 127
4 135
4 137
4 141
4 168
4 236
4 345
4 441
5 37
5 64
5 84
5 89
5 108
5 158
5 256
5 269
5 276
5 346
5 445
6 18
6 235
6 239
6 341
6 357
6 401
6 434
7 53
7 191
7 248
7 275
7 302
7 337
7 380
7 403
8 11
8 78
8 116
8 146
8 197
8 253
8 305
8 395
8 400
8 404
8 408
8 436
8 496
9 52
9 56
9 197
9 261
9 275
9 285
9 291
9 393
9 492
10 75
10 86
10 93
10 168
10 189
10 294
10 311
10 342
10 421
10 461
10 490
11 78
11 178
11 180
11 202
11 293
11 306
11 457
12 58
12 112
12 185
12 341
12 395
12 445
13 134
13 239
13 340
13 357
13 359
13 384
13 446
14 34
14 58
14 224
14 294
14 299
14 332
14 335
14 358
14 363
14 422
14 475
15 27
15 54
15 193
15 226
15 291
15 348
15 362
15 385
15 493
16 44
16 62
16 104
16 135
16 170
16 175
16 213
16 293
16 372
16 430
16 461
17 41
17 69
17 166
17 284
17 374
17 447
18 28
18 67
18 69
18 120
18 173
18 267
18 335
18 355
18 372
18 374
18 427
18 439
19 43
19 121
19 183
19 234
19 324
19 354
19 413
19 421
19 487
20 36
20 40
20 81
20 282
20 381
21 53
21 142
21 184
21 199
21 266
21 311
21 336
21 371
21 425
22 43
22 46
22 88
22 113
22 190
22 238
22 306
22 353
22 415
22 423
22 434
23 78
23 170
23 244
23 316
23 394
23 431
23 433
23 499
24 83
24 189
24 222
24 253
24 428
25 34
25 82
25 197
25 202
25 417
25 456
25 484
26 37
26 71
26 72
26 90
26 107
26 142
26 181
26 213
26 252
26 294
26 374
26 384
26 447
26 450
26 452
26 496
27 120
27 187
27 213
27 269
27 275
27 405
27 436
28 105
28 128
28 158
28 168
28 245
28 330
28 338
28 432
28 451
29 77
29 135
29 231
29 239
29 284
29 362
29 368
29 438
30 88
30 134
30 164
30 179
30 303
30 324
30 375
30 429
31 40
31 43
31 90
31 127
31 262
31 273
31 297
31 360
31 434
32 87
32 112
32 131
32 135
32 311
32 368
32 391
33 49
33 82
33 93
33 138
33 198
33 269
33 435
33 497
34 45
34 141
34 169
34 233
34 236
34 249
34 278
34 289
34 296
34 315
34 359
34 362
34 416
34 435
34 480
35 125
35 142
35 184
35 190
35 193
35 247
35 281
35 326
35 411
35 414
36 45
36 189
36 300
36 400
36 429
36 440
36 445
37 50
37 154
37 228
37 295
37 326
37 433
37 440
38 79
38 89
38 150
38 151
38 158
38 227
38 236
38 281
38 349
38 381
38 397
38 456
39 91
39 189
39 250
39 255
39 328
39 356
39 381
39 454
40 63
40 102
40 115
40 216
40 223
40 225
40 229
40 237
40 301
40 349
40 364
40 415
41 44
41 61
41 79
41 129
41 142
41 171
41 180
41 199
41 218
41 238
41 327
41 350
41 396
41 492
42 83
42 90
42 112
42 143
42 282
42 339
42 354
42 373
42 387
42 461
42 473
43 63
43 146
43 185
43 196
43 216
43 236
43 265
43 285
43 288
43 307
43 317
43 332
43 390
44 60
44 72
44 101
44 136
44 154
44 157
44 162
44 249
44 299
44 306
44 353
44 373
44 386
44 394
44 445
44 456
45 57
45 74
45 98
45 189
45 246
45 276
45 303
45 331
45 348
45 363
45 384
45 404
46 305
46 390
46 412
46 413
46 437
46 451
46 461
46 471
46 485
47 80
47 197
47 234
47 291
47 347
47 351
47 453
47 464
48 66
48 126
48 148
48 182
48 189
48 251
48 263
48 275
48 443
48 482
49 64
49 72
49 126
49 163
49 238
49 327
49 346
49 413
49 445
49 455
49 495
50 104
50 117
50 176
50 202
50 205
50 272
50 300
50 318
50 328
50 417
51 81
51 91
51 93
51 162
51 458
51 498
52 85
52 153
52 213
52 231
52 274
52 325
52 336
52 456
53 56
53 62
53 68
53 102
53 125
53 209
53 280
53 318
53 382
54 93
54 110
54 265
55 120
55 132
55 141
55 178
55 196
55 384
55 447
55 458
55 491
56 91
56 111
56 176
56 240
56 248
56 302
56 399
56 459
56 463
56 473
57 181
57 233
57 275
57 279
57 312
57 325
57 361
57 493
58 155
58 235
58 305
58 325
58 337
58 345
58 394
58 399
58 450
58 457
59 76
59 129
59 130
59 206
59 214
59 291
59 414
59 457
59 466
59 495
59 499
60 88
60 95
60 160
60 222
60 232
60 252
60 440
61 79
61 253
61 323
61 383
61 400
61 457
62 96
62 141
62 175
62 176
62 205
62 266
62 322
62 414
62 478
63 71
63 124
63 145
63 178
63 204
63 313
63 351
63 355
63 396
63 397
64 76
64 118
64 202
64 220
64 427
64 428
64 434
64 460
64 498
65 117
65 147
65 189
65 200
65 262
65 300
65 408
65 431
65 475
65 498
66 205
66 278
66 331
66 353
66 400
66 460
67 91
67 113
67 175
67 184
67 251
67 262
67 328
67 331
68 133
68 143
68 192
68 272
68 336
68 347
68 456
68 458
69 133
69 148
69 175
69 289
69 363
69 450
70 115
70 234
70 235
70 273
70 329
70 360
70 365
70 369
70 472
71 88
71 91
71 191
71 362
71 425
71 438
72 102
72 140
72 208
72 235
72 278
72 388
72 400
72 412
72 421
72 422
72 472
73 84
73 92
73 135
73 225
73 290
73 367
74 89
74 104
74 110
74 314
74 317
75 105
75 115
75 142
75 159
75 162
75 198
75 313
75 328
75 345
75 353
75 372
75 402
75 409
75 484
76 80
76 119
76 179
76 284
76 295
76 387
76 398
76 400
76 433
77 103
77 140
77 156
77 181
77 350
77 416
78 86
78 123
78 127
78 175
78 200
78 226
78 227
78 238
78 350
78 401
78 409
79 180
79 182
79 229
79 280
79 319
79 419
79 450
79 468
79 469
80 98
80 100
80 114
80 178
80 262
80 272
80 340
80 379
80 401
80 410
80 482
81 83
81 182
81 208
81 216
81 275
81 290
81 302
81 399
81 410
81 472
82 120
82 205
82 215
82 307
82 324
82 338
82 370
82 436
82 462
83 177
83 243
83 347
83 354
83 370
83 481
84 108
84 169
84 254
84 366
84 381
84 428
85 144
85 167
85 199
85 259
85 325
85 363
85 371
85 396
86 93
86 108
86 109
86 166
86 198
86 283
86 358
86 373
86 450
87 106
87 246
87 294
87 304
87 355
87 398
87 442
87 447
87 491
88 205
88 215
88 250
88 276
88 294
88 315
88 318
88 348
88 385
88 459
88 485
89 138
89 166
89 295
89 302
89 336
89 465
89 479
90 91
90 94
90 100
90 110
90 111
90 181
90 231
90 245
90 280
90 283
90 329
90 392
90 468
90 483
91 92
91 96
91 102
91 126
91 130
91 332
91 347
91 419
91 423
91 439
92 179
92 307
92 340
92 341
92 432
92 442
92 480
93 112
93 190
93 323
93 365
93 373
93 412
93 414
93 428
93 498
94 169
94 182
94 226
94 320
94 435
94 489
95 122
95 127
95 129
95 135
95 155
95 237
95 349
95 377
95 475
96 116
96 151
96 248
96 249
96 290
96 312
96 359
96 410
96 428
96 458
96 464
97 115
97 233
97 329
97 356
98 218
98 241
98 278
98 297
98 307
98 355
98 415
98 423
98 435
98 484
99 118
99 195
99 231
99 391
99 456
100 199
100 289
100 346
100 383
100 393
100 408
100 487
101 172
101 180
101 224
101 359
101 466
102 114
102 124
102 163
102 298
102 310
102 381
102 420
102 422
102 445
102 489
103 125
103 143
103 184
103 237
103 369
104 110
104 240
104 320
104 353
104 388
104 394
104 404
104 410
104 413
104 435
104 489
105 112
105 113
105 129
105 235
105 249
105 372
105 398
106 123
106 193
106 211
106 221
106 246
106 252
106 317
106 411
106 428
106 483
107 212
107 258
107 262
107 273
107 317
107 335
107 350
107 488
108 153
108 175
108 183
108 223
108 284
108 308
108 357
108 383
108 392
109 222
109 223
109 266
109 268
109 329
109 449
110 144
110 151
110 174
110 293
110 314
110 332
110 349
110 390
110 439
110 451
110 454
110 492
111 116
111 221
111 253
111 254
111 309
111 370
111 434
111 442
112 160
112 208
112 225
112 230
112 335
112 350
112 388
113 131
113 189
113 257
113 333
113 439
113 476
113 495
113 497
114 131
114 156
114 162
114 193
114 194
114 196
114 234
114 280
114 330
114 426
114 441
114 454
115 116
115 162
115 197
115 265
115 335
115 342
115 370
115 449
116 216
116 224
116 241
116 264
116 452
117 132
117 172
117 193
117 234
117 261
117 278
117 296
117 340
117 420
117 467
118 214
118 254
118 356
118 376
118 411
118 437
118 463
119 135
119 254
119 263
119 267
119 368
119 371
119 468
119 477
120 178
120 186
120 255
120 307
120 404
120 452
120 465
120 497
121 149
121 279
121 292
121 293
121 299
121 402
121 416
121 447
121 471
122 129
122 155
122 176
122 401
122 411
122 421
122 487
123 145
123 151
123 233
123 416
124 206
124 215
124 294
124 486
125 154
125 184
125 234
125 283
125 300
125 455
125 468
126 283
126 286
126 287
126 299
126 318
126 400
126 456
127 161
127 166
127 316
127 366
127 374
127 402
127 426
127 465
127 491
128 276
128 315
128 336
128 356
128 431
129 269
129 272
129 303
129 336
129 362
129 387
129 396
129 470
129 496
130 156
130 160
130 198
130 240
130 258
130 278
130 316
131 179
131 180
131 323
131 348
131 453
131 490
131 498
132 135
132 266
132 329
132 406
132 411
133 169
133 184
133 197
133 238
133 320
133 363
133 375
133 399
133 423
134 144
134 194
134 219
134 283
134 333
134 381
134 387
135 273
135 290
135 474
135 492
136 162
136 163
136 202
136 264
136 295
136 344
136 361
136 374
136 481
137 377
137 384
137 396
137 485
138 225
138 262
138 270
138 308
138 369
139 172
139 185
139 202
139 218
139 219
139 288
139 336
139 402
139 468
140 190
140 218
140 248
140 250
140 390
140 488
141 149
141 169
141 197
141 282
142 147
142 149
142 163
142 185
142 286
142 350
142 413
143 152
143 253
143 309
143 392
143 457
143 487
144 148
144 211
144 218
144 225
144 312
144 365
144 413
144 428
145 303
145 322
145 345
145 377
145 379
145 384
145 405
145 492
146 197
146 385
146 443
146 480
146 489
147 160
147 162
147 310
147 311
147 347
148 195
148 253
148 276
148 428
148 445
148 450
148 456
149 211
149 233
149 345
149 394
149 499
150 157
150 196
150 222
150 229
150 392
151 194
151 236
151 262
151 340
151 348
151 411
151 420
151 433
151 494
152 255
152 307
152 323
152 368
152 377
152 380
152 482
153 158
153 176
153 207
153 286
153 321
153 326
153 329
153 366
153 481
153 488
154 186
154 202
154 211
154 235
154 237
154 267
154 325
154 370
154 397
154 436
155 167
155 199
155 258
155 311
155 361
155 387
156 218
156 303
156 316
156 371
156 410
156 411
156 422
156 486
157 170
157 216
157 244
157 424
157 459
158 324
158 342
158 347
158 435
158 442
159 169
159 200
159 202
159 322
159 369
159 379
159 449
159 457
160 169
160 174
160 187
160 192
160 235
160 239
160 247
160 263
160 269
160 344
160 403
160 406
160 430
160 490
161 311
161 364
161 370
161 419
161 421
162 169
162 196
162 204
162 209
162 314
162 350
162 374
162 404
162 454
163 175
163 222
163 244
163 263
163 308
163 358
163 379
163 424
163 441
163 486
164 292
164 388
164 389
164 402
165 269
165 291
165 293
165 362
165 375
165 394
166 218
166 257
166 313
166 340
166 400
166 401
166 465
167 265
167 288
167 332
167 439
167 468
167 499
168 249
168 263
168 291
168 447
168 449
168 452
168 493
169 172
169 212
169 246
169 284
169 293
169 317
169 323
169 336
170 171
170 206
170 231
170 244
170 378
170 465
171 260
171 415
171 418
171 471
171 475
172 243
172 245
172 287
172 327
172 452
172 490
173 220
173 248
173 274
173 299
173 397
173 467
173 498
174 232
174 313
174 334
174 429
174 481
174 483
175 263
175 268
175 284
175 309
175 315
175 374
175 444
175 455
175 466
175 478
176 226
176 234
176 384
176 414
176 416
176 479
176 487
177 198
177 216
177 255
177 312
177 316
177 365
177 368
177 424
177 459
177 480
178 244
178 372
178 439
178 475
179 208
179 268
179 416
179 476
180 183
180 204
180 220
180 356
180 391
180 413
181 242
181 260
181 387
181 396
181 492
182 216
182 267
182 294
182 333
182 346
182 372
182 457
183 194
183 224
183 232
183 326
183 345
183 364
183 387
183 388
183 399
184 195
184 224
184 246
184 270
184 353
184 386
184 417
185 235
185 253
185 314
185 336
185 405
185 406
185 492
186 188
186 207
186 250
186 277
186 334
186 460
187 336
187 341
187 447
187 488
188 338
188 352
189 197
189 223
189 235
189 291
189 387
189 393
189 494
190 292
190 305
190 384
190 401
190 413
191 201
191 218
191 292
191 323
191 354
191 395
191 427
191 453
191 462
192 283
192 341
192 379
192 406
192 427
192 466
192 475
192 488
192 497
193 249
193 336
193 413
194 214
194 288
194 300
194 459
194 492
194 495
195 205
195 247
195 281
195 358
196 406
196 499
197 252
197 299
197 314
198 249
198 265
198 325
198 342
198 382
198 426
198 445
199 224
199 237
199 247
199 259
199 268
199 287
199 318
199 397
199 432
199 441
199 480
200 220
200 265
200 279
200 312
200 318
200 334
200 375
200 411
200 473
200 476
201 431
202 238
202 256
202 262
202 286
202 348
202 380
202 438
202 440
203 266
203 307
203 372
203 416
203 482
203 497
204 347
204 352
204 379
204 401
204 418
204 419
204 440
205 210
205 212
205 335
205 370
206 212
206 239
206 261
206 300
206 348
206 422
206 444
207 212
207 294
207 349
207 418
207 454
207 476
208 225
208 268
208 299
208 359
209 244
209 249
209 369
209 373
210 287
210 301
210 385
210 493
211 262
211 384
211 464
211 469
212 293
212 387
212 392
212 399
213 214
213 220
213 238
213 358
213 376
213 445
213 446
214 274
214 322
214 332
214 453
214 488
215 243
215 278
215 292
215 446
215 458
215 497
216 264
216 279
216 302
216 409
216 482
217 297
217 326
217 469
217 480
217 492
218 280
218 299
218 336
218 375
218 396
218 427
218 456
218 480
219 222
219 286
219 313
219 432
219 472
220 239
220 297
220 350
220 373
220 491
221 334
221 440
221 469
221 493
221 496
222 299
222 311
222 321
222 350
222 388
222 459
222 477
223 250
223 304
223 350
223 479
223 494
224 248
224 291
224 308
224 316
224 333
224 354
224 391
224 452
224 454
225 282
225 311
225 361
225 365
225 366
225 499
226 244
226 256
226 415
226 441
227 309
227 356
227 437
227 440
227 498
228 374
228 399
228 485
229 231
229 352
229 406
229 450
229 478
230 310
230 355
230 357
230 393
230 475
230 485
230 488
231 261
231 282
231 283
231 285
231 451
231 472
232 263
232 289
232 381
232 387
232 398
232 442
232 449
232 468
233 263
233 307
233 373
233 375
233 383
233 404
233 410
233 494
234 237
234 286
234 288
234 419
234 443
234 470
234 473
234 491
235 243
235 253
235 273
235 360
235 499
236 246
236 269
236 302
236 335
236 386
236 387
236 404
236 415
236 421
236 427
236 451
236 468
236 495
237 244
237 324
237 389
238 333
238 389
238 420
238 493
239 252
239 269
239 419
239 437
240 353
240 384
240 441
241 262
241 285
241 370
241 408
241 464
241 484
242 257
242 259
242 436
243 385
243 403
243 474
244 467
244 494
245 291
245 324
245 327
245 353
245 427
246 294
246 387
246 438
246 456
247 262
247 497
248 294
248 395
249 300
249 359
249 421
249 423
250 285
250 321
250 346
250 383
250 498
251 280
251 304
251 326
251 369
251 380
251 453
252 300
252 355
252 384
252 416
252 422
253 263
253 277
253 291
253 312
254 262
254 362
254 365
254 415
255 264
255 297
255 398
256 280
256 397
256 419
257 266
257 267
257 284
257 286
257 319
257 363
257 378
257 381
257 430
257 475
258 386
258 391
258 404
258 457
259 282
259 297
259 384
259 385
259 397
259 398
259 456
259 457
259 475
259 483
260 307
260 368
260 385
260 440
261 335
261 344
261 359
261 403
261 408
261 452
261 486
262 269
262 287
262 461
263 319
263 344
263 403
263 411
263 414
263 462
264 290
264 368
264 479
266 328
266 441
266 454
266 472
266 494
267 296
267 329
267 336
267 346
267 361
267 408
267 426
267 440
268 282
268 285
268 366
268 401
268 480
269 313
269 333
269 343
269 384
269 496
270 321
270 339
270 405
270 469
271 338
271 352
271 358
271 435
272 293
272 300
272 323
272 379
272 407
272 464
273 327
273 380
273 433
273 437
273 450
273 455
274 277
274 278
274 282
274 321
274 338
274 339
274 442
274 471
274 489
275 360
275 379
275 399
275 457
275 479
276 355
276 403
276 446
277 314
277 325
277 375
277 394
277 405
277 489
277 497
278 441
278 479
278 484
279 285
279 381
279 396
279 484
280 370
280 396
281 287
281 299
281 488
282 333
282 346
282 347
282 475
282 481
283 320
283 338
283 352
283 371
283 419
283 487
285 324
285 389
285 409
285 432
285 499
286 287
286 332
286 367
286 377
286 387
286 415
286 418
286 433
286 465
286 483
287 317
287 377
288 430
288 466
288 472
288 492
289 314
289 318
289 322
289 395
290 291
290 370
290 425
290 499
291 300
291 327
291 340
291 452
292 356
292 487
293 478
293 497
294 310
294 349
294 404
294 413
295 320
295 396
295 399
295 454
295 465
296 325
296 330
296 457
297 299
297 340
297 360
297 445
298 305
298 334
298 355
298 424
299 322
299 337
299 389
299 451
299 471
300 321
300 348
300 427
300 490
301 310
301 344
301 424
302 308
302 314
302 404
302 406
302 498
303 309
303 324
303 387
303 463
304 306
304 307
304 323
304 385
305 340
305 353
305 373
305 393
305 438
305 472
305 479
306 325
306 362
306 398
306 427
306 437
306 474
307 350
307 433
307 437
307 439
307 444
307 452
307 470
307 481
308 349
308 354
308 413
310 385
310 448
310 480
311 312
311 354
311 498
312 338
312 346
312 442
313 397
313 421
314 358
315 340
315 408
315 467
315 494
316 369
316 392
316 448
317 354
317 437
318 377
318 401
318 406
318 415
318 418
319 326
320 396
320 448
321 371
321 425
321 447
321 479
321 482
322 381
323 369
323 437
324 341
324 381
324 416
324 434
324 437
324 479
325 400
325 417
326 394
326 395
327 383
328 329
328 358
328 373
328 409
329 378
329 459
330 361
330 388
330 424
330 456
330 483
331 364
331 366
331 377
331 442
331 448
331 490
332 341
332 452
333 371
333 386
333 395
333 487
334 388
334 418
336 364
336 474
337 423
337 427
338 347
338 389
338 494
339 402
340 444
340 452
340 497
341 401
341 429
341 430
341 490
342 348
342 361
342 441
342 448
343 379
343 450
343 475
344 350
344 391
344 477
344 497
345 413
345 469
346 391
347 407
347 408
347 463
348 386
348 434
349 380
349 404
349 425
350 360
350 376
350 396
351 365
351 371
351 379
351 388
351 492
352 372
352 378
352 450
352 494
353 409
353 413
354 384
354 472
355 468
356 394
356 425
357 362
357 402
357 487
358 386
358 398
358 466
358 470
360 393
360 403
360 433
360 449
360 492
361 363
361 419
362 384
362 385
362 495
364 396
364 398
364 426
364 484
364 491
364 497
365 389
365 470
365 490
366 380
366 404
366 418
366 463
366 467
367 403
367 495
368 375
368 383
368 391
369 371
369 430
369 463
370 415
372 427
373 413
373 417
373 433
373 441
373 487
374 415
375 395
376 455
376 456
376 472
377 417
377 437
377 469
378 402
378 435
378 459
379 444
379 461
380 403
380 413
380 437
380 445
380 466
381 383
381 464
381 492
382 409
382 426
382 442
382 497
383 385
383 422
383 449
383 451
384 393
384 460
384 482
385 423
385 455
386 444
387 426
387 463
387 472
388 425
388 434
388 437
388 480
389 395
389 472
389 479
390 464
391 449
392 404
392 412
392 416
393 426
393 491
394 446
394 453
394 477
395 437
395 454
396 423
397 433
398 404
398 444
398 493
399 401
400 457
401 482
402 441
404 445
404 446
406 412
407 423
407 441
408 426
408 457
408 473
409 424
409 435
410 419
410 436
410 442
410 479
411 453
412 423
412 437
414 477
415 436
416 426
418 428
419 426
419 457
420 460
421 434
421 450
421 498
421 499
422 433
423 426
423 465
423 497
424 457
425 442
425 477
426 436
426 450
428 454
430 433
430 497
431 439
431 481
432 434
433 446
433 452
433 486
434 482
435 452
435 492
436 472
437 445
437 491
438 460
439 484
441 468
451 474
453 473
453 491
455 477
456 464
456 471
457 472
458 474
459 491
460 474
461 465
461 494
463 484
466 473
466 498
469 474
469 489
470 483
473 499
476 491
477 485
482 486
5
124 124
84 108 3
251 326 7
122 176 8
251 304 6
130 156 6
235 243 1
53 62 4
81 399 4
18 120 3
24 83 7
95 237 6
72 422 4
26 374 2
116 264 1
151 494 6
218 396 4
260 440 1
330 388 10
174 481 3
26 213 6
22 88 10
79 180 2
328 409 9
307 437 9
17 41 5
98 278 9
88 250 8
119 263 6
161 364 1
144 148 10
48 482 10
234 288 8
139 172 5
71 362 10
159 322 6
231 261 3
263 411 4
86 108 7
233 375 3
2 435 9
38 227 8
86 373 3
191 323 5
311 354 10
108 223 8
200 375 9
98 297 8
26 72 4
217 469 8
7 302 8
121 416 6
33 198 9
183 326 3
25 456 5
22 415 10
65 200 5
144 428 3
35 184 6
110 293 10
188 338 1
14 335 1
168 449 7
206 422 9
53 382 7
35 281 4
435 452 1
42 112 6
111 434 6
199 441 1
2 40 4
300 427 3
31 434 7
70 115 5
199 224 2
66 205 10
269 496 5
102 310 2
9 197 9
40 229 6
210 287 10
219 432 7
261 359 2
115 342 2
308 413 10
73 290 2
56 473 2
185 405 2
95 122 6
14 294 7
189 223 3
181 396 6
159 369 9
64 498 7
365 490 1
148 195 3
23 170 5
164 389 2
355 468 5
136 344 10
24 428 10
136 295 5
286 418 7
86 198 10
114 156 7
34 435 6
259 282 10
235 499 8
10 86 4
114 193 1
147 310 10
316 448 9
48 263 1
53 56 8
47 347 10
351 492 4
5 445 10
111 221 7
18 69 9
170 206 3
311 312 5
8 436 8
68 456 2
100 393 4
453 491 8
322 357 3
107 185 7
8 99 6
397 210 9
479 81 6
171 293 2
364 262 10
278 174 4
305 319 3
441 386 4
111 383 8
245 385 2
443 207 5
104 342 8
169 38 4
424 239 3
492 40 1
391 461 2
125 317 6
127 371 9
441 140 9
463 193 5
356 87 1
86 352 10
14 276 5
91 311 2
490 399 4
131 349 9
76 381 6
10 150 1
369 223 6
406 487 9
128 156 4
486 422 7
11 21 9
73 455 4
423 340 8
127 100 4
60 11 1
387 89 6
497 414 8
377 257 2
248 381 5
74 451 5
299 453 7
108 90 4
372 102 7
97 452 5
301 174 3
82 104 5
315 309 4
207 242 3
281 432 6
270 417 7
300 366 6
240 321 3
177 88 10
494 324 5
382 89 7
198 319 3
138 266 2
267 473 3
0 335 4
52 321 6
311 322 8
0 259 9
479 93 1
114 241 9
494 85 1
275 44 7
124 43 3
190 296 1
418 267 3
270 54 1
260 191 7
126 382 7
211 120 1
5 356 8
271 475 3
239 116 5
313 79 2
60 46 3
76 466 8
51 169 1
230 151 4
66 266 2
100 4 9
262 13 8
93 228 3
376 131 8
101 293 6
82 125 2
220 370 8
485 220 2
87 397 7
300 439 2
422 231 9
206 342 7
97 125 8
471 169 3
33 443 3
136 101 3
363 129 10
362 63 10
121 371 5
467 313 8
468 265 5
435 290 8
283 22 9
321 433 7
86 104 9
459 342 8
499 286 6
30 392 5
230 258 1
449 252 9
127 21 10
211 89 7
123 290 8
275 158 2
220 325 7
1 439 10
346 9 9
445 261 4
124 124
125 154 9
36 429 8
34 362 2
456 471 5
331 366 5
43 146 10
205 210 4
70 369 6
162 209 10
20 381 9
107 212 9
129 269 6
297 445 4
111 253 6
407 441 6
51 91 3
122 411 1
34 315 3
149 233 9
93 479 1
241 464 5
9 285 10
134 194 2
10 189 10
376 456 7
150 157 6
59 414 2
194 214 1
285 432 1
331 490 4
20 36 3
139 288 4
27 187 10
129 496 9
44 353 9
20 282 5
66 278 7
58 325 8
213 238 10
34 249 8
92 432 5
409 424 1
266 494 6
96 464 3
32 112 4
140 390 6
125 234 8
272 323 9
101 172 6
232 468 2
0 395 7
433 486 10
207 242 3
157 216 4
86 104 9
268 480 6
340 423 8
82 370 7
299 471 7
160 174 7
42 354 8
22 283 9
369 371 6
14 358 7
289 322 2
214 488 2
191 462 5
109 266 4
211 464 6
150 229 6
120 452 10
316 369 3
36 300 6
212 293 8
99 118 6
466 498 4
99 456 10
176 479 4
425 442 9
96 458 3
42 282 8
321 447 7
172 243 5
174 483 7
45 303 2
74 314 4
40 349 9
42 83 6
135 273 1
249 421 6
384 482 3
268 285 2
86 358 2
89 211 7
87 397 7
241 262 8
177 368 2
251 369 10
160 430 8
121 279 5
65 431 2
74 110 4
344 391 5
32 368 10
174 301 3
77 181 8
303 387 5
308 349 7
342 459 8
198 265 6
318 401 7
96 248 4
46 461 6
456 464 1
88 294 6
115 265 1
100 127 4
166 257 1
398 493 6
59 129 3
404 446 5
274 321 3
102 114 6
103 125 9
247 388 5
119 344 4
223 299 1
113 376 9
349 217 7
441 20 5
302 172 5
439 77 9
355 425 7
143 27 5
470 111 2
239 261 1
341 70 1
288 122 9
140 284 10
259 244 10
146 468 7
498 31 10
176 207 8
111 228 3
356 225 6
103 187 2
348 68 6
139 367 4
2 417 9
468 444 4
37 412 7
140 2 10
425 158 1
257 404 8
348 349 5
426 262 2
142 307 2
402 442 4
163 301 4
323 482 5
177 197 5
63 326 6
410 39 2
468 432 5
112 475 8
314 488 5
182 224 4
331 399 4
88 447 1
336 395 2
497 384 2
409 121 5
97 238 8
174 243 2
205 187 8
338 282 8
422 69 4
112 326 6
359 298 9
401 338 8
217 134 4
9 241 1
212 39 2
343 238 1
92 236 4
493 464 2
370 138 7
186 225 6
158 446 10
362 91 2
269 90 7
174 185 4
308 376 8
292 373 5
202 480 2
429 478 10
405 356 3
44 498 4
39 236 6
491 103 1
490 484 2
223 55 3
112 357 6
58 467 1
248 163 1
282 199 1
128 180 9
416 328 9
261 352 7
352 403 2
87 270 4
308 471 2
397 274 6
280 356 2
65 131 9
119 392 5
262 273 5
290 423 1
101 474 1
190 422 1
396 387 4
362 164 10
309 208 6
1 329 9
162 31 6
444 287 5
144 337 10
438 167 9
184 159 9
306 204 9
344 41 2
234 260 1
252 136 8
43 206 5
379 392 7
330 201 7
361 223 4
325 453 1
341 45 1
198 266 4
285 378 3
35 80 6
459 129 6
205 403 10
98 282 9
163 153 6
440 224 1
320 441 2
124 124
139 202 7
73 367 5
176 207 8
159 202 3
131 349 9
59 206 6
114 196 9
26 294 4
41 44 10
104 410 4
168 447 9
191 395 6
171 471 3
191 354 7
292 373 5
156 411 7
285 389 7
316 392 2
315 408 4
220 350 3
344 350 10
146 468 7
121 409 5
257 266 7
70 235 7
12 112 9
274 489 9
153 366 4
382 409 7
291 452 3
7 191 9
209 369 9
206 342 7
70 360 6
50 205 9
165 269 6
223 361 4
387 463 5
59 466 2
83 481 1
52 153 6
183 232 7
145 492 8
194 495 7
245 291 1
295 399 6
141 149 2
311 498 10
204 379 1
14 332 10
60 160 4
178 439 4
143 152 5
3 384 10
66 353 10
394 477 4
1 187 2
33 443 3
209 249 7
329 378 2
169 317 1
58 155 2
431 481 8
39 250 6
144 211 3
87 491 1
288 466 7
357 487 8
290 291 3
351 371 5
72 278 1
100 383 6
26 107 3
44 498 4
271 338 4
95 475 4
286 377 1
171 260 8
112 230 3
40 63 7
119 368 9
212 387 10
50 202 8
328 373 6
35 326 2
28 105 2
283 320 1
255 398 5
246 387 10
259 457 8
303 463 10
88 348 6
140 250 5
77 103 1
231 422 9
5 346 8
100 199 8
212 399 9
175 315 7
148 276 4
229 406 1
31 498 10
370 415 4
111 383 8
234 286 9
118 463 2
262 273 5
229 450 4
222 477 5
275 399 6
89 336 3
190 305 8
199 282 1
96 312 9
186 225 6
50 300 7
221 493 9
235 273 3
64 118 7
231 283 7
200 318 7
61 253 1
114 194 5
162 169 5
359 62 6
221 430 5
439 335 7
373 6 4
342 372 4
101 341 9
247 424 2
333 357 6
499 137 6
401 435 2
475 413 7
186 449 1
230 235 8
264 345 2
460 214 3
122 451 4
251 159 8
166 87 6
457 388 7
66 263 6
206 118 5
395 494 4
281 89 1
443 245 3
237 169 7
178 93 3
450 460 8
71 66 6
206 355 10
366 402 10
336 368 3
96 413 9
461 316 5
67 404 9
496 236 8
259 337 6
292 497 1
6 35 3
169 66 7
30 239 10
89 192 3
0 201 8
498 454 8
56 19 3
373 28 2
49 370 10
102 156 10
479 32 7
360 351 1
322 212 10
472 296 9
170 40 8
179 71 7
479 431 4
284 463 8
199 488 1
482 361 8
105 433 8
12 381 7
271 463 6
67 264 7
172 228 8
258 32 4
275 220 2
67 308 10
310 34 1
284 357 9
402 9 7
469 382 10
267 427 7
442 466 5
9 79 3
351 111 6
47 113 5
19 44 1
255 421 4
11 43 10
300 281 10
403 217 2
375 409 2
78 488 6
202 336 6
263 213 6
52 387 2
246 112 10
430 471 6
91 213 7
258 1 6
19 197 6
353 375 8
27 241 2
74 220 2
84 87 9
401 36 6
362 424 1
161 183 8
450 244 10
169 4 2
374 227 3
127 301 1
248 0 3
230 362 5
231 128 5
368 61 9
45 210 5
73 365 5
485 60 7
473 93 2
482 318 3
265 187 10
366 161 2
128 202 10
285 2 4
412 17 4
75 52 2
98 274 4
27 108 3
73 388 5
220 366 8
351 239 9
259 61 6
63 302 2
491 50 8
285 10 7
124 124
388 437 2
127 465 8
163 222 2
175 444 5
222 299 5
303 324 1
380 445 7
35 190 3
62 96 7
154 237 6
298 305 3
107 262 3
127 371 9
239 269 6
45 348 4
12 185 6
132 329 8
105 433 8
123 151 4
120 404 6
44 136 5
202 348 8
279 484 7
378 459 8
113 495 8
106 221 7
57 181 4
39 381 9
296 472 9
203 266 4
469 474 4
364 484 7
239 419 4
169 284 6
71 438 6
182 333 3
52 85 2
8 146 10
122 487 5
17 447 5
108 383 2
7 53 8
230 357 6
324 494 5
79 419 5
302 406 4
38 151 2
73 455 4
230 235 8
321 433 7
63 124 5
353 375 8
391 461 2
146 489 9
135 290 4
49 455 4
263 319 8
37 295 5
372 427 3
171 475 3
118 356 3
212 322 10
133 197 10
102 372 7
115 370 1
374 415 9
175 478 10
78 488 6
71 191 8
4 127 8
268 401 2
93 365 4
49 327 2
37 440 10
198 325 2
154 267 3
361 482 8
362 495 5
24 222 6
44 373 6
231 451 8
175 374 1
394 453 4
300 490 2
121 292 1
108 153 6
274 277 7
267 361 3
5 89 1
234 473 9
82 205 3
63 313 10
107 185 7
16 44 9
94 226 2
48 148 10
90 392 4
111 254 8
94 320 7
21 371 6
341 429 1
379 461 6
43 265 10
36 445 9
33 435 6
57 361 7
302 308 7
380 466 9
281 488 6
115 162 5
148 445 3
262 461 8
30 88 10
15 226 4
223 350 4
144 312 2
188 352 3
413 475 7
91 423 10
122 288 9
0 335 4
23 316 1
23 78 9
389 479 3
112 218 1
451 296 7
172 483 4
202 394 4
124 456 5
77 72 9
111 28 2
465 411 9
325 489 5
310 352 6
13 245 8
280 210 1
94 366 5
450 257 10
205 478 10
145 406 9
138 403 5
181 144 1
91 229 5
13 229 10
271 37 1
48 401 10
478 377 3
327 408 5
318 67 2
28 124 10
240 33 1
336 487 8
184 408 6
324 208 4
449 103 4
344 282 8
47 280 1
51 190 9
417 70 2
61 411 10
444 249 5
267 378 3
455 404 1
75 461 1
476 264 4
461 13 8
328 410 8
364 376 5
360 111 2
36 247 6
233 398 6
109 19 9
303 277 4
461 313 10
47 441 8
364 320 6
119 239 8
199 100 2
352 140 3
272 428 8
179 270 7
188 276 4
8 289 3
92 213 2
343 79 2
119 97 5
47 471 1
411 77 5
428 288 6
191 199 6
36 194 1
252 334 4
91 206 2
88 49 3
323 251 7
220 225 8
427 136 3
99 295 1
424 149 5
57 66 4
337 400 1
342 228 9
336 390 6
97 450 2
375 273 6
111 271 6
172 492 7
350 15 10
394 306 7
360 490 5
216 366 6
153 311 7
443 88 8
109 45 9
239 483 3
400 492 2
398 83 4
491 370 4
254 12 10
233 157 5
419 222 7
358 91 7
369 290 6
489 61 6
489 140 6
470 452 9
42 123 8
337 107 5
130 286 6
216 111 9
336 484 6
203 83 2
188 439 1
346 358 6
242 125 4
273 13 8
58 189 6
281 411 4
223 232 8
475 283 5
129 117 2
490 413 6
296 290 6
326 286 10
479 400 6
471 336 8
138 371 9
27 447 2
124 124
7 337 8
88 443 8
226 256 1
79 319 3
45 74 8
13 245 8
88 215 2
223 250 3
166 400 10
11 202 4
260 385 7
17 69 2
184 224 5
304 306 10
106 123 3
177 480 6
267 473 3
223 369 6
153 481 10
404 455 1
91 419 10
33 497 2
44 299 2
22 306 6
122 451 4
63 397 5
48 401 10
153 488 2
163 486 8
252 334 4
83 370 7
320 448 3
153 163 6
152 380 1
410 479 5
96 249 3
259 337 6
50 104 9
65 262 6
238 333 10
266 328 9
347 408 4
314 488 5
40 364 6
199 397 3
192 427 2
80 410 6
153 286 10
248 294 3
89 382 7
196 499 6
321 425 9
90 110 6
112 208 7
59 499 10
264 479 7
130 286 6
149 345 4
324 437 8
263 462 7
273 375 6
50 491 8
23 431 10
69 450 2
72 208 8
39 255 9
93 228 3
148 253 2
84 366 9
55 491 7
109 449 6
91 96 9
112 335 10
287 317 10
158 442 5
47 351 3
357 362 4
242 257 5
422 433 1
111 216 9
77 411 5
101 474 1
6 235 4
279 381 6
59 214 2
14 363 6
75 142 10
33 240 1
1 101 6
248 395 3
55 223 3
308 471 2
428 454 4
305 340 10
119 267 1
75 198 4
138 370 7
261 445 4
90 111 10
42 387 2
364 376 5
53 318 10
64 428 3
52 213 5
154 397 5
73 225 8
273 455 1
310 385 6
373 433 3
37 228 9
278 479 5
101 224 3
64 220 3
244 450 10
114 330 10
157 233 5
336 471 8
228 485 1
48 443 8
364 491 3
39 356 2
203 416 3
204 352 2
247 388 5
310 313 9
9 395 3
309 153 4
360 80 9
116 316 6
395 474 1
209 404 4
472 187 1
93 198 5
172 229 10
147 284 9
99 405 3
187 20 6
87 338 1
265 120 9
189 82 6
396 484 4
153 430 5
301 14 3
270 141 1
397 311 7
449 135 3
64 360 8
226 273 4
347 70 1
111 146 3
225 47 6
216 265 6
76 493 4
496 339 1
411 48 7
273 0 1
416 389 4
196 497 6
52 216 9
323 69 6
223 331 4
62 151 5
342 486 10
384 415 8
113 141 2
431 336 7
499 38 4
261 83 8
471 285 8
33 402 9
385 229 4
14 256 9
338 117 10
210 257 3
285 402 7
313 463 9
333 367 7
241 334 10
418 79 1
354 409 7
337 418 8
378 474 1
298 233 5
410 288 6
94 53 1
36 471 1
294 200 8
455 406 3
401 299 2
135 88 9
214 472 4
210 465 5
92 328 4
268 235 2
228 479 7
134 234 3
175 20 3
476 92 8
69 106 1
271 419 5
28 163 2
4 395 9
481 8 9
409 363 8
81 487 3
349 167 10
376 398 4
367 162 6
464 186 5
444 405 5
340 197 5
204 200 5
394 449 6
249 24 1
340 482 1
188 425 3
19 185 8
245 83 9
153 437 8
352 252 8
105 369 7
352 324 8
287 86 9
470 290 5
19 209 1
156 63 6
157 290 2
490 343 6
376 421 10
223 423 3
32 374 6
183 7 4
328 295 10
178 71 5
49 265 4
298 132 5
80 248 1
266 13 3
52 140 8
33 271 6
364 290 10
7 478 10
444 168 4
286 154 2
305 478 7
226 49 7
460 182 2
2 263 1
