500 2437
0 20 2
0 101 1
0 125 1
0 127 2
0 270 8
0 291 6
0 298 3
0 369 2
0 395 7
0 428 1
0 482 6
1 21 1
1 101 6
1 140 6
1 187 2
1 385 7
1 459 1
2 32 1
2 40 4
2 139 6
2 174 3
2 180 3
2 191 9
2 397 3
2 414 6
2 435 9
3 248 7
3 317 3
3 346 9
3 384 10
3 471 1
3 488 1
4 65 7
4 127 8
4 135 3
4 137 2
4 141 6
4 168 7
4 236 7
4 345 3
4 441 9
5 37 8
5 64 2
5 84 8
5 89 1
5 108 3
5 158 10
5 256 10
5 269 4
5 276 10
5 346 8
5 445 10
6 18 2
6 235 4
6 239 10
6 341 5
6 357 5
6 401 9
6 434 6
7 53 8
7 191 9
7 248 2
7 275 6
7 302 8
7 337 8
7 380 5
7 403 8
8 11 3
8 78 4
8 116 10
8 146 10
8 197 3
8 253 7
8 305 10
8 395 7
8 400 2
8 404 2
8 408 7
8 436 8
8 496 10
9 52 1
9 56 2
9 197 9
9 261 10
9 275 3
9 285 10
9 291 3
9 393 7
9 492 7
10 75 8
10 86 4
10 93 10
10 168 4
10 189 10
10 294 3
10 311 7
10 342 5
10 421 10
10 461 9
10 490 6
11 78 10
11 178 1
11 180 3
11 202 4
11 293 7
11 306 8
11 457 10
12 58 5
12 112 9
12 185 6
12 341 2
12 395 5
12 445 4
13 134 4
13 239 6
13 340 6
13 357 3
13 359 4
13 384 4
13 446 1
14 34 1
14 58 2
14 224 4
14 294 7
14 299 2
14 332 10
14 335 1
14 358 7
14 363 6
14 422 8
14 475 4
15 27 4
15 54 8
15 193 1
15 226 4
15 291 8
15 348 6
15 362 6
15 385 1
15 493 3
16 44 9
16 62 4
16 104 9
16 135 10
16 170 4
16 175 8
16 213 9
16 293 3
16 372 6
16 430 2
16 461 9
17 41 5
17 69 2
17 166 5
17 284 1
17 374 7
17 447 5
18 28 9
18 67 4
18 69 9
18 120 3
18 173 7
18 267 9
18 335 2
18 355 7
18 372 1
18 374 7
18 427 7
18 439 7
19 43 3
19 121 6
19 183 10
19 234 9
19 324 4
19 354 10
19 413 3
19 421 6
19 487 9
20 36 3
20 40 5
20 81 2
20 282 5
20 381 9
21 53 4
21 142 2
21 184 1
21 199 4
21 266 2
21 311 3
21 336 10
21 371 6
21 425 4
22 43 2
22 46 5
22 88 10
22 113 7
22 190 5
22 238 6
22 306 6
22 353 4
22 415 10
22 423 8
22 434 4
23 78 9
23 170 5
23 244 7
23 316 1
23 394 6
23 431 10
23 433 8
23 499 2
24 83 7
24 189 8
24 222 6
24 253 4
24 428 10
25 34 5
25 82 8
25 197 5
25 202 8
25 417 10
25 456 5
25 484 6
26 37 10
26 71 10
26 72 4
26 90 5
26 107 3
26 142 4
26 181 5
26 213 6
26 252 10
26 294 4
26 374 2
26 384 5
26 447 2
26 450 4
26 452 10
26 496 7
27 120 3
27 187 10
27 213 2
27 269 7
27 275 7
27 405 2
27 436 9
28 105 2
28 128 4
28 158 9
28 168 10
28 245 8
28 330 3
28 338 4
28 432 2
28 451 10
29 77 7
29 135 1
29 231 2
29 239 9
29 284 9
29 362 2
29 368 10
29 438 4
30 88 10
30 134 8
30 164 5
30 179 1
30 303 2
30 324 2
30 375 5
30 429 1
31 40 10
31 43 4
31 90 1
31 127 4
31 262 1
31 273 7
31 297 1
31 360 7
31 434 7
32 87 1
32 112 4
32 131 3
32 135 8
32 311 8
32 368 10
32 391 1
33 49 5
33 82 9
33 93 10
33 138 10
33 198 9
33 269 10
33 435 6
33 497 2
34 45 4
34 141 1
34 169 4
34 233 8
34 236 7
34 249 8
34 278 8
34 289 8
34 296 10
34 315 3
34 359 1
34 362 2
34 416 8
34 435 6
34 480 1
35 125 4
35 142 9
35 184 6
35 190 3
35 193 9
35 247 10
35 281 4
35 326 2
35 411 7
35 414 6
36 45 1
36 189 7
36 300 6
36 400 4
36 429 8
36 440 6
36 445 9
37 50 8
37 154 1
37 228 9
37 295 5
37 326 6
37 433 2
37 440 10
38 79 7
38 89 2
38 150 4
38 151 2
38 158 4
38 227 8
38 236 3
38 281 6
38 349 10
38 381 1
38 397 3
38 456 7
39 91 6
39 189 4
39 250 6
39 255 9
39 328 9
39 356 2
39 381 9
39 454 6
40 63 7
40 102 2
40 115 1
40 216 8
40 223 9
40 225 10
40 229 6
40 237 4
40 301 2
40 349 9
40 364 6
40 415 6
41 44 10
41 61 9
41 79 5
41 129 9
41 142 3
41 171 10
41 180 5
41 199 7
41 218 4
41 238 8
41 327 6
41 350 5
41 396 10
41 492 6
42 83 6
42 90 8
42 112 6
42 143 2
42 282 8
42 339 6
42 354 8
42 373 5
42 387 2
42 461 6
42 473 10
43 63 1
43 146 10
43 185 2
43 196 2
43 216 10
43 236 10
43 265 10
43 285 3
43 288 2
43 307 7
43 317 3
43 332 10
43 390 9
44 60 1
44 72 7
44 101 2
44 136 5
44 154 9
44 157 10
44 162 9
44 249 1
44 299 2
44 306 3
44 353 9
44 373 6
44 386 4
44 394 1
44 445 4
44 456 5
45 57 2
45 74 8
45 98 4
45 189 8
45 246 1
45 276 10
45 303 2
45 331 3
45 348 4
45 363 7
45 384 4
45 404 6
46 305 9
46 390 4
46 412 8
46 413 4
46 437 5
46 451 6
46 461 6
46 471 7
46 485 5
47 80 7
47 197 8
47 234 8
47 291 5
47 347 10
47 351 3
47 453 3
47 464 4
48 66 2
48 126 4
48 148 10
48 182 2
48 189 6
48 251 2
48 263 1
48 275 4
48 443 8
48 482 10
49 64 4
49 72 9
49 126 5
49 163 10
49 238 3
49 327 2
49 346 4
49 413 8
49 445 4
49 455 4
49 495 3
50 104 9
50 117 4
50 176 2
50 202 8
50 205 9
50 272 6
50 300 7
50 318 10
50 328 10
50 417 9
51 81 10
51 91 3
51 93 6
51 162 9
51 458 8
51 498 1
52 85 2
52 153 6
52 213 5
52 231 6
52 274 9
52 325 5
52 336 2
52 456 3
53 56 8
53 62 4
53 68 7
53 102 6
53 125 5
53 209 8
53 280 5
53 318 10
53 382 7
54 93 6
54 110 8
54 265 9
55 120 2
55 132 7
55 141 9
55 178 3
55 196 1
55 384 6
55 447 5
55 458 4
55 491 7
56 91 3
56 111 1
56 176 6
56 240 9
56 248 9
56 302 1
56 399 2
56 459 10
56 463 1
56 473 2
57 181 4
57 233 9
57 275 7
57 279 4
57 312 1
57 325 1
57 361 7
57 493 6
58 155 2
58 235 3
58 305 5
58 325 8
58 337 9
58 345 6
58 394 4
58 399 8
58 450 3
58 457 5
59 76 10
59 129 3
59 130 9
59 206 6
59 214 2
59 291 2
59 414 2
59 457 8
59 466 2
59 495 1
59 499 10
60 88 2
60 95 3
60 160 4
60 222 7
60 232 2
60 252 7
60 440 4
61 79 5
61 253 1
61 323 7
61 383 7
61 400 2
61 457 8
62 96 7
62 141 2
62 175 9
62 176 3
62 205 2
62 266 5
62 322 6
62 414 10
62 478 10
63 71 1
63 124 5
63 145 10
63 178 9
63 204 4
63 313 10
63 351 6
63 355 5
63 396 6
63 397 5
64 76 2
64 118 7
64 202 4
64 220 3
64 427 4
64 428 3
64 434 5
64 460 8
64 498 7
65 117 5
65 147 9
65 189 10
65 200 5
65 262 6
65 300 6
65 408 9
65 431 2
65 475 8
65 498 9
66 205 10
66 278 7
66 331 4
66 353 10
66 400 8
66 460 7
67 91 4
67 113 3
67 175 9
67 184 8
67 251 6
67 262 3
67 328 4
67 331 9
68 133 1
68 143 2
68 192 10
68 272 7
68 336 6
68 347 7
68 456 2
68 458 2
69 133 6
69 148 6
69 175 8
69 289 1
69 363 3
69 450 2
70 115 5
70 234 2
70 235 7
70 273 7
70 329 3
70 360 6
70 365 9
70 369 6
70 472 4
71 88 10
71 91 9
71 191 8
71 362 10
71 425 5
71 438 6
72 102 7
72 140 9
72 208 8
72 235 9
72 278 1
72 388 8
72 400 8
72 412 6
72 421 4
72 422 4
72 472 3
73 84 2
73 92 2
73 135 6
73 225 8
73 290 2
73 367 5
74 89 5
74 104 1
74 110 4
74 314 4
74 317 1
75 105 9
75 115 4
75 142 10
75 159 3
75 162 2
75 198 4
75 313 6
75 328 10
75 345 3
75 353 9
75 372 8
75 402 2
75 409 6
75 484 7
76 80 7
76 119 4
76 179 2
76 284 2
76 295 7
76 387 1
76 398 9
76 400 10
76 433 8
77 103 1
77 140 10
77 156 6
77 181 8
77 350 2
77 416 10
78 86 3
78 123 10
78 127 6
78 175 8
78 200 5
78 226 8
78 227 1
78 238 9
78 350 1
78 401 1
78 409 6
79 180 2
79 182 5
79 229 7
79 280 5
79 319 3
79 419 5
79 450 1
79 468 7
79 469 1
80 98 1
80 100 6
80 114 9
80 178 1
80 262 2
80 272 1
80 340 1
80 379 1
80 401 2
80 410 6
80 482 4
81 83 2
81 182 5
81 208 9
81 216 4
81 275 5
81 290 2
81 302 1
81 399 4
81 410 10
81 472 3
82 120 9
82 205 3
82 215 10
82 307 3
82 324 10
82 338 2
82 370 7
82 436 10
82 462 4
83 177 6
83 243 8
83 347 6
83 354 8
83 370 7
83 481 1
84 108 3
84 169 5
84 254 3
84 366 9
84 381 3
84 428 4
85 144 1
85 167 4
85 199 3
85 259 5
85 325 8
85 363 7
85 371 5
85 396 3
86 93 3
86 108 7
86 109 4
86 166 4
86 198 10
86 283 4
86 358 2
86 373 3
86 450 1
87 106 9
87 246 10
87 294 8
87 304 4
87 355 4
87 398 8
87 442 8
87 447 9
87 491 1
88 205 6
88 215 2
88 250 8
88 276 3
88 294 6
88 315 7
88 318 1
88 348 6
88 385 2
88 459 10
88 485 6
89 138 8
89 166 7
89 295 2
89 302 2
89 336 3
89 465 10
89 479 4
90 91 3
90 94 10
90 100 6
90 110 6
90 111 10
90 181 8
90 231 3
90 245 10
90 280 2
90 283 8
90 329 1
90 392 4
90 468 6
90 483 4
91 92 10
91 96 9
91 102 2
91 126 6
91 130 2
91 332 7
91 347 9
91 419 10
91 423 10
91 439 8
92 179 7
92 307 7
92 340 9
92 341 3
92 432 5
92 442 10
92 480 9
93 112 6
93 190 1
93 323 4
93 365 4
93 373 8
93 412 2
93 414 5
93 428 5
93 498 8
94 169 2
94 182 4
94 226 2
94 320 7
94 435 9
94 489 8
95 122 6
95 127 3
95 129 9
95 135 7
95 155 7
95 237 6
95 349 3
95 377 5
95 475 4
96 116 5
96 151 3
96 248 4
96 249 3
96 290 9
96 312 9
96 359 2
96 410 6
96 428 8
96 458 3
96 464 3
97 115 3
97 233 7
97 329 4
97 356 5
98 218 2
98 241 8
98 278 9
98 297 8
98 307 9
98 355 5
98 415 9
98 423 7
98 435 1
98 484 10
99 118 6
99 195 5
99 231 5
99 391 5
99 456 10
100 199 8
100 289 6
100 346 6
100 383 6
100 393 4
100 408 1
100 487 8
101 172 6
101 180 10
101 224 3
101 359 8
101 466 8
102 114 6
102 124 9
102 163 1
102 298 10
102 310 2
102 381 9
102 420 2
102 422 10
102 445 2
102 489 6
103 125 9
103 143 3
103 184 2
103 237 5
103 369 5
104 110 6
104 240 2
104 320 2
104 353 5
104 388 1
104 394 5
104 404 9
104 410 4
104 413 6
104 435 8
104 489 4
105 112 9
105 113 3
105 129 8
105 235 6
105 249 8
105 372 2
105 398 7
106 123 3
106 193 9
106 211 5
106 221 7
106 246 9
106 252 10
106 317 2
106 411 6
106 428 6
106 483 6
107 212 9
107 258 3
107 262 3
107 273 10
107 317 3
107 335 6
107 350 1
107 488 1
108 153 6
108 175 6
108 183 3
108 223 8
108 284 7
108 308 8
108 357 1
108 383 2
108 392 8
109 222 7
109 223 10
109 266 4
109 268 10
109 329 2
109 449 6
110 144 1
110 151 5
110 174 9
110 293 10
110 314 9
110 332 6
110 349 10
110 390 3
110 439 4
110 451 10
110 454 5
110 492 10
111 116 10
111 221 7
111 253 6
111 254 8
111 309 6
111 370 7
111 434 6
111 442 8
112 160 1
112 208 7
112 225 5
112 230 3
112 335 10
112 350 3
112 388 3
113 131 1
113 189 2
113 257 3
113 333 3
113 439 4
113 476 4
113 495 8
113 497 4
114 131 7
114 156 7
114 162 7
114 193 1
114 194 5
114 196 9
114 234 10
114 280 5
114 330 10
114 426 1
114 441 7
114 454 9
115 116 1
115 162 5
115 197 9
115 265 1
115 335 6
115 342 2
115 370 1
115 449 7
116 216 7
116 224 4
116 241 4
116 264 1
116 452 10
117 132 1
117 172 2
117 193 10
117 234 4
117 261 4
117 278 4
117 296 9
117 340 2
117 420 9
117 467 1
118 214 6
118 254 9
118 356 3
118 376 6
118 411 7
118 437 9
118 463 2
119 135 4
119 254 2
119 263 6
119 267 1
119 368 9
119 371 4
119 468 7
119 477 4
120 178 4
120 186 5
120 255 8
120 307 10
120 404 6
120 452 10
120 465 7
120 497 8
121 149 3
121 279 5
121 292 1
121 293 2
121 299 7
121 402 7
121 416 6
121 447 7
121 471 5
122 129 4
122 155 4
122 176 8
122 401 7
122 411 1
122 421 8
122 487 5
123 145 8
123 151 4
123 233 5
123 416 5
124 206 9
124 215 1
124 294 5
124 486 10
125 154 9
125 184 8
125 234 8
125 283 3
125 300 10
125 455 6
125 468 6
126 283 3
126 286 6
126 287 5
126 299 9
126 318 8
126 400 9
126 456 1
127 161 3
127 166 2
127 316 7
127 366 5
127 374 5
127 402 1
127 426 1
127 465 8
127 491 9
128 276 1
128 315 10
128 336 5
128 356 5
128 431 8
129 269 6
129 272 1
129 303 3
129 336 4
129 362 4
129 387 1
129 396 10
129 470 1
129 496 9
130 156 6
130 160 8
130 198 7
130 240 1
130 258 4
130 278 10
130 316 7
131 179 9
131 180 9
131 323 5
131 348 2
131 453 10
131 490 8
131 498 4
132 135 7
132 266 5
132 329 8
132 406 7
132 411 8
133 169 3
133 184 3
133 197 10
133 238 8
133 320 8
133 363 4
133 375 3
133 399 1
133 423 6
134 144 9
134 194 2
134 219 6
134 283 8
134 333 1
134 381 9
134 387 6
135 273 1
135 290 4
135 474 8
135 492 2
136 162 7
136 163 4
136 202 3
136 264 5
136 295 5
136 344 10
136 361 3
136 374 5
136 481 5
137 377 4
137 384 9
137 396 3
137 485 5
138 225 10
138 262 10
138 270 4
138 308 8
138 369 1
139 172 5
139 185 3
139 202 7
139 218 9
139 219 10
139 288 4
139 336 4
139 402 8
139 468 9
140 190 10
140 218 2
140 248 4
140 250 5
140 390 6
140 488 1
141 149 2
141 169 3
141 197 8
141 282 3
142 147 1
142 149 10
142 163 4
142 185 8
142 286 1
142 350 2
142 413 7
143 152 5
143 253 9
143 309 4
143 392 1
143 457 2
143 487 1
144 148 10
144 211 3
144 218 8
144 225 5
144 312 2
144 365 8
144 413 10
144 428 3
145 303 6
145 322 2
145 345 4
145 377 1
145 379 7
145 384 10
145 405 6
145 492 8
146 197 6
146 385 1
146 443 10
146 480 5
146 489 9
147 160 7
147 162 7
147 310 10
147 311 1
147 347 1
148 195 3
148 253 2
148 276 4
148 428 2
148 445 3
148 450 8
148 456 2
149 211 2
149 233 9
149 345 4
149 394 9
149 499 9
150 157 6
150 196 3
150 222 2
150 229 6
150 392 9
151 194 8
151 236 3
151 262 5
151 340 6
151 348 8
151 411 4
151 420 1
151 433 4
151 494 6
152 255 2
152 307 8
152 323 5
152 368 5
152 377 5
152 380 1
152 482 2
153 158 7
153 176 6
153 207 5
153 286 10
153 321 1
153 326 10
153 329 3
153 366 4
153 481 10
153 488 2
154 186 3
154 202 1
154 211 1
154 235 1
154 237 6
154 267 3
154 325 7
154 370 7
154 397 5
154 436 8
155 167 7
155 199 3
155 258 10
155 311 8
155 361 1
155 387 6
156 218 1
156 303 5
156 316 6
156 371 9
156 410 6
156 411 7
156 422 10
156 486 3
157 170 1
157 216 4
157 244 1
157 424 9
157 459 9
158 324 3
158 342 5
158 347 10
158 435 1
158 442 5
159 169 9
159 200 8
159 202 3
159 322 6
159 369 9
159 379 8
159 449 9
159 457 3
160 169 7
160 174 7
160 187 8
160 192 6
160 235 3
160 239 4
160 247 3
160 263 6
160 269 6
160 344 5
160 403 8
160 406 5
160 430 8
160 490 5
161 311 10
161 364 1
161 370 10
161 419 8
161 421 10
162 169 5
162 196 1
162 204 6
162 209 10
162 314 2
162 350 5
162 374 8
162 404 9
162 454 3
163 175 6
163 222 2
163 244 10
163 263 10
163 308 10
163 358 2
163 379 4
163 424 9
163 441 7
163 486 8
164 292 5
164 388 8
164 389 2
164 402 7
165 269 6
165 291 4
165 293 9
165 362 1
165 375 9
165 394 6
166 218 10
166 257 1
166 313 5
166 340 2
166 400 10
166 401 6
166 465 6
167 265 8
167 288 4
167 332 7
167 439 10
167 468 8
167 499 2
168 249 9
168 263 1
168 291 2
168 447 9
168 449 7
168 452 1
168 493 8
169 172 2
169 212 4
169 246 9
169 284 6
169 293 3
169 317 1
169 323 5
169 336 8
170 171 8
170 206 3
170 231 3
170 244 10
170 378 8
170 465 6
171 260 8
171 415 10
171 418 7
171 471 3
171 475 3
172 243 5
172 245 6
172 287 6
172 327 9
172 452 4
172 490 10
173 220 10
173 248 9
173 274 6
173 299 7
173 397 5
173 467 2
173 498 10
174 232 2
174 313 4
174 334 4
174 429 10
174 481 3
174 483 7
175 263 5
175 268 3
175 284 7
175 309 9
175 315 7
175 374 1
175 444 5
175 455 3
175 466 4
175 478 10
176 226 9
176 234 10
176 384 10
176 414 2
176 416 5
176 479 4
176 487 5
177 198 9
177 216 1
177 255 10
177 312 6
177 316 5
177 365 6
177 368 2
177 424 6
177 459 7
177 480 6
178 244 9
178 372 5
178 439 4
178 475 9
179 208 9
179 268 5
179 416 2
179 476 1
180 183 6
180 204 6
180 220 5
180 356 1
180 391 9
180 413 8
181 242 7
181 260 8
181 387 5
181 396 6
181 492 10
182 216 10
182 267 10
182 294 1
182 333 3
182 346 8
182 372 1
182 457 3
183 194 5
183 224 6
183 232 7
183 326 3
183 345 3
183 364 6
183 387 10
183 388 3
183 399 7
184 195 4
184 224 5
184 246 10
184 270 8
184 353 2
184 386 6
184 417 6
185 235 2
185 253 4
185 314 5
185 336 6
185 405 2
185 406 9
185 492 1
186 188 8
186 207 7
186 250 2
186 277 8
186 334 8
186 460 10
187 336 7
187 341 9
187 447 1
187 488 1
188 338 1
188 352 3
189 197 6
189 223 3
189 235 3
189 291 3
189 387 7
189 393 7
189 494 5
190 292 10
190 305 8
190 384 10
190 401 9
190 413 7
191 201 5
191 218 10
191 292 3
191 323 5
191 354 7
191 395 6
191 427 10
191 453 7
191 462 5
192 283 6
192 341 7
192 379 1
192 406 1
192 427 2
192 466 6
192 475 6
192 488 9
192 497 2
193 249 6
193 336 6
193 413 7
194 214 1
194 288 1
194 300 8
194 459 10
194 492 1
194 495 7
195 205 7
195 247 10
195 281 10
195 358 7
196 406 10
196 499 6
197 252 8
197 299 9
197 314 3
198 249 10
198 265 6
198 325 2
198 342 4
198 382 4
198 426 5
198 445 10
199 224 2
199 237 7
199 247 9
199 259 6
199 268 4
199 287 9
199 318 9
199 397 3
199 432 9
199 441 1
199 480 9
200 220 3
200 265 2
200 279 5
200 312 2
200 318 7
200 334 9
200 375 9
200 411 6
200 473 9
200 476 9
201 431 4
202 238 8
202 256 7
202 262 4
202 286 7
202 348 8
202 380 3
202 438 4
202 440 6
203 266 4
203 307 2
203 372 8
203 416 3
203 482 2
203 497 4
204 347 2
204 352 2
204 379 1
204 401 8
204 418 8
204 419 1
204 440 2
205 210 4
205 212 10
205 335 2
205 370 1
206 212 2
206 239 4
206 261 5
206 300 3
206 348 5
206 422 9
206 444 5
207 212 7
207 294 1
207 349 3
207 418 4
207 454 9
207 476 3
208 225 5
208 268 6
208 299 3
208 359 3
209 244 4
209 249 7
209 369 9
209 373 7
210 287 10
210 301 1
210 385 1
210 493 6
211 262 6
211 384 6
211 464 6
211 469 4
212 293 8
212 387 10
212 392 5
212 399 9
213 214 10
213 220 7
213 238 10
213 358 10
213 376 4
213 445 1
213 446 6
214 274 7
214 322 9
214 332 9
214 453 3
214 488 2
215 243 7
215 278 9
215 292 1
215 446 9
215 458 2
215 497 5
216 264 7
216 279 6
216 302 9
216 409 2
216 482 1
217 297 2
217 326 7
217 469 8
217 480 9
217 492 3
218 280 3
218 299 3
218 336 10
218 375 8
218 396 4
218 427 8
218 456 4
218 480 7
219 222 8
219 286 5
219 313 4
219 432 7
219 472 7
220 239 6
220 297 2
220 350 3
220 373 3
220 491 6
221 334 1
221 440 7
221 469 7
221 493 9
221 496 5
222 299 5
222 311 6
222 321 8
222 350 4
222 388 5
222 459 5
222 477 5
223 250 3
223 304 2
223 350 4
223 479 7
223 494 8
224 248 2
224 291 8
224 308 1
224 316 2
224 333 9
224 354 4
224 391 7
224 452 7
224 454 7
225 282 7
225 311 1
225 361 10
225 365 7
225 366 9
225 499 4
226 244 10
226 256 1
226 415 2
226 441 5
227 309 8
227 356 1
227 437 7
227 440 9
227 498 9
228 374 4
228 399 10
228 485 1
229 231 4
229 352 3
229 406 1
229 450 4
229 478 8
230 310 5
230 355 4
230 357 6
230 393 4
230 475 10
230 485 5
230 488 9
231 261 3
231 282 5
231 283 7
231 285 7
231 451 8
231 472 9
232 263 8
232 289 3
232 381 3
232 387 10
232 398 8
232 442 8
232 449 5
232 468 2
233 263 9
233 307 4
233 373 6
233 375 3
233 383 6
233 404 5
233 410 4
233 494 10
234 237 6
234 286 9
234 288 8
234 419 1
234 443 10
234 470 10
234 473 9
234 491 2
235 243 1
235 253 10
235 273 3
235 360 10
235 499 8
236 246 2
236 269 3
236 302 9
236 335 1
236 386 10
236 387 5
236 404 6
236 415 6
236 421 2
236 427 8
236 451 3
236 468 4
236 495 6
237 244 4
237 324 8
237 389 1
238 333 10
238 389 5
238 420 5
238 493 6
239 252 3
239 269 6
239 419 4
239 437 3
240 353 9
240 384 5
240 441 9
241 262 8
241 285 4
241 370 10
241 408 9
241 464 5
241 484 8
242 257 5
242 259 4
242 436 9
243 385 3
243 403 5
243 474 6
244 467 3
244 494 6
245 291 1
245 324 8
245 327 1
245 353 6
245 427 10
246 294 8
246 387 10
246 438 3
246 456 9
247 262 9
247 497 2
248 294 3
248 395 3
249 300 2
249 359 6
249 421 6
249 423 3
250 285 8
250 321 4
250 346 7
250 383 2
250 498 2
251 280 10
251 304 6
251 326 7
251 369 10
251 380 2
251 453 6
252 300 10
252 355 6
252 384 10
252 416 2
252 422 9
253 263 5
253 277 1
253 291 9
253 312 6
254 262 3
254 362 8
254 365 1
254 415 5
255 264 6
255 297 9
255 398 5
256 280 10
256 397 3
256 419 9
257 266 7
257 267 4
257 284 7
257 286 1
257 319 5
257 363 4
257 378 1
257 381 5
257 430 8
257 475 6
258 386 9
258 391 4
258 404 9
258 457 10
259 282 10
259 297 1
259 384 5
259 385 9
259 397 7
259 398 7
259 456 3
259 457 8
259 475 2
259 483 8
260 307 8
260 368 9
260 385 7
260 440 1
261 335 4
261 344 9
261 359 2
261 403 8
261 408 7
261 452 6
261 486 5
262 269 3
262 287 4
262 461 8
263 319 8
263 344 8
263 403 10
263 411 4
263 414 8
263 462 7
264 290 2
264 368 5
264 479 7
266 328 9
266 441 3
266 454 4
266 472 4
266 494 6
267 296 1
267 329 5
267 336 3
267 346 5
267 361 3
267 408 5
267 426 9
267 440 4
268 282 6
268 285 2
268 366 9
268 401 2
268 480 6
269 313 10
269 333 10
269 343 5
269 384 5
269 496 5
270 321 10
270 339 6
270 405 3
270 469 10
271 338 4
271 352 5
271 358 10
271 435 8
272 293 7
272 300 6
272 323 9
272 379 6
272 407 1
272 464 2
273 327 5
273 380 2
273 433 4
273 437 5
273 450 1
273 455 1
274 277 7
274 278 2
274 282 9
274 321 3
274 338 7
274 339 7
274 442 6
274 471 7
274 489 9
275 360 1
275 379 8
275 399 6
275 457 2
275 479 1
276 355 7
276 403 3
276 446 9
277 314 6
277 325 8
277 375 5
277 394 8
277 405 6
277 489 10
277 497 6
278 441 1
278 479 5
278 484 4
279 285 3
279 381 6
279 396 3
279 484 7
280 370 1
280 396 3
281 287 4
281 299 4
281 488 6
282 333 3
282 346 4
282 347 7
282 475 3
282 481 4
283 320 1
283 338 7
283 352 8
283 371 6
283 419 4
283 487 6
285 324 5
285 389 7
285 409 3
285 432 1
285 499 4
286 287 4
286 332 2
286 367 10
286 377 1
286 387 2
286 415 7
286 418 7
286 433 7
286 465 10
286 483 7
287 317 10
287 377 6
288 430 8
288 466 7
288 472 5
288 492 10
289 314 8
289 318 10
289 322 2
289 395 1
290 291 3
290 370 6
290 425 2
290 499 1
291 300 6
291 327 7
291 340 4
291 452 3
292 356 6
292 487 5
293 478 3
293 497 10
294 310 4
294 349 3
294 404 6
294 413 10
295 320 5
295 396 6
295 399 6
295 454 2
295 465 4
296 325 2
296 330 1
296 457 9
297 299 5
297 340 6
297 360 8
297 445 4
298 305 3
298 334 10
298 355 7
298 424 3
299 322 6
299 337 2
299 389 1
299 451 9
299 471 7
300 321 7
300 348 2
300 427 3
300 490 2
301 310 3
301 344 1
301 424 10
302 308 7
302 314 8
302 404 7
302 406 4
302 498 3
303 309 4
303 324 1
303 387 5
303 463 10
304 306 10
304 307 5
304 323 1
304 385 9
305 340 10
305 353 8
305 373 10
305 393 8
305 438 8
305 472 5
305 479 8
306 325 8
306 362 1
306 398 10
306 427 7
306 437 2
306 474 4
307 350 2
307 433 7
307 437 9
307 439 2
307 444 9
307 452 4
307 470 3
307 481 7
308 349 7
308 354 10
308 413 10
310 385 6
310 448 6
310 480 7
311 312 5
311 354 10
311 498 10
312 338 8
312 346 1
312 442 3
313 397 4
313 421 9
314 358 7
315 340 6
315 408 4
315 467 8
315 494 3
316 369 3
316 392 2
316 448 9
317 354 5
317 437 6
318 377 9
318 401 7
318 406 4
318 415 10
318 418 5
319 326 6
320 396 5
320 448 3
321 371 10
321 425 9
321 447 7
321 479 6
321 482 9
322 381 7
323 369 7
323 437 8
324 341 7
324 381 9
324 416 8
324 434 10
324 437 8
324 479 5
325 400 10
325 417 7
326 394 6
326 395 6
327 383 8
328 329 7
328 358 6
328 373 6
328 409 9
329 378 2
329 459 6
330 361 2
330 388 10
330 424 7
330 456 2
330 483 4
331 364 3
331 366 5
331 377 4
331 442 9
331 448 6
331 490 4
332 341 6
332 452 1
333 371 1
333 386 6
333 395 5
333 487 5
334 388 10
334 418 7
336 364 4
336 474 5
337 423 2
337 427 8
338 347 5
338 389 7
338 494 1
339 402 10
340 444 8
340 452 7
340 497 7
341 401 4
341 429 1
341 430 3
341 490 6
342 348 1
342 361 4
342 441 6
342 448 9
343 379 7
343 450 7
343 475 2
344 350 10
344 391 5
344 477 2
344 497 1
345 413 2
345 469 5
346 391 8
347 407 9
347 408 4
347 463 3
348 386 3
348 434 9
349 380 9
349 404 2
349 425 2
350 360 9
350 376 3
350 396 7
351 365 4
351 371 5
351 379 4
351 388 7
351 492 4
352 372 10
352 378 4
352 450 7
352 494 6
353 409 9
353 413 10
354 384 9
354 472 1
355 468 5
356 394 4
356 425 8
357 362 4
357 402 7
357 487 8
358 386 10
358 398 2
358 466 9
358 470 2
360 393 2
360 403 1
360 433 1
360 449 2
360 492 6
361 363 9
361 419 5
362 384 9
362 385 9
362 495 5
364 396 8
364 398 8
364 426 10
364 484 7
364 491 3
364 497 10
365 389 7
365 470 10
365 490 1
366 380 7
366 404 9
366 418 6
366 463 9
366 467 8
367 403 9
367 495 7
368 375 2
368 383 9
368 391 2
369 371 6
369 430 5
369 463 7
370 415 4
372 427 3
373 413 10
373 417 4
373 433 3
373 441 6
373 487 9
374 415 9
375 395 5
376 455 8
376 456 7
376 472 1
377 417 8
377 437 10
377 469 10
378 402 9
378 435 4
378 459 8
379 444 5
379 461 6
380 403 10
380 413 8
380 437 5
380 445 7
380 466 9
381 383 4
381 464 4
381 492 4
382 409 7
382 426 9
382 442 3
382 497 9
383 385 6
383 422 1
383 449 2
383 451 1
384 393 1
384 460 6
384 482 3
385 423 5
385 455 8
386 444 5
387 426 2
387 463 5
387 472 2
388 425 9
388 434 10
388 437 2
388 480 2
389 395 8
389 472 9
389 479 3
390 464 4
391 449 9
392 404 5
392 412 1
392 416 7
393 426 3
393 491 2
394 446 10
394 453 4
394 477 4
395 437 6
395 454 10
396 423 7
397 433 2
398 404 8
398 444 2
398 493 6
399 401 4
400 457 7
401 482 4
402 441 10
404 445 9
404 446 5
406 412 10
407 423 3
407 441 6
408 426 3
408 457 3
408 473 2
409 424 1
409 435 5
410 419 1
410 436 8
410 442 9
410 479 5
411 453 4
412 423 3
412 437 1
414 477 7
415 436 8
416 426 1
418 428 1
419 426 5
419 457 1
420 460 1
421 434 6
421 450 3
421 498 10
421 499 8
422 433 1
423 426 8
423 465 8
423 497 9
424 457 6
425 442 9
425 477 8
426 436 6
426 450 4
428 454 4
430 433 5
430 497 7
431 439 8
431 481 8
432 434 1
433 446 5
433 452 8
433 486 10
434 482 9
435 452 1
435 492 10
436 472 9
437 445 4
437 491 7
438 460 9
439 484 10
441 468 3
451 474 1
453 473 10
453 491 8
455 477 4
456 464 1
456 471 5
457 472 8
458 474 7
459 491 5
460 474 8
461 465 5
461 494 6
463 484 9
466 473 1
466 498 4
469 474 4
469 489 6
470 483 6
473 499 8
476 491 4
477 485 8
482 486 4
5
124 124
84 108 3
251 326 7
122 176 8
251 304 6
130 156 6
235 243 1
53 62 4
81 399 4
18 120 3
24 83 7
95 237 6
72 422 4
26 374 2
116 264 1
151 494 6
218 396 4
260 440 1
330 388 10
174 481 3
26 213 6
22 88 10
79 180 2
328 409 9
307 437 9
17 41 5
98 278 9
88 250 8
119 263 6
161 364 1
144 148 10
48 482 10
234 288 8
139 172 5
71 362 10
159 322 6
231 261 3
263 411 4
86 108 7
233 375 3
2 435 9
38 227 8
86 373 3
191 323 5
311 354 10
108 223 8
200 375 9
98 297 8
26 72 4
217 469 8
7 302 8
121 416 6
33 198 9
183 326 3
25 456 5
22 415 10
65 200 5
144 428 3
35 184 6
110 293 10
188 338 1
14 335 1
168 449 7
206 422 9
53 382 7
35 281 4
435 452 1
42 112 6
111 434 6
199 441 1
2 40 4
300 427 3
31 434 7
70 115 5
199 224 2
66 205 10
269 496 5
102 310 2
9 197 9
40 229 6
210 287 10
219 432 7
261 359 2
115 342 2
308 413 10
73 290 2
56 473 2
185 405 2
95 122 6
14 294 7
189 223 3
181 396 6
159 369 9
64 498 7
365 490 1
148 195 3
23 170 5
164 389 2
355 468 5
136 344 10
24 428 10
136 295 5
286 418 7
86 198 10
114 156 7
34 435 6
259 282 10
235 499 8
10 86 4
114 193 1
147 310 10
316 448 9
48 263 1
53 56 8
47 347 10
351 492 4
5 445 10
111 221 7
18 69 9
170 206 3
311 312 5
8 436 8
68 456 2
100 393 4
453 491 8
322 357 3
107 185 7
8 99 6
397 210 9
479 81 6
171 293 2
364 262 10
278 174 4
305 319 3
441 386 4
111 383 8
245 385 2
443 207 5
104 342 8
169 38 4
424 239 3
492 40 1
391 461 2
125 317 6
127 371 9
441 140 9
463 193 5
356 87 1
86 352 10
14 276 5
91 311 2
490 399 4
131 349 9
76 381 6
10 150 1
369 223 6
406 487 9
128 156 4
486 422 7
11 21 9
73 455 4
423 340 8
127 100 4
60 11 1
387 89 6
497 414 8
377 257 2
248 381 5
74 451 5
299 453 7
108 90 4
372 102 7
97 452 5
301 174 3
82 104 5
315 309 4
207 242 3
281 432 6
270 417 7
300 366 6
240 321 3
177 88 10
494 324 5
382 89 7
198 319 3
138 266 2
267 473 3
0 335 4
52 321 6
311 322 8
0 259 9
479 93 1
114 241 9
494 85 1
275 44 7
124 43 3
190 296 1
418 267 3
270 54 1
260 191 7
126 382 7
211 120 1
5 356 8
271 475 3
239 116 5
313 79 2
60 46 3
76 466 8
51 169 1
230 151 4
66 266 2
100 4 9
262 13 8
93 228 3
376 131 8
101 293 6
82 125 2
220 370 8
485 220 2
87 397 7
300 439 2
422 231 9
206 342 7
97 125 8
471 169 3
33 443 3
136 101 3
363 129 10
362 63 10
121 371 5
467 313 8
468 265 5
435 290 8
283 22 9
321 433 7
86 104 9
459 342 8
499 286 6
30 392 5
230 258 1
449 252 9
127 21 10
211 89 7
123 290 8
275 158 2
220 325 7
1 439 10
346 9 9
445 261 4
124 124
125 154 9
36 429 8
34 362 2
456 471 5
331 366 5
43 146 10
205 210 4
70 369 6
162 209 10
20 381 9
107 212 9
129 269 6
297 445 4
111 253 6
407 441 6
51 91 3
122 411 1
34 315 3
149 233 9
93 479 1
241 464 5
9 285 10
134 194 2
10 189 10
376 456 7
150 157 6
59 414 2
194 214 1
285 432 1
331 490 4
20 36 3
139 288 4
27 187 10
129 496 9
44 353 9
20 282 5
66 278 7
58 325 8
213 238 10
34 249 8
92 432 5
409 424 1
266 494 6
96 464 3
32 112 4
140 390 6
125 234 8
272 323 9
101 172 6
232 468 2
0 395 7
433 486 10
207 242 3
157 216 4
86 104 9
268 480 6
340 423 8
82 370 7
299 471 7
160 174 7
42 354 8
22 283 9
369 371 6
14 358 7
289 322 2
214 488 2
191 462 5
109 266 4
211 464 6
150 229 6
120 452 10
316 369 3
36 300 6
212 293 8
99 118 6
466 498 4
99 456 10
176 479 4
425 442 9
96 458 3
42 282 8
321 447 7
172 243 5
174 483 7
45 303 2
74 314 4
40 349 9
42 83 6
135 273 1
249 421 6
384 482 3
268 285 2
86 358 2
89 211 7
87 397 7
241 262 8
177 368 2
251 369 10
160 430 8
121 279 5
65 431 2
74 110 4
344 391 5
32 368 10
174 301 3
77 181 8
303 387 5
308 349 7
342 459 8
198 265 6
318 401 7
96 248 4
46 461 6
456 464 1
88 294 6
115 265 1
100 127 4
166 257 1
398 493 6
59 129 3
404 446 5
274 321 3
102 114 6
103 125 9
247 388 5
119 344 4
223 299 1
113 376 9
349 217 7
441 20 5
302 172 5
439 77 9
355 425 7
143 27 5
470 111 2
239 261 1
341 70 1
288 122 9
140 284 10
259 244 10
146 468 7
498 31 10
176 207 8
111 228 3
356 225 6
103 187 2
348 68 6
139 367 4
2 417 9
468 444 4
37 412 7
140 2 10
425 158 1
257 404 8
348 349 5
426 262 2
142 307 2
402 442 4
163 301 4
323 482 5
177 197 5
63 326 6
410 39 2
468 432 5
112 475 8
314 488 5
182 224 4
331 399 4
88 447 1
336 395 2
497 384 2
409 121 5
97 238 8
174 243 2
205 187 8
338 282 8
422 69 4
112 326 6
359 298 9
401 338 8
217 134 4
9 241 1
212 39 2
343 238 1
92 236 4
493 464 2
370 138 7
186 225 6
158 446 10
362 91 2
269 90 7
174 185 4
308 376 8
292 373 5
202 480 2
429 478 10
405 356 3
44 498 4
39 236 6
491 103 1
490 484 2
223 55 3
112 357 6
58 467 1
248 163 1
282 199 1
128 180 9
416 328 9
261 352 7
352 403 2
87 270 4
308 471 2
397 274 6
280 356 2
65 131 9
119 392 5
262 273 5
290 423 1
101 474 1
190 422 1
396 387 4
362 164 10
309 208 6
1 329 9
162 31 6
444 287 5
144 337 10
438 167 9
184 159 9
306 204 9
344 41 2
234 260 1
252 136 8
43 206 5
379 392 7
330 201 7
361 223 4
325 453 1
341 45 1
198 266 4
285 378 3
35 80 6
459 129 6
205 403 10
98 282 9
163 153 6
440 224 1
320 441 2
124 124
139 202 7
73 367 5
176 207 8
159 202 3
131 349 9
59 206 6
114 196 9
26 294 4
41 44 10
104 410 4
168 447 9
191 395 6
171 471 3
191 354 7
292 373 5
156 411 7
285 389 7
316 392 2
315 408 4
220 350 3
344 350 10
146 468 7
121 409 5
257 266 7
70 235 7
12 112 9
274 489 9
153 366 4
382 409 7
291 452 3
7 191 9
209 369 9
206 342 7
70 360 6
50 205 9
165 269 6
223 361 4
387 463 5
59 466 2
83 481 1
52 153 6
183 232 7
145 492 8
194 495 7
245 291 1
295 399 6
141 149 2
311 498 10
204 379 1
14 332 10
60 160 4
178 439 4
143 152 5
3 384 10
66 353 10
394 477 4
1 187 2
33 443 3
209 249 7
329 378 2
169 317 1
58 155 2
431 481 8
39 250 6
144 211 3
87 491 1
288 466 7
357 487 8
290 291 3
351 371 5
72 278 1
100 383 6
26 107 3
44 498 4
271 338 4
95 475 4
286 377 1
171 260 8
112 230 3
40 63 7
119 368 9
212 387 10
50 202 8
328 373 6
35 326 2
28 105 2
283 320 1
255 398 5
246 387 10
259 457 8
303 463 10
88 348 6
140 250 5
77 103 1
231 422 9
5 346 8
100 199 8
212 399 9
175 315 7
148 276 4
229 406 1
31 498 10
370 415 4
111 383 8
234 286 9
118 463 2
262 273 5
229 450 4
222 477 5
275 399 6
89 336 3
190 305 8
199 282 1
96 312 9
186 225 6
50 300 7
221 493 9
235 273 3
64 118 7
231 283 7
200 318 7
61 253 1
114 194 5
162 169 5
359 62 6
221 430 5
439 335 7
373 6 4
342 372 4
101 341 9
247 424 2
333 357 6
499 137 6
401 435 2
475 413 7
186 449 1
230 235 8
264 345 2
460 214 3
122 451 4
251 159 8
166 87 6
457 388 7
66 263 6
206 118 5
395 494 4
281 89 1
443 245 3
237 169 7
178 93 3
450 460 8
71 66 6
206 355 10
366 402 10
336 368 3
96 413 9
461 316 5
67 404 9
496 236 8
259 337 6
292 497 1
6 35 3
169 66 7
30 239 10
89 192 3
0 201 8
498 454 8
56 19 3
373 28 2
49 370 10
102 156 10
479 32 7
360 351 1
322 212 10
472 296 9
170 40 8
179 71 7
479 431 4
284 463 8
199 488 1
482 361 8
105 433 8
12 381 7
271 463 6
67 264 7
172 228 8
258 32 4
275 220 2
67 308 10
310 34 1
284 357 9
402 9 7
469 382 10
267 427 7
442 466 5
9 79 3
351 111 6
47 113 5
19 44 1
255 421 4
11 43 10
300 281 10
403 217 2
375 409 2
78 488 6
202 336 6
263 213 6
52 387 2
246 112 10
430 471 6
91 213 7
258 1 6
19 197 6
353 375 8
27 241 2
74 220 2
84 87 9
401 36 6
362 424 1
161 183 8
450 244 10
169 4 2
374 227 3
127 301 1
248 0 3
230 362 5
231 128 5
368 61 9
45 210 5
73 365 5
485 60 7
473 93 2
482 318 3
265 187 10
366 161 2
128 202 10
285 2 4
412 17 4
75 52 2
98 274 4
27 108 3
73 388 5
220 366 8
351 239 9
259 61 6
63 302 2
491 50 8
285 10 7
124 124
388 437 2
127 465 8
163 222 2
175 444 5
222 299 5
303 324 1
380 445 7
35 190 3
62 96 7
154 237 6
298 305 3
107 262 3
127 371 9
239 269 6
45 348 4
12 185 6
132 329 8
105 433 8
123 151 4
120 404 6
44 136 5
202 348 8
279 484 7
378 459 8
113 495 8
106 221 7
57 181 4
39 381 9
296 472 9
203 266 4
469 474 4
364 484 7
239 419 4
169 284 6
71 438 6
182 333 3
52 85 2
8 146 10
122 487 5
17 447 5
108 383 2
7 53 8
230 357 6
324 494 5
79 419 5
302 406 4
38 151 2
73 455 4
230 235 8
321 433 7
63 124 5
353 375 8
391 461 2
146 489 9
135 290 4
49 455 4
263 319 8
37 295 5
372 427 3
171 475 3
118 356 3
212 322 10
133 197 10
102 372 7
115 370 1
374 415 9
175 478 10
78 488 6
71 191 8
4 127 8
268 401 2
93 365 4
49 327 2
37 440 10
198 325 2
154 267 3
361 482 8
362 495 5
24 222 6
44 373 6
231 451 8
175 374 1
394 453 4
300 490 2
121 292 1
108 153 6
274 277 7
267 361 3
5 89 1
234 473 9
82 205 3
63 313 10
107 185 7
16 44 9
94 226 2
48 148 10
90 392 4
111 254 8
94 320 7
21 371 6
341 429 1
379 461 6
43 265 10
36 445 9
33 435 6
57 361 7
302 308 7
380 466 9
281 488 6
115 162 5
148 445 3
262 461 8
30 88 10
15 226 4
223 350 4
144 312 2
188 352 3
413 475 7
91 423 10
122 288 9
0 335 4
23 316 1
23 78 9
389 479 3
112 218 1
451 296 7
172 483 4
202 394 4
124 456 5
77 72 9
111 28 2
465 411 9
325 489 5
310 352 6
13 245 8
280 210 1
94 366 5
450 257 10
205 478 10
145 406 9
138 403 5
181 144 1
91 229 5
13 229 10
271 37 1
48 401 10
478 377 3
327 408 5
318 67 2
28 124 10
240 33 1
336 487 8
184 408 6
324 208 4
449 103 4
344 282 8
47 280 1
51 190 9
417 70 2
61 411 10
444 249 5
267 378 3
455 404 1
75 461 1
476 264 4
461 13 8
328 410 8
364 376 5
360 111 2
36 247 6
233 398 6
109 19 9
303 277 4
461 313 10
47 441 8
364 320 6
119 239 8
199 100 2
352 140 3
272 428 8
179 270 7
188 276 4
8 289 3
92 213 2
343 79 2
119 97 5
47 471 1
411 77 5
428 288 6
191 199 6
36 194 1
252 334 4
91 206 2
88 49 3
323 251 7
220 225 8
427 136 3
99 295 1
424 149 5
57 66 4
337 400 1
342 228 9
336 390 6
97 450 2
375 273 6
111 271 6
172 492 7
350 15 10
394 306 7
360 490 5
216 366 6
153 311 7
443 88 8
109 45 9
239 483 3
400 492 2
398 83 4
491 370 4
254 12 10
233 157 5
419 222 7
358 91 7
369 290 6
489 61 6
489 140 6
470 452 9
42 123 8
337 107 5
130 286 6
216 111 9
336 484 6
203 83 2
188 439 1
346 358 6
242 125 4
273 13 8
58 189 6
281 411 4
223 232 8
475 283 5
129 117 2
490 413 6
296 290 6
326 286 10
479 400 6
471 336 8
138 371 9
27 447 2
124 124
7 337 8
88 443 8
226 256 1
79 319 3
45 74 8
13 245 8
88 215 2
223 250 3
166 400 10
11 202 4
260 385 7
17 69 2
184 224 5
304 306 10
106 123 3
177 480 6
267 473 3
223 369 6
153 481 10
404 455 1
91 419 10
33 497 2
44 299 2
22 306 6
122 451 4
63 397 5
48 401 10
153 488 2
163 486 8
252 334 4
83 370 7
320 448 3
153 163 6
152 380 1
410 479 5
96 249 3
259 337 6
50 104 9
65 262 6
238 333 10
266 328 9
347 408 4
314 488 5
40 364 6
199 397 3
192 427 2
80 410 6
153 286 10
248 294 3
89 382 7
196 499 6
321 425 9
90 110 6
112 208 7
59 499 10
264 479 7
130 286 6
149 345 4
324 437 8
263 462 7
273 375 6
50 491 8
23 431 10
69 450 2
72 208 8
39 255 9
93 228 3
148 253 2
84 366 9
55 491 7
109 449 6
91 96 9
112 335 10
287 317 10
158 442 5
47 351 3
357 362 4
242 257 5
422 433 1
111 216 9
77 411 5
101 474 1
6 235 4
279 381 6
59 214 2
14 363 6
75 142 10
33 240 1
1 101 6
248 395 3
55 223 3
308 471 2
428 454 4
305 340 10
119 267 1
75 198 4
138 370 7
261 445 4
90 111 10
42 387 2
364 376 5
53 318 10
64 428 3
52 213 5
154 397 5
73 225 8
273 455 1
310 385 6
373 433 3
37 228 9
278 479 5
101 224 3
64 220 3
244 450 10
114 330 10
157 233 5
336 471 8
228 485 1
48 443 8
364 491 3
39 356 2
203 416 3
204 352 2
247 388 5
310 313 9
9 395 3
309 153 4
360 80 9
116 316 6
395 474 1
209 404 4
472 187 1
93 198 5
172 229 10
147 284 9
99 405 3
187 20 6
87 338 1
265 120 9
189 82 6
396 484 4
153 430 5
301 14 3
270 141 1
397 311 7
449 135 3
64 360 8
226 273 4
347 70 1
111 146 3
225 47 6
216 265 6
76 493 4
496 339 1
411 48 7
273 0 1
416 389 4
196 497 6
52 216 9
323 69 6
223 331 4
62 151 5
342 486 10
384 415 8
113 141 2
431 336 7
499 38 4
261 83 8
471 285 8
33 402 9
385 229 4
14 256 9
338 117 10
210 257 3
285 402 7
313 463 9
333 367 7
241 334 10
418 79 1
354 409 7
337 418 8
378 474 1
298 233 5
410 288 6
94 53 1
36 471 1
294 200 8
455 406 3
401 299 2
135 88 9
214 472 4
210 465 5
92 328 4
268 235 2
228 479 7
134 234 3
175 20 3
476 92 8
69 106 1
271 419 5
28 163 2
4 395 9
481 8 9
409 363 8
81 487 3
349 167 10
376 398 4
367 162 6
464 186 5
444 405 5
340 197 5
204 200 5
394 449 6
249 24 1
340 482 1
188 425 3
19 185 8
245 83 9
153 437 8
352 252 8
105 369 7
352 324 8
287 86 9
470 290 5
19 209 1
156 63 6
157 290 2
490 343 6
376 421 10
223 423 3
32 374 6
183 7 4
328 295 10
178 71 5
49 265 4
298 132 5
80 248 1
266 13 3
52 140 8
33 271 6
364 290 10
7 478 10
444 168 4
286 154 2
305 478 7
226 49 7
460 182 2
2 263 1