6
0 5
1 4
2 4
3 4
4 3
5 3
6 4
7 3
8 4
9 4
10 4
11 5
12 2
13 5
14 5
15 4
16 4
17 4
18 2
19 4
20 1
21 4
22 3
23 4
24 4
25 2
26 4
27 2
28 2
29 4
30 4
31 4
32 1
33 0
34 4
35 3
36 0
37 0
38 4
39 2
40 4
41 4
42 4
43 0
44 2
45 1
46 4
47 1
48 4
49 4
50 4
51 4
52 2
53 1
54 0
55 4
56 4
57 2
58 4
59 5
60 4
61 2
62 4
63 2
64 4
65 3
66 4
67 3
68 2
69 4
70 1
71 4
72 4
73 3
74 3
75 1
76 3
77 2
78 4
79 4
80 4
81 4
82 4
83 2
84 4
85 4
86 1
87 0
88 2
89 4
90 4
91 4
92 4
93 4
94 5
95 2
96 4
97 4
98 1
99 4
100 2
101 4
102 1
103 3
104 2
105 5
106 4
107 0
108 4
109 0
110 5
111 1
112 4
113 1
114 0
115 4
116 1
117 4
118 4
119 3
120 2
121 1
122 4
123 3
124 2
125 2
126 4
127 3
128 2
129 5
130 4
131 3
132 4
133 2
134 4
135 5
136 5
137 4
138 4
139 2
140 2
141 3
142 4
143 4
144 4
145 1
146 4
147 0
148 1
149 4
150 4
151 4
152 4
153 5
154 1
155 4
156 4
157 5
158 5
159 4
160 4
161 4
162 4
163 5
164 5
165 1
166 5
167 5
168 4
169 4
170 1
171 2
172 5
173 4
174 4
175 4
176 1
177 2
178 4
179 1
180 3
181 4
182 1
183 4
184 4
185 5
186 2
187 5
188 4
189 4
190 4
191 4
192 2
193 1
194 4
195 2
196 2
197 2
198 3
199 4
200 4
201 4
202 3
203 5
204 5
205 2
206 2
207 3
208 5
209 2
210 4
211 4
212 4
213 4
214 4
215 5
216 4
217 1
218 4
219 4
220 5
221 0
222 1
223 0
224 3
225 5
226 3
227 4
228 1
229 4
230 3
231 2
232 5
233 5
234 5
235 0
236 2
237 4
238 4
239 2
240 2
241 4
242 5
243 4
244 4
245 1
246 5
247 4
248 4
249 5
250 5
251 2
252 2
253 4
254 4
255 2
256 4
257 2
258 4
259 4
260 4
261 1
262 4
263 4
264 4
265 4
266 2
267 4
268 1
269 5
270 4
271 2
272 4
273 1
274 5
275 4
276 4
277 5
278 0
279 4
280 1
281 4
282 4
283 5
284 2
285 2
286 4
287 2
288 1
289 4
290 0
291 5
292 1
293 2
294 4
295 0
296 5
297 1
298 5
299 4
300 4
301 4
302 1
303 3
304 2
305 4
306 4
307 2
308 2
309 3
310 3
311 1
312 2
313 4
314 5
315 3
316 5
317 1
318 4
319 5
320 4
321 0
322 4
323 4
324 2
325 4
326 4
327 0
328 4
329 4
330 4
331 2
332 4
333 4
334 0
335 5
336 3
337 5
338 5
339 0
340 5
341 1
342 4
343 4
344 4
345 4
346 2
347 4
348 2
349 2
350 3
351 4
352 3
353 1
354 1
355 5
356 1
357 4
358 1
359 1
360 0
361 4
362 4
363 4
364 4
365 5
366 4
367 3
368 4
369 3
370 4
371 1
372 4
373 1
374 2
375 4
376 0
377 1
378 2
379 3
380 4
381 4
382 4
383 4
384 0
385 4
386 5
387 3
388 3
389 5
390 4
391 4
392 2
393 4
394 4
395 4
396 0
397 5
398 4
399 3
400 5
401 5
402 4
403 3
404 4
405 0
406 4
407 4
408 3
409 4
410 0
411 3
412 2
413 4
414 4
415 1
416 4
417 3
418 3
419 1
420 4
421 4
422 1
423 4
424 4
425 1
426 3
427 1
428 4
429 3
430 4
431 4
432 4
433 2
434 4
435 4
436 4
437 2
438 4
439 4
440 1
441 0
442 4
443 4
444 5
445 1
446 5
447 2
448 2
449 1
450 0
451 4
452 4
453 2
454 3
455 5
456 3
457 1
458 1
459 0
460 2
461 3
462 2
463 3
464 2
465 1
466 4
467 4
468 1
469 4
470 4
471 4
472 3
473 2
474 4
475 0
476 2
477 3
478 4
479 4
480 3
481 2
482 4
483 4
484 3
485 4
486 4
487 4
488 4
489 5
490 3
491 0
492 0
493 5
494 5
495 4
496 3
497 5
498 2
499 4
500 3
501 4
502 3
503 4
504 4
505 4
506 2
507 2
508 3
509 1
510 5
511 1
512 4
513 2
514 4
515 5
516 4
517 5
518 5
519 4
520 2
521 1
522 0
523 4
524 0
525 4
526 5
527 3
528 1
529 2
530 4
531 4
532 5
533 1
534 0
535 4
536 5
537 5
538 4
539 0
540 1
541 3
542 4
543 2
544 1
545 4
546 2
547 4
548 5
549 1
550 4
551 3
552 2
553 3
554 5
555 5
556 3
557 0
558 4
559 4
560 5
561 4
562 2
563 2
564 3
565 0
566 4
567 4
568 3
569 4
570 4
571 4
572 5
573 5
574 4
575 4
576 1
577 5
578 5
579 4
580 5
581 2
582 3
583 3
584 3
585 2
586 3
587 4
588 3
589 3
590 2
591 4
592 4
593 4
594 3
595 5
596 1
597 4
598 0
599 4
600 4
601 4
602 4
603 3
604 3
605 4
606 5
607 3
608 4
609 5
610 3
611 5
612 4
613 3
614 4
615 5
616 2
617 5
618 4
619 4
620 2
621 5
622 3
623 4
624 1
625 4
626 4
627 4
628 1
629 4
630 3
631 4
632 4
633 4
634 0
635 4
636 5
637 2
638 5
639 4
640 4
641 4
642 5
643 4
644 4
645 1
646 3
647 4
648 4
649 4
650 1
651 2
652 4
653 0
654 4
655 4
656 1
657 2
658 2
659 3
660 4
661 4
662 4
663 5
664 3
665 4
666 0
667 3
668 1
669 4
670 4
671 2
672 4
673 4
674 2
675 4
676 4
677 5
678 5
679 4
680 3
681 0
682 5
683 4
684 2
685 4
686 4
687 4
688 3
689 5
690 4
691 3
692 3
693 2
694 4
695 0
696 4
697 3
698 5
699 4
700 2
701 4
702 4
703 4
704 5
705 5
706 5
707 4
708 1
709 2
710 4
711 1
712 1
713 4
714 4
715 4
716 5
717 4
718 4
719 4
720 3
721 4
722 2
723 4
724 4
725 4
726 4
727 4
728 4
729 2
730 4
731 3
732 4
733 4
734 2
735 4
736 5
737 2
738 4
739 4
740 4
741 2
742 5
743 1
744 3
745 3
746 4
747 4
748 1
749 4
750 2
751 4
752 4
753 1
754 5
755 5
756 4
757 4
758 4
759 2
760 2
761 5
762 4
763 4
764 4
765 4
766 5
767 4
768 4
769 2
770 1
771 2
772 4
773 5
774 5
775 5
776 4
777 4
778 0
779 4
780 4
781 4
782 4
783 0
784 4
785 4
786 4
787 2
788 4
789 4
790 3
791 4
792 5
793 2
794 0
795 3
796 3
797 0
798 4
799 4
800 3
801 4
802 4
803 3
804 3
805 1
806 4
807 3
808 4
809 4
810 0
811 3
812 2
813 5
814 3
815 0
816 3
817 3
818 4
819 2
820 2
821 5
822 4
823 1
824 4
825 4
826 0
827 3
828 5
829 2
830 4
831 0
832 1
833 4
834 5
835 0
836 5
837 3
838 4
839 5
840 5
841 4
842 4
843 3
844 2
845 1
846 2
847 4
848 5
849 5
850 4
851 4
852 4
853 2
854 1
855 4
856 0
857 5
858 1
859 0
860 5
861 4
862 4
863 2
864 1
865 3
866 4
867 4
868 1
869 2
870 3
871 5
872 4
873 3
874 4
875 4
876 1
877 4
878 4
879 4
880 4
881 4
882 4
883 4
884 1
885 4
886 2
887 4
888 4
889 4
890 4
891 5
892 1
893 4
894 2
895 2
896 0
897 5
898 1
899 1
900 3
901 4
902 2
903 4
904 4
905 4
906 4
907 1
908 1
909 4
910 3
911 4
912 1
913 4
914 4
915 4
916 5
917 4
918 2
919 4
920 5
921 3
922 5
923 0
924 3
925 3
926 4
927 1
928 1
929 4
930 4
931 4
932 5
933 3
934 3
935 4
936 4
937 3
938 4
939 5
940 4
941 1
942 2
943 4
944 1
945 4
946 4
947 3
948 4
949 4
950 2
951 4
952 5
953 2
954 4
955 0
956 2
957 4
958 4
959 4
960 4
961 5
962 3
963 1
964 0
965 4
966 3
967 2
968 4
969 1
970 0
971 3
972 4
973 1
974 4
975 3
976 4
977 1
978 1
979 2
980 4
981 4
982 2
983 2
984 5
985 3
986 4
987 2
988 4
989 0
990 4
991 5
992 1
993 5
994 2
995 4
996 5
997 5
998 2
999 4
1000 3
1001 4
1002 1
1003 5
1004 3
1005 4
1006 1
1007 4
1008 0
1009 5
1010 4
1011 4
1012 4
1013 4
1014 4
1015 5
1016 1
1017 2
1018 4
1019 4
1020 4
1021 0
1022 3
1023 2
1024 2
1025 5
1026 4
1027 5
1028 4
1029 4
1030 4
1031 5
1032 4
1033 4
1034 5
1035 5
1036 5
1037 0
1038 3
1039 5
1040 4
1041 0
1042 4
1043 0
1044 4
1045 1
1046 5
1047 3
1048 4
1049 4
1050 2
1051 4
1052 4
1053 5
1054 1
1055 5
1056 0
1057 4
1058 5
1059 4
1060 5
1061 4
1062 4
1063 4
1064 3
1065 4
1066 1
1067 1
1068 4
1069 3
1070 4
1071 3
1072 4
1073 3
1074 2
1075 2
1076 4
1077 4
1078 4
1079 4
1080 1
1081 4
1082 1
1083 2
1084 4
1085 2
1086 5
1087 1
1088 2
1089 4
1090 1
1091 5
1092 1
1093 4
1094 4
1095 0
1096 4
1097 3
1098 1
1099 2
1100 4
1101 1
1102 0
1103 3
1104 5
1105 3
1106 0
1107 2
1108 4
1109 3
1110 4
1111 4
1112 4
1113 4
1114 0
1115 2
1116 4
1117 4
1118 4
1119 4
1120 1
1121 5
1122 4
1123 4
1124 0
1125 0
1126 1
1127 3
1128 2
1129 3
1130 5
1131 2
1132 1
1133 5
1134 1
1135 4
1136 4
1137 2
1138 1
1139 5
1140 4
1141 4
1142 5
1143 4
1144 4
1145 4
1146 4
1147 5
1148 0
1149 2
1150 3
1151 0
1152 2
1153 0
1154 4
1155 5
1156 3
1157 0
1158 5
1159 5
1160 4
1161 4
1162 2
1163 4
1164 5
1165 4
1166 1
1167 1
1168 3
1169 4
1170 5
1171 5
1172 2
1173 0
1174 4
1175 4
1176 1
1177 2
1178 4
1179 4
1180 4
1181 2
1182 4
1183 0
1184 4
1185 5
1186 4
1187 0
1188 4
1189 5
1190 4
1191 4
1192 5
1193 4
1194 4
1195 0
1196 4
1197 5
1198 4
1199 4
1200 4
1201 2
1202 4
1203 4
1204 2
1205 2
1206 5
1207 4
1208 5
1209 5
1210 4
1211 4
1212 1
1213 3
1214 4
1215 4
1216 1
1217 5
1218 4
1219 3
1220 0
1221 2
1222 4
1223 0
1224 5
1225 4
1226 4
1227 2
1228 1
1229 3
1230 4
1231 4
1232 4
1233 4
1234 3
1235 4
1236 4
1237 2
1238 2
1239 4
1240 2
1241 2
1242 4
1243 5
1244 4
1245 1
1246 4
1247 4
1248 4
1249 3
1250 5
1251 3
1252 5
1253 5
1254 3
1255 3
1256 3
1257 4
1258 4
1259 1
1260 2
1261 4
1262 4
1263 5
1264 5
1265 1
1266 4
1267 3
1268 4
1269 0
1270 3
1271 4
1272 5
1273 1
1274 0
1275 4
1276 4
1277 4
1278 4
1279 5
1280 1
1281 5
1282 4
1283 5
1284 3
1285 5
1286 4
1287 4
1288 4
1289 4
1290 4
1291 3
1292 0
1293 4
1294 5
1295 3
1296 0
1297 1
1298 4
1299 0
1300 4
1301 4
1302 1
1303 0
1304 5
1305 4
1306 4
1307 1
1308 4
1309 0
1310 4
1311 2
1312 2
1313 5
1314 4
1315 4
1316 3
1317 2
1318 4
1319 3
1320 5
1321 4
1322 4
1323 4
1324 2
1325 3
1326 3
1327 0
1328 3
1329 4
1330 4
1331 2
1332 2
1333 4
1334 2
1335 5
1336 1
1337 1
1338 1
1339 1
1340 5
1341 4
1342 3
1343 4
1344 4
1345 2
1346 3
1347 2
1348 4
1349 5
1350 4
1351 4
1352 0
1353 4
1354 4
1355 4
1356 4
1357 1
1358 4
1359 4
1360 4
1361 4
1362 4
1363 5
1364 2
1365 5
1366 4
1367 3
1368 4
1369 1
1370 3
1371 4
1372 0
1373 3
1374 4
1375 4
1376 2
1377 5
1378 4
1379 4
1380 0
1381 5
1382 0
1383 4
1384 4
1385 4
1386 1
1387 4
1388 4
1389 4
1390 3
1391 4
1392 0
1393 5
1394 4
1395 2
1396 5
1397 0
1398 2
1399 4
1400 4
1401 5
1402 4
1403 4
1404 2
1405 4
1406 1
1407 4
1408 4
1409 4
1410 1
1411 0
1412 4
1413 1
1414 1
1415 1
1416 4
1417 2
1418 1
1419 4
1420 0
1421 4
1422 4
1423 4
1424 0
1425 4
1426 4
1427 1
1428 5
1429 5
1430 4
1431 4
1432 4
1433 4
1434 5
1435 4
1436 2
1437 2
1438 5
1439 2
1440 4
1441 5
1442 2
1443 1
1444 1
1445 4
1446 3
1447 4
1448 5
1449 4
1450 0
1451 5
1452 3
1453 2
1454 0
1455 3
1456 2
1457 1
1458 4
1459 4
1460 4
1461 5
1462 3
1463 4
1464 5
1465 5
1466 3
1467 2
1468 4
1469 3
1470 4
1471 4
1472 4
1473 2
1474 0
1475 4
1476 2
1477 4
1478 4
1479 5
1480 2
1481 0
1482 2
1483 3
1484 4
1485 5
1486 3
1487 4
1488 4
1489 3
1490 2
1491 2
1492 4
1493 4
1494 4
1495 4
1496 4
1497 2
1498 5
1499 1
1500 3
1501 4
1502 4
1503 4
1504 4
1505 3
1506 2
1507 5
1508 2
1509 2
1510 5
1511 4
1512 4
1513 2
1514 1
1515 4
1516 4
1517 4
1518 5
1519 4
1520 4
1521 3
1522 2
1523 4
1524 0
1525 5
1526 4
1527 3
1528 0
1529 2
1530 4
1531 4
1532 4
1533 2
1534 5
1535 3
1536 4
1537 4
1538 4
1539 3
1540 5
1541 4
1542 4
1543 5
1544 2
1545 4
1546 3
1547 5
1548 0
1549 3
1550 1
1551 4
1552 4
1553 4
1554 4
1555 5
1556 5
1557 3
1558 3
1559 4
1560 3
1561 5
1562 5
1563 4
1564 4
1565 1
1566 4
1567 4
1568 2
1569 4
1570 4
1571 2
1572 0
1573 4
1574 4
1575 0
1576 4
1577 1
1578 4
1579 4
1580 3
1581 4
1582 4
1583 3
1584 2
1585 5
1586 1
1587 2
1588 4
1589 2
1590 4
1591 4
1592 2
1593 4
1594 1
1595 1
1596 2
1597 4
1598 3
1599 2
1600 4
1601 5
1602 1
1603 3
1604 4
1605 4
1606 4
1607 5
1608 4
1609 4
1610 5
1611 4
1612 4
1613 4
1614 5
1615 4
1616 4
1617 1
1618 4
1619 4
1620 5
1621 4
1622 4
1623 3
1624 5
1625 2
1626 3
1627 4
1628 1
1629 4
1630 4
1631 4
1632 3
1633 5
1634 1
1635 2
1636 4
1637 5
1638 4
1639 4
1640 0
1641 3
1642 4
1643 1
1644 4
1645 0
1646 4
1647 3
1648 0
1649 2
1650 2
1651 2
1652 3
1653 4
1654 4
1655 4
1656 5
1657 0
1658 1
1659 1
1660 4
1661 4
1662 4
1663 4
1664 4
1665 4
1666 4
1667 4
1668 3
1669 4
1670 4
1671 2
1672 4
1673 2
1674 4
1675 5
1676 2
1677 0
1678 2
1679 4
1680 4
1681 1
1682 3
1683 5
1684 3
1685 4
1686 5
1687 4
1688 4
1689 5
1690 2
1691 0
1692 5
1693 4
1694 4
1695 0
1696 4
1697 1
1698 3
1699 2
1700 2
1701 5
1702 4
1703 3
1704 2
1705 2
1706 4
1707 4
1708 4
1709 4
1710 4
1711 4
1712 1
1713 1
1714 3
1715 3
1716 4
1717 4
1718 3
1719 1
1720 0
1721 3
1722 3
1723 1
1724 1
1725 4
1726 4
1727 4
1728 5
1729 4
1730 4
1731 3
1732 2
1733 4
1734 4
1735 4
1736 4
1737 2
1738 4
1739 5
1740 4
1741 4
1742 4
1743 4
1744 3
1745 4
1746 4
1747 2
1748 5
1749 2
1750 5
1751 4
1752 5
1753 3
1754 0
1755 4
1756 4
1757 2
1758 3
1759 5
1760 0
1761 0
1762 4
1763 0
1764 4
1765 1
1766 4
1767 1
1768 2
1769 3
1770 4
1771 3
1772 2
1773 4
1774 2
1775 3
1776 4
1777 3
1778 4
1779 1
1780 5
1781 4
1782 5
1783 5
1784 1
1785 4
1786 2
1787 1
1788 0
1789 4
1790 4
1791 4
1792 4
1793 2
1794 4
1795 3
1796 4
1797 0
1798 2
1799 4
1800 5
1801 3
1802 0
1803 2
1804 5
1805 4
1806 4
1807 4
1808 2
1809 3
1810 1
1811 1
1812 1
1813 2
1814 5
1815 2
1816 5
1817 3
1818 5
1819 1
1820 3
1821 2
1822 4
1823 3
1824 1
1825 4
1826 4
1827 4
1828 5
1829 2
1830 3
1831 4
1832 1
1833 4
1834 5
1835 4
1836 2
1837 4
1838 0
1839 4
1840 4
1841 4
1842 4
1843 2
1844 5
1845 1
1846 5
1847 3
1848 1
1849 1
1850 4
1851 0
1852 4
1853 5
1854 5
1855 5
1856 4
1857 5
1858 2
1859 4
1860 1
1861 3
1862 5
1863 4
1864 4
1865 4
1866 2
1867 5
1868 5
1869 5
1870 2
1871 4
1872 2
1873 2
1874 2
1875 2
1876 1
1877 5
1878 4
1879 5
1880 4
1881 2
1882 0
1883 0
1884 4
1885 5
1886 4
1887 4
1888 3
1889 4
1890 2
1891 5
1892 4
1893 4
1894 2
1895 2
1896 4
1897 4
1898 4
1899 4
1900 4
1901 4
1902 3
1903 2
1904 5
1905 4
1906 2
1907 1
1908 4
1909 4
1910 4
1911 3
1912 0
1913 2
1914 4
1915 4
1916 3
1917 1
1918 2
1919 4
1920 2
1921 3
1922 4
1923 2
1924 2
1925 5
1926 4
1927 4
1928 4
1929 0
1930 4
1931 2
1932 3
1933 0
1934 4
1935 2
1936 4
1937 0
1938 4
1939 4
1940 4
1941 0
1942 2
1943 0
1944 3
1945 3
1946 4
1947 4
1948 5
1949 4
1950 4
1951 3
1952 4
1953 4
1954 4
1955 1
1956 3
1957 2
1958 4
1959 1
1960 4
1961 1
1962 4
1963 2
1964 2
1965 0
1966 2
1967 4
1968 4
1969 4
1970 2
1971 2
1972 4
1973 4
1974 4
1975 4
1976 4
1977 1
1978 3
1979 4
1980 2
1981 2
1982 4
1983 4
1984 4
1985 3
1986 4
1987 1
1988 3
1989 4
1990 4
1991 1
1992 0
1993 1
1994 4
1995 3
1996 4
1997 4
1998 4
1999 5
2000 4
2001 4
2002 4
2003 1
2004 4
2005 4
2006 2
2007 5
2008 4
2009 1
2010 3
2011 5
2012 1
2013 2
2014 4
2015 4
2016 1
2017 5
2018 4
2019 2
2020 5
2021 5
2022 4
2023 4
2024 4
2025 4
2026 5
2027 2
2028 4
2029 3
2030 4
2031 4
2032 2
2033 5
2034 1
2035 4
2036 4
2037 4
2038 4
2039 0
2040 5
2041 4
2042 4
2043 3
2044 4
2045 5
2046 4
2047 4
2048 4
2049 1
2050 4
2051 4
2052 4
2053 2
2054 4
2055 4
2056 5
2057 4
2058 2
2059 4
2060 4
2061 4
2062 0
2063 4
2064 5
2065 4
2066 4
2067 2
2068 4
2069 4
2070 4
2071 4
2072 4
2073 1
2074 0
2075 1
2076 1
2077 4
2078 4
2079 5
2080 2
2081 4
2082 5
2083 4
2084 3
2085 4
2086 4
2087 4
2088 4
2089 4
2090 5
2091 1
2092 4
2093 4
2094 5
2095 4
2096 2
2097 4
2098 5
2099 3
2100 4
2101 5
2102 2
2103 2
2104 5
2105 3
2106 4
2107 4
2108 5
2109 1
2110 4
2111 4
2112 4
2113 4
2114 1
2115 5
2116 4
2117 2
2118 1
2119 5
2120 4
2121 5
2122 3
2123 4
2124 4
2125 4
2126 5
2127 1
2128 2
2129 4
2130 4
2131 2
2132 4
2133 0
2134 3
2135 0
2136 4
2137 4
2138 0
2139 3
2140 4
2141 2
2142 2
2143 4
2144 5
2145 3
2146 4
2147 3
2148 0
2149 2
2150 2
2151 2
2152 0
2153 4
2154 3
2155 4
2156 5
2157 3
2158 2
2159 4
2160 2
2161 4
2162 4
2163 4
2164 3
2165 4
2166 2
2167 4
2168 4
2169 3
2170 4
2171 2
2172 4
2173 4
2174 2
2175 4
2176 4
2177 1
2178 3
2179 4
2180 5
2181 5
2182 2
2183 4
2184 1
2185 3
2186 4
2187 5
2188 5
2189 4
2190 4
2191 4
2192 0
2193 2
2194 2
2195 5
2196 0
2197 3
2198 2
2199 4
2200 4
2201 4
2202 4
2203 1
2204 5
2205 1
2206 5
2207 5
2208 4
2209 4
2210 4
2211 4
2212 4
2213 4
2214 2
2215 5
2216 0
2217 4
2218 3
2219 4
2220 2
2221 1
2222 4
2223 3
2224 5
2225 1
2226 0
2227 4
2228 4
2229 5
2230 4
2231 4
2232 4
2233 4
2234 3
2235 1
2236 4
2237 4
2238 2
2239 4
2240 5
2241 2
2242 4
2243 2
2244 1
2245 3
2246 4
2247 2
2248 2
2249 4
2250 4
2251 4
2252 2
2253 4
2254 0
2255 1
2256 4
2257 1
2258 5
2259 4
2260 3
2261 4
2262 3
2263 4
2264 4
2265 4
2266 2
2267 5
2268 2
2269 4
2270 2
2271 4
2272 0
2273 2
2274 4
2275 2
2276 5
2277 3
2278 4
2279 4
2280 4
2281 4
2282 4
2283 4
2284 5
2285 3
2286 1
2287 4
2288 4
2289 2
2290 4
2291 3
2292 4
2293 5
2294 4
2295 1
2296 1
2297 4
2298 5
2299 5
2300 4
2301 3
2302 4
2303 4
2304 4
2305 4
2306 4
2307 4
2308 4
2309 4
2310 4
2311 4
2312 5
2313 5
2314 4
2315 2
2316 4
2317 4
2318 4
2319 1
2320 4
2321 1
2322 4
2323 1
2324 0
2325 3
2326 5
2327 2
2328 1
2329 4
2330 5
2331 5
2332 4
2333 4
2334 4
2335 3
2336 2
2337 4
2338 2
2339 5
2340 0
2341 5
2342 4
2343 5
2344 4
2345 1
2346 0
2347 5
2348 0
2349 4
2350 5
2351 0
2352 4
2353 1
2354 4
2355 4
2356 4
2357 4
2358 2
2359 4
2360 2
2361 4
2362 2
2363 4
2364 1
2365 4
2366 2
2367 4
2368 4
2369 4
2370 4
2371 2
2372 4
2373 5
2374 3
2375 4
2376 5
2377 5
2378 0
2379 2
2380 3
2381 4
2382 2
2383 4
2384 3
2385 2
2386 0
2387 4
2388 3
2389 2
2390 1
2391 2
2392 5
2393 2
2394 4
2395 5
2396 0
2397 3
2398 4
2399 0
2400 3
2401 4
2402 5
2403 1
2404 4
2405 1
2406 2
2407 5
2408 3
2409 4
2410 5
2411 0
2412 3
2413 4
2414 3
2415 4
2416 4
2417 4
2418 1
2419 2
2420 5
2421 2
2422 5
2423 4
2424 4
2425 4
2426 3
2427 0
2428 3
2429 4
2430 4
2431 4
2432 4
2433 4
2434 2
2435 4
2436 2
2437 3
2438 4
2439 4
2440 2
2441 3
2442 4
2443 4
2444 4
2445 2
2446 3
2447 2
2448 1
2449 5
2450 4
2451 4
2452 4
2453 2
2454 4
2455 4
2456 4
2457 4
2458 4
2459 5
2460 5
2461 5
2462 4
2463 5
2464 4
2465 3
2466 4
2467 3
2468 4
2469 4
2470 1
2471 5
2472 5
2473 3
2474 3
2475 1
2476 5
2477 3
2478 2
2479 3
2480 4
2481 4
2482 4
2483 4
2484 5
2485 5
2486 4
2487 4
2488 4
2489 3
2490 0
2491 4
2492 1
2493 3
2494 4
2495 3
2496 4
2497 1
2498 5
2499 4
2500 4
2501 5
2502 4
2503 3
2504 2
2505 5
2506 5
2507 3
2508 5
2509 1
2510 4
2511 2
2512 4
2513 4
2514 4
2515 1
2516 2
2517 4
2518 4
2519 2
2520 2
2521 4
2522 4
2523 0
2524 2
2525 5
2526 3
2527 4
2528 5
2529 3
2530 5
2531 5
2532 2
2533 4
2534 2
2535 0
2536 5
2537 5
2538 2
2539 4
2540 1
2541 4
2542 4
2543 1
2544 0
2545 5
2546 3
2547 2
2548 4
2549 4
2550 2
2551 4
2552 5
2553 5
2554 4
2555 4
2556 1
2557 4
2558 4
2559 3
2560 2
2561 4
2562 0
2563 1
2564 5
2565 5
2566 1
2567 4
2568 3
2569 3
2570 3
2571 4
2572 4
2573 3
2574 4
2575 4
2576 4
2577 4
2578 4
2579 4
2580 4
2581 4
2582 3
2583 2
2584 4
2585 5
2586 4
2587 4
2588 2
2589 1
2590 5
2591 0
2592 2
2593 3
2594 5
2595 3
2596 4
2597 4
2598 1
2599 0
2600 4
2601 2
2602 4
2603 4
2604 5
2605 1
2606 4
2607 4
2608 0
2609 0
2610 1
2611 4
2612 5
2613 4
2614 3
2615 5
2616 3
2617 4
2618 4
2619 3
2620 1
2621 3
2622 3
2623 1
2624 3
2625 4
2626 4
2627 4
2628 4
2629 3
2630 4
2631 2
2632 5
2633 3
2634 1
2635 4
2636 4
2637 3
2638 1
2639 2
2640 4
2641 3
2642 0
2643 1
2644 4
2645 3
2646 2
2647 4
2648 4
2649 2
2650 4
2651 0
2652 1
2653 4
2654 5
2655 4
2656 0
2657 4
2658 3
2659 4
2660 4
2661 0
2662 3
2663 3
2664 4
2665 5
2666 4
2667 4
2668 4
2669 4
2670 2
2671 4
2672 4
2673 3
2674 4
2675 4
2676 4
2677 4
2678 4
2679 2
2680 4
2681 0
2682 4
2683 4
2684 2
2685 0
2686 4
2687 1
2688 4
2689 4
2690 4
2691 0
2692 4
2693 3
2694 0
2695 5
2696 4
2697 4
2698 5
2699 3
2700 4
2701 5
2702 4
2703 5
2704 4
2705 4
2706 4
2707 2
2708 2
2709 5
2710 1
2711 4
2712 4
2713 4
2714 4
2715 4
2716 5
2717 4
2718 5
2719 4
2720 4
2721 4
2722 4
2723 1
2724 4
2725 4
2726 3
2727 4
2728 4
2729 3
2730 4
2731 3
2732 4
2733 4
2734 5
2735 4
2736 4
2737 3
2738 5
2739 3
2740 2
2741 4
2742 2
2743 4
2744 4
2745 4
2746 2
2747 3
2748 2
2749 4
2750 3
2751 4
2752 4
2753 1
2754 4
2755 4
2756 2
2757 4
2758 5
2759 1
2760 5
2761 1
2762 4
2763 4
2764 4
2765 4
2766 4
2767 2
2768 4
2769 1
2770 4
2771 5
2772 4
2773 1
2774 5
2775 2
2776 4
2777 3
2778 5
2779 4
2780 0
2781 4
2782 5
2783 2
2784 2
2785 3
2786 4
2787 5
2788 1
2789 3
2790 0
2791 3
2792 5
2793 4
2794 4
2795 5
2796 4
2797 4
2798 5
2799 5
2800 4
2801 4
2802 4
2803 4
2804 1
2805 4
2806 4
2807 2
2808 5
2809 4
2810 4
2811 4
2812 4
2813 4
2814 5
2815 1
2816 4
2817 0
2818 1
2819 4
2820 1
2821 1
2822 1
2823 5
2824 4
2825 4
2826 0
2827 4
2828 1
2829 4
2830 4
2831 5
2832 4
2833 2
2834 4
2835 5
2836 0
2837 4
2838 4
2839 4
2840 1
2841 1
2842 4
2843 4
2844 4
2845 4
2846 2
2847 0
2848 4
2849 2
2850 2
2851 4
2852 3
2853 4
2854 0
2855 4
2856 4
2857 4
2858 4
2859 2
2860 4
2861 1
2862 4
2863 2
2864 2
2865 4
2866 3
2867 4
2868 0
2869 4
2870 1
2871 0
2872 4
2873 5
2874 5
2875 1
2876 1
2877 4
2878 5
2879 4
2880 4
2881 1
2882 4
2883 4
2884 3
2885 3
2886 3
2887 4
2888 4
2889 3
2890 5
2891 4
2892 4
2893 5
2894 4
2895 4
2896 1
2897 1
2898 1
2899 0
2900 4
2901 5
2902 3
2903 2
2904 3
2905 3
2906 3
2907 1
2908 4
2909 1
2910 4
2911 1
2912 1
2913 4
2914 5
2915 5
2916 2
2917 4
2918 3
2919 5
2920 4
2921 4
2922 3
2923 4
2924 4
2925 4
2926 4
2927 5
2928 1
2929 2
2930 2
2931 4
2932 1
2933 4
2934 4
2935 1
2936 3
2937 4
2938 3
2939 4
2940 2
2941 5
2942 4
2943 1
2944 4
2945 4
2946 4
2947 2
2948 4
2949 4
2950 5
2951 4
2952 2
2953 4
2954 5
2955 4
2956 5
2957 4
2958 4
2959 1
2960 1
2961 1
2962 4
2963 0
2964 5
2965 2
2966 3
2967 4
2968 1
2969 4
2970 1
2971 1
2972 3
2973 5
2974 2
2975 4
2976 4
2977 4
2978 4
2979 1
2980 1
2981 4
2982 5
2983 2
2984 2
2985 5
2986 0
2987 4
2988 4
2989 1
2990 4
2991 4
2992 4
2993 3
2994 0
2995 2
2996 4
2997 5
2998 0
2999 3
3000 5
3001 5
3002 0
3003 3
3004 4
3005 3
3006 4
3007 2
3008 3
3009 4
3010 4
3011 2
3012 4
3013 0
3014 1
3015 4
3016 5
3017 2
3018 2
3019 4
3020 3
3021 3
3022 4
3023 4
3024 0
3025 1
3026 4
3027 4
3028 1
3029 4
3030 5
3031 2
3032 4
3033 4
3034 4
3035 0
3036 4
3037 4
3038 5
3039 4
3040 5
3041 4
3042 4
3043 4
3044 4
3045 3
3046 0
3047 4
3048 4
3049 1
3050 4
3051 4
3052 4
3053 4
3054 0
3055 4
3056 5
3057 2
3058 4
3059 4
3060 5
3061 4
3062 4
3063 5
3064 1
3065 5
3066 4
3067 5
3068 3
3069 2
3070 4
3071 1
3072 4
3073 2
3074 4
3075 5
3076 0
3077 2
3078 0
3079 0
3080 5
3081 0
3082 2
3083 2
3084 5
3085 1
3086 4
3087 1
3088 4
3089 5
3090 1
3091 2
3092 5
3093 0
3094 4
3095 5
3096 3
3097 4
3098 1
3099 3
3100 2
3101 2
3102 4
3103 0
3104 0
3105 4
3106 5
3107 4
3108 4
3109 5
3110 1
3111 5
3112 4
3113 0
3114 4
3115 0
3116 4
3117 5
3118 0
3119 4
3120 4
3121 0
3122 4
3123 1
3124 5
3125 4
3126 4
3127 2
3128 3
3129 4
3130 4
3131 2
3132 4
3133 4
3134 4
3135 1
3136 3
3137 4
3138 4
3139 3
3140 4
3141 5
3142 1
3143 4
3144 5
3145 3
3146 0
3147 2
3148 5
3149 4
3150 0
3151 4
3152 3
3153 4
3154 4
3155 2
3156 3
3157 4
3158 4
3159 2
3160 1
3161 3
3162 0
3163 4
3164 5
3165 5
3166 4
3167 3
3168 5
3169 2
3170 5
3171 4
3172 1
3173 4
3174 4
3175 4
3176 5
3177 5
3178 5
3179 2
3180 2
3181 4
3182 4
3183 4
3184 4
3185 4
3186 4
3187 2
3188 3
3189 5
3190 4
3191 3
3192 4
3193 2
3194 5
3195 4
3196 4
3197 2
3198 4
3199 4
3200 4
3201 5
3202 4
3203 3
3204 4
3205 4
3206 2
3207 4
3208 3
3209 3
3210 4
3211 4
3212 3
3213 3
3214 4
3215 1
3216 2
3217 3
3218 4
3219 4
3220 4
3221 1
3222 4
3223 2
3224 5
3225 3
3226 5
3227 0
3228 4
3229 4
3230 4
3231 3
3232 4
3233 3
3234 4
3235 3
3236 5
3237 2
3238 4
3239 4
3240 4
3241 4
3242 4
3243 4
3244 4
3245 5
3246 3
3247 5
3248 1
3249 5
3250 2
3251 1
3252 2
3253 4
3254 2
3255 0
3256 5
3257 1
3258 1
3259 4
3260 4
3261 2
3262 4
3263 2
3264 4
3265 4
3266 5
3267 3
3268 0
3269 4
3270 4
3271 4
3272 1
3273 2
3274 4
3275 0
3276 5
3277 4
3278 0
3279 4
3280 4
3281 3
3282 4
3283 4
3284 3
3285 4
3286 2
3287 2
3288 5
3289 4
3290 5
3291 4
3292 4
3293 4
3294 4
3295 4
3296 4
3297 3
3298 1
3299 2
3300 4
3301 4
3302 4
3303 1
3304 5
3305 4
3306 2
3307 4
3308 3
3309 4
3310 4
3311 4
3312 4
3313 3
3314 2
3315 1
3316 1
3317 5
3318 5
3319 3
3320 4
3321 4
3322 4
3323 1
3324 1
3325 2
3326 1
3327 4
3328 1
3329 4
3330 0
3331 4
3332 0
3333 3
3334 2
3335 5
3336 1
3337 1
3338 3
3339 0
3340 5
3341 2
3342 0
3343 1
3344 4
3345 1
3346 1
3347 2
3348 4
3349 4
3350 1
3351 4
3352 4
3353 5
3354 3
3355 4
3356 3
3357 4
3358 4
3359 2
3360 4
3361 3
3362 4
3363 2
3364 4
3365 1
3366 4
3367 4
3368 2
3369 3
3370 2
3371 4
3372 5
3373 1
3374 4
3375 2
3376 1
3377 0
3378 4
3379 3
3380 1
3381 1
3382 4
3383 4
3384 4
3385 1
3386 4
3387 4
3388 4
3389 4
3390 3
3391 2
3392 4
3393 4
3394 0
3395 1
3396 5
3397 4
3398 3
3399 1
3400 3
3401 0
3402 3
3403 1
3404 4
3405 4
3406 4
3407 4
3408 2
3409 1
3410 4
3411 5
3412 4
3413 4
3414 4
3415 2
3416 1
3417 4
3418 3
3419 2
3420 4
3421 4
3422 2
3423 4
3424 4
3425 4
3426 4
3427 4
3428 1
3429 3
3430 2
3431 5
3432 3
3433 4
3434 4
3435 4
3436 4
3437 5
3438 4
3439 4
3440 4
3441 3
3442 4
3443 3
3444 0
3445 0
3446 3
3447 4
3448 3
3449 4
3450 2
3451 4
3452 4
3453 1
3454 5
3455 1
3456 3
3457 3
3458 3
3459 4
3460 4
3461 4
3462 5
3463 5
3464 4
3465 4
3466 0
3467 3
3468 4
3469 2
3470 4
3471 4
3472 3
3473 5
3474 4
3475 5
3476 0
3477 3
3478 4
3479 1
3480 4
3481 5
3482 5
3483 4
3484 3
3485 4
3486 5
3487 3
3488 2
3489 5
3490 2
3491 4
3492 3
3493 1
3494 3
3495 2
3496 4
3497 4
3498 1
3499 4
3500 4
3501 4
3502 4
3503 0
3504 2
3505 4
3506 5
3507 4
3508 3
3509 4
3510 4
3511 2
3512 4
3513 4
3514 0
3515 2
3516 5
3517 3
3518 5
3519 2
3520 5
3521 4
3522 4
3523 1
3524 4
3525 4
3526 4
3527 5
3528 2
3529 5
3530 4
3531 0
3532 2
3533 4
3534 2
3535 4
3536 4
3537 4
3538 2
3539 1
3540 4
3541 3
3542 4
3543 1
3544 4
3545 3
3546 3
3547 4
3548 1
3549 1
3550 3
3551 4
3552 4
3553 3
3554 4
3555 4
3556 1
3557 4
3558 2
3559 5
3560 3
3561 2
3562 1
3563 5
3564 5
3565 5
3566 4
3567 4
3568 4
3569 2
3570 3
3571 4
3572 1
3573 4
3574 3
3575 0
3576 5
3577 1
3578 2
3579 3
3580 3
3581 2
3582 4
3583 2
3584 4
3585 1
3586 4
3587 4
3588 3
3589 2
3590 4
3591 4
3592 4
3593 1
3594 4
3595 4
3596 4
3597 4
3598 4
3599 5
3600 4
3601 5
3602 2
3603 1
3604 4
3605 3
3606 3
3607 4
3608 4
3609 1
3610 4
3611 4
3612 4
3613 3
3614 2
3615 4
3616 4
3617 0
3618 4
3619 3
3620 1
3621 4
3622 3
3623 3
3624 4
3625 2
3626 2
3627 5
3628 4
3629 4
3630 4
3631 4
3632 3
3633 4
3634 4
3635 5
3636 2
3637 5
3638 4
3639 3
3640 4
3641 1
3642 5
3643 2
3644 4
3645 4
3646 4
3647 1
3648 2
3649 4
3650 1
3651 4
3652 1
3653 2
3654 4
3655 0
3656 5
3657 2
3658 4
3659 4
3660 4
3661 4
3662 3
3663 4
3664 0
3665 5
3666 4
3667 4
3668 2
3669 2
3670 5
3671 2
3672 4
3673 2
3674 2
3675 2
3676 3
3677 4
3678 5
3679 5
3680 5
3681 4
3682 1
3683 4
3684 4
3685 4
3686 5
3687 0
3688 4
3689 0
3690 5
3691 4
3692 2
3693 4
3694 2
3695 4
3696 4
3697 4
3698 4
3699 4
3700 4
3701 2
3702 1
3703 4
3704 3
3705 1
3706 4
3707 2
3708 1
3709 2
3710 5
3711 1
3712 4
3713 3
3714 3
3715 4
3716 4
3717 5
3718 5
3719 4
3720 2
3721 3
3722 1
3723 4
3724 0
3725 4
3726 4
3727 4
3728 4
3729 4
3730 5
3731 5
3732 3
3733 2
3734 2
3735 4
3736 4
3737 4
3738 4
3739 4
3740 5
3741 3
3742 5
3743 4
3744 0
3745 3
3746 1
3747 3
3748 4
3749 3
3750 4
3751 4
3752 4
3753 5
3754 4
3755 4
3756 0
3757 2
3758 4
3759 4
3760 4
3761 1
3762 4
3763 2
3764 3
3765 1
3766 4
3767 5
3768 1
3769 0
3770 4
3771 4
3772 4
3773 3
3774 4
3775 2
3776 3
3777 4
3778 4
3779 4
3780 4
3781 4
3782 2
3783 2
3784 4
3785 0
3786 4
3787 4
3788 4
3789 2
3790 2
3791 4
3792 4
3793 5
3794 5
3795 4
3796 4
3797 2
3798 0
3799 3
3800 4
3801 4
3802 3
3803 1
3804 3
3805 4
3806 4
3807 3
3808 1
3809 2
3810 1
3811 4
3812 3
3813 4
3814 3
3815 5
3816 4
3817 4
3818 0
3819 5
3820 1
3821 4
3822 4
3823 4
3824 4
3825 2
3826 4
3827 4
3828 5
3829 5
3830 4
3831 0
3832 2
3833 4
3834 4
3835 3
3836 4
3837 3
3838 3
3839 4
3840 4
3841 5
3842 4
3843 5
3844 1
3845 0
3846 4
3847 4
3848 2
3849 5
3850 1
3851 4
3852 3
3853 4
3854 4
3855 4
3856 3
3857 4
3858 5
3859 2
3860 4
3861 5
3862 5
3863 5
3864 5
3865 3
3866 4
3867 4
3868 4
3869 4
3870 4
3871 4
3872 1
3873 2
3874 4
3875 4
3876 4
3877 5
3878 4
3879 4
3880 1
3881 4
3882 4
3883 4
3884 3
3885 4
3886 2
3887 5
3888 1
3889 3
3890 5
3891 4
3892 1
3893 5
3894 4
3895 4
3896 4
3897 5
3898 2
3899 5
3900 4
3901 4
3902 4
3903 4
3904 5
3905 2
3906 4
3907 2
3908 4
3909 4
3910 4
3911 5
3912 4
3913 5
3914 3
3915 4
3916 3
3917 2
3918 4
3919 2
3920 1
3921 4
3922 4
3923 5
3924 4
3925 0
3926 4
3927 4
3928 3
3929 4
3930 2
3931 5
3932 4
3933 1
3934 2
3935 2
3936 4
3937 4
3938 4
3939 5
3940 4
3941 1
3942 0
3943 4
3944 1
3945 4
3946 4
3947 4
3948 5
3949 2
3950 3
3951 3
3952 4
3953 5
3954 4
3955 5
3956 2
3957 1
3958 0
3959 1
3960 1
3961 4
3962 4
3963 4
3964 3
3965 2
3966 4
3967 1
3968 4
3969 2
3970 1
3971 5
3972 0
3973 4
3974 4
3975 4
3976 1
3977 2
3978 4
3979 4
3980 4
3981 2
3982 1
3983 5
3984 4
3985 3
3986 4
3987 5
3988 4
3989 5
3990 4
3991 2
3992 1
3993 4
3994 4
3995 4
3996 3
3997 5
3998 2
3999 4
4000 1
4001 5
4002 2
4003 5
4004 4
4005 1
4006 4
4007 4
4008 4
4009 5
4010 3
4011 4
4012 4
4013 0
4014 4
4015 3
4016 4
4017 1
4018 4
4019 2
4020 5
4021 0
4022 4
4023 1
4024 0
4025 2
4026 4
4027 5
4028 4
4029 4
4030 3
4031 2
4032 5
4033 4
4034 4
4035 1
4036 5
4037 4
4038 2
4039 4
4040 0
4041 2
4042 4
4043 4
4044 5
4045 4
4046 4
4047 0
4048 4
4049 4
4050 2
4051 0
4052 2
4053 1
4054 2
4055 4
4056 4
4057 3
4058 2
4059 3
4060 4
4061 4
4062 5
4063 4
4064 5
4065 4
4066 4
4067 4
4068 4
4069 4
4070 4
4071 5
4072 5
4073 4
4074 4
4075 4
4076 2
4077 5
4078 4
4079 5
4080 3
4081 4
4082 4
4083 5
4084 4
4085 2
4086 4
4087 5
4088 4
4089 3
4090 4
4091 3
4092 1
4093 5
4094 4
4095 1
4096 4
4097 3
4098 2
4099 4
4100 4
4101 0
4102 3
4103 1
4104 3
4105 4
4106 4
4107 5
4108 5
4109 4
4110 4
4111 4
4112 1
4113 2
4114 2
4115 3
4116 3
4117 4
4118 4
4119 4
4120 4
4121 4
4122 4
4123 3
4124 4
4125 4
4126 4
4127 4
4128 2
4129 1
4130 4
4131 3
4132 2
4133 4
4134 2
4135 4
4136 2
4137 3
4138 4
4139 3
4140 5
4141 4
4142 4
4143 4
4144 4
4145 4
4146 1
4147 2
4148 5
4149 5
4150 4
4151 4
4152 2
4153 3
4154 1
4155 4
4156 2
4157 4
4158 1
4159 5
4160 4
4161 2
4162 5
4163 0
4164 4
4165 2
4166 4
4167 3
4168 1
4169 4
4170 1
4171 5
4172 4
4173 4
4174 0
4175 5
4176 1
4177 0
4178 2
4179 4
4180 4
4181 4
4182 3
4183 2
4184 5
4185 1
4186 4
4187 1
4188 0
4189 2
4190 5
4191 4
4192 4
4193 1
4194 3
4195 4
4196 1
4197 2
4198 1
4199 4
4200 4
4201 4
4202 4
4203 4
4204 5
4205 4
4206 5
4207 1
4208 3
4209 3
4210 1
4211 3
4212 2
4213 4
4214 4
4215 2
4216 1
4217 5
4218 4
4219 5
4220 1
4221 4
4222 2
4223 4
4224 3
4225 4
4226 5
4227 2
4228 1
4229 4
4230 2
4231 4
4232 1
4233 4
4234 5
4235 4
4236 2
4237 1
4238 0
4239 3
4240 3
4241 1
4242 4
4243 4
4244 2
4245 4
4246 3
4247 5
4248 4
4249 4
4250 2
4251 2
4252 5
4253 4
4254 0
4255 4
4256 0
4257 4
4258 1
4259 2
4260 2
4261 4
4262 4
4263 5
4264 0
4265 4
4266 0
4267 3
4268 2
4269 4
4270 5
4271 4
4272 2
4273 3
4274 3
4275 0
4276 4
4277 4
4278 4
4279 4
4280 4
4281 1
4282 4
4283 4
4284 4
4285 4
4286 4
4287 5
4288 5
4289 4
4290 2
4291 5
4292 1
4293 2
4294 5
4295 4
4296 4
4297 4
4298 4
4299 1
4300 4
4301 2
4302 0
4303 4
4304 3
4305 0
4306 4
4307 4
4308 4
4309 5
4310 2
4311 5
4312 5
4313 0
4314 2
4315 5
4316 4
4317 5
4318 4
4319 5
4320 4
4321 3
4322 4
4323 1
4324 4
4325 1
4326 4
4327 3
4328 1
4329 3
4330 2
4331 2
4332 3
4333 5
4334 2
4335 4
4336 4
4337 2
4338 0
4339 3
4340 3
4341 4
4342 4
4343 5
4344 2
4345 4
4346 2
4347 4
4348 3
4349 2
4350 4
4351 5
4352 4
4353 1
4354 3
4355 5
4356 4
4357 5
4358 4
4359 4
4360 4
4361 4
4362 1
4363 5
4364 2
4365 2
4366 1
4367 4
4368 1
4369 4
4370 0
4371 1
4372 5
4373 5
4374 4
4375 2
4376 5
4377 4
4378 3
4379 3
4380 0
4381 1
4382 2
4383 0
4384 1
4385 4
4386 2
4387 5
4388 3
4389 5
4390 3
4391 2
4392 2
4393 4
4394 5
4395 3
4396 4
4397 0
4398 3
4399 2
4400 4
4401 5
4402 5
4403 5
4404 3
4405 5
4406 3
4407 4
4408 4
4409 2
4410 2
4411 2
4412 3
4413 1
4414 0
4415 3
4416 3
4417 5
4418 3
4419 4
4420 2
4421 2
4422 4
4423 4
4424 4
4425 4
4426 5
4427 1
4428 4
4429 2
4430 4
4431 4
4432 5
4433 4
4434 1
4435 1
4436 3
4437 2
4438 3
4439 4
4440 4
4441 4
4442 4
4443 5
4444 4
4445 1
4446 5
4447 4
4448 4
4449 4
4450 3
4451 4
4452 2
4453 4
4454 3
4455 4
4456 2
4457 4
4458 4
4459 4
4460 4
4461 5
4462 5
4463 4
4464 5
4465 4
4466 4
4467 5
4468 1
4469 0
4470 2
4471 4
4472 2
4473 1
4474 4
4475 4
4476 5
4477 3
4478 4
4479 5
4480 2
4481 1
4482 4
4483 4
4484 0
4485 4
4486 2
4487 2
4488 3
4489 4
4490 5
4491 3
4492 1
4493 2
4494 4
4495 4
4496 4
4497 4
4498 4
4499 4
4500 4
4501 4
4502 0
4503 2
4504 3
4505 3
4506 5
4507 4
4508 4
4509 4
4510 4
4511 4
4512 4
4513 4
4514 4
4515 4
4516 4
4517 3
4518 5
4519 3
4520 4
4521 3
4522 2
4523 5
4524 5
4525 4
4526 4
4527 5
4528 1
4529 3
4530 4
4531 1
4532 4
4533 5
4534 3
4535 5
4536 5
4537 4
4538 1
4539 4
4540 4
4541 4
4542 4
4543 4
4544 4
4545 1
4546 1
4547 4
4548 4
4549 5
4550 2
4551 3
4552 5
4553 5
4554 0
4555 4
4556 4
4557 4
4558 1
4559 4
4560 1
4561 2
4562 1
4563 2
4564 2
4565 4
4566 5
4567 5
4568 1
4569 4
4570 3
4571 4
4572 2
4573 5
4574 4
4575 3
4576 0
4577 4
4578 0
4579 2
4580 0
4581 4
4582 1
4583 5
4584 5
4585 2
4586 4
4587 4
4588 2
4589 2
4590 5
4591 4
4592 4
4593 4
4594 3
4595 3
4596 4
4597 1
4598 4
4599 2
4600 4
4601 1
4602 4
4603 2
4604 4
4605 4
4606 0
4607 3
4608 4
4609 5
4610 4
4611 1
4612 2
4613 1
4614 4
4615 4
4616 3
4617 2
4618 2
4619 4
4620 2
4621 5
4622 5
4623 4
4624 3
4625 3
4626 4
4627 0
4628 5
4629 1
4630 4
4631 3
4632 3
4633 4
4634 4
4635 2
4636 1
4637 1
4638 4
4639 3
4640 4
4641 4
4642 3
4643 4
4644 0
4645 4
4646 1
4647 2
4648 3
4649 0
4650 4
4651 0
4652 5
4653 0
4654 4
4655 4
4656 2
4657 2
4658 4
4659 4
4660 1
4661 3
4662 5
4663 5
4664 4
4665 0
4666 3
4667 4
4668 2
4669 4
4670 3
4671 4
4672 4
4673 5
4674 4
4675 4
4676 4
4677 4
4678 0
4679 4
4680 4
4681 1
4682 4
4683 5
4684 1
4685 5
4686 4
4687 4
4688 4
4689 2
4690 1
4691 3
4692 1
4693 4
4694 4
4695 4
4696 4
4697 4
4698 4
4699 1
4700 3
4701 4
4702 4
4703 4
4704 0
4705 4
4706 4
4707 3
4708 3
4709 4
4710 1
4711 1
4712 3
4713 2
4714 4
4715 5
4716 5
4717 3
4718 0
4719 4
4720 2
4721 2
4722 1
4723 5
4724 2
4725 1
4726 4
4727 3
4728 5
4729 4
4730 4
4731 4
4732 4
4733 3
4734 3
4735 5
4736 4
4737 5
4738 3
4739 5
4740 1
4741 5
4742 2
4743 1
4744 1
4745 4
4746 4
4747 2
4748 2
4749 4
4750 2
4751 4
4752 1
4753 2
4754 5
4755 2
4756 5
4757 5
4758 1
4759 4
4760 4
4761 0
4762 4
4763 4
4764 3
4765 4
4766 4
4767 4
4768 4
4769 3
4770 4
4771 4
4772 4
4773 3
4774 4
4775 4
4776 4
4777 4
4778 3
4779 4
4780 1
4781 5
4782 4
4783 5
4784 2
4785 3
4786 4
4787 4
4788 2
4789 2
4790 4
4791 4
4792 4
4793 4
4794 4
4795 4
4796 1
4797 1
4798 2
4799 4
4800 5
4801 4
4802 0
4803 2
4804 4
4805 1
4806 4
4807 4
4808 2
4809 2
4810 4
4811 4
4812 4
4813 5
4814 4
4815 4
4816 5
4817 3
4818 1
4819 0
4820 4
4821 2
4822 0
4823 2
4824 4
4825 4
4826 5
4827 0
4828 4
4829 4
4830 1
4831 4
4832 2
4833 3
4834 2
4835 2
4836 5
4837 4
4838 3
4839 4
4840 5
4841 4
4842 4
4843 5
4844 3
4845 3
4846 5
4847 4
4848 5
4849 1
4850 1
4851 4
4852 5
4853 5
4854 2
4855 4
4856 3
4857 0
4858 5
4859 3
4860 4
4861 2
4862 4
4863 4
4864 4
4865 3
4866 2
4867 2
4868 5
4869 3
4870 0
4871 0
4872 3
4873 5
4874 4
4875 0
4876 4
4877 5
4878 4
4879 5
4880 1
4881 4
4882 5
4883 4
4884 2
4885 4
4886 2
4887 4
4888 0
4889 2
4890 4
4891 4
4892 5
4893 4
4894 1
4895 1
4896 4
4897 4
4898 2
4899 3
4900 4
4901 4
4902 4
4903 0
4904 3
4905 3
4906 4
4907 1
4908 2
4909 4
4910 5
4911 4
4912 4
4913 4
4914 1
4915 4
4916 2
4917 4
4918 4
4919 1
4920 5
4921 0
4922 1
4923 4
4924 4
4925 4
4926 1
4927 5
4928 3
4929 5
4930 1
4931 2
4932 4
4933 1
4934 4
4935 5
4936 4
4937 0
4938 4
4939 4
4940 4
4941 0
4942 4
4943 4
4944 4
4945 4
4946 2
4947 5
4948 2
4949 4
4950 4
4951 0
4952 2
4953 1
4954 3
4955 4
4956 0
4957 4
4958 4
4959 4
4960 4
4961 3
4962 1
4963 4
4964 2
4965 2
4966 5
4967 4
4968 5
4969 3
4970 1
4971 2
4972 3
4973 4
4974 5
4975 3
4976 3
4977 2
4978 2
4979 2
4980 4
4981 1
4982 4
4983 4
4984 0
4985 5
4986 4
4987 4
4988 2
4989 5
4990 2
4991 4
4992 4
4993 4
4994 5
4995 0
4996 4
4997 1
4998 4
4999 3
5000 0
5001 4
5002 0
5003 5
5004 3
5005 2
5006 1
5007 5
5008 5
5009 2
5010 1
5011 5
5012 4
5013 2
5014 4
5015 1
5016 4
5017 3
5018 2
5019 2
5020 3
5021 5
5022 4
5023 4
5024 4
5025 5
5026 3
5027 4
5028 2
5029 4
5030 3
5031 0
5032 3
5033 5
5034 4
5035 4
5036 5
5037 4
5038 4
5039 4
5040 1
5041 3
5042 1
5043 4
5044 2
5045 3
5046 4
5047 3
5048 4
5049 4
5050 4
5051 4
5052 4
5053 5
5054 4
5055 4
5056 5
5057 2
5058 3
5059 3
5060 4
5061 0
5062 3
5063 4
5064 4
5065 3
5066 4
5067 4
5068 1
5069 3
5070 5
5071 2
5072 4
5073 3
5074 5
5075 4
5076 4
5077 2
5078 4
5079 5
5080 4
5081 4
5082 4
5083 4
5084 3
5085 3
5086 2
5087 5
5088 2
5089 2
5090 0
5091 4
5092 2
5093 4
5094 0
5095 4
5096 4
5097 3
5098 1
5099 3
5100 4
5101 2
5102 5
5103 3
5104 4
5105 4
5106 4
5107 1
5108 0
5109 4
5110 4
5111 4
5112 2
5113 5
5114 4
5115 4
5116 5
5117 1
5118 4
5119 1
5120 1
5121 4
5122 5
5123 0
5124 4
5125 4
5126 4
5127 4
5128 5
5129 2
5130 2
5131 5
5132 1
5133 5
5134 4
5135 4
5136 4
5137 4
5138 3
5139 2
5140 4
5141 5
5142 4
5143 4
5144 5
5145 4
5146 4
5147 4
5148 4
5149 0
5150 3
5151 4
5152 2
5153 2
5154 0
5155 4
5156 0
5157 5
5158 2
5159 4
5160 4
5161 3
5162 4
5163 4
5164 4
5165 3
5166 5
5167 1
5168 3
5169 5
5170 5
5171 3
5172 4
5173 1
5174 4
5175 3
5176 5
5177 1
5178 4
5179 1
5180 3
5181 1
5182 0
5183 4
5184 4
5185 3
5186 0
5187 4
5188 4
5189 4
5190 0
5191 2
5192 4
5193 2
5194 0
5195 1
5196 4
5197 4
5198 1
5199 4
5200 4
5201 1
5202 4
5203 4
5204 5
5205 2
5206 4
5207 1
5208 1
5209 4
5210 1
5211 4
5212 4
5213 3
5214 4
5215 3
5216 5
5217 3
5218 4
5219 2
5220 4
5221 4
5222 4
5223 2
5224 2
5225 2
5226 4
5227 4
5228 4
5229 3
5230 3
5231 4
5232 4
5233 5
5234 5
5235 4
5236 5
5237 2
5238 4
5239 5
5240 4
5241 4
5242 4
5243 4
5244 1
5245 3
5246 2
5247 5
5248 4
5249 2
5250 4
5251 5
5252 2
5253 3
5254 3
5255 2
5256 3
5257 4
5258 3
5259 4
5260 4
5261 5
5262 4
5263 3
5264 0
5265 4
5266 4
5267 2
5268 5
5269 4
5270 4
5271 4
5272 5
5273 4
5274 4
5275 4
5276 4
5277 2
5278 4
5279 5
5280 4
5281 3
5282 4
5283 4
5284 4
5285 0
5286 5
5287 3
5288 0
5289 4
5290 1
5291 2
5292 4
5293 4
5294 4
5295 0
5296 5
5297 5
5298 2
5299 4
5300 1
5301 2
5302 2
5303 4
5304 4
5305 4
5306 5
5307 4
5308 4
5309 5
5310 4
5311 5
5312 2
5313 5
5314 2
5315 5
5316 4
5317 4
5318 4
5319 4
5320 5
5321 5
5322 4
5323 4
5324 5
5325 2
5326 2
5327 0
5328 0
5329 2
5330 1
5331 3
5332 4
5333 4
5334 0
5335 4
5336 2
5337 5
5338 5
5339 4
5340 4
5341 2
5342 4
5343 5
5344 5
5345 1
5346 4
5347 2
5348 1
5349 1
5350 2
5351 4
5352 2
5353 5
5354 4
5355 1
5356 4
5357 4
5358 5
5359 4
5360 5
5361 4
5362 4
5363 1
5364 4
5365 4
5366 4
5367 0
5368 1
5369 4
5370 4
5371 4
5372 4
5373 5
5374 4
5375 1
5376 4
5377 1
5378 5
5379 4
5380 1
5381 4
5382 2
5383 4
5384 3
5385 3
5386 5
5387 3
5388 3
5389 5
5390 2
5391 2
5392 4
5393 5
5394 4
5395 5
5396 4
5397 2
5398 5
5399 4
5400 3
5401 4
5402 0
5403 2
5404 2
5405 4
5406 4
5407 4
5408 4
5409 4
5410 4
5411 0
5412 5
5413 5
5414 4
5415 4
5416 4
5417 2
5418 4
5419 3
5420 1
5421 4
5422 2
5423 2
5424 4
5425 4
5426 4
5427 4
5428 4
5429 4
5430 4
5431 4
5432 2
5433 5
5434 4
5435 5
5436 3
5437 4
5438 4
5439 5
5440 5
5441 5
5442 2
5443 0
5444 4
5445 1
5446 3
5447 2
5448 4
5449 5
5450 2
5451 4
5452 4
5453 2
5454 1
5455 0
5456 4
5457 1
5458 4
5459 2
5460 4
5461 2
5462 4
5463 4
5464 4
5465 5
5466 4
5467 4
5468 1
5469 1
5470 2
5471 1
5472 1
5473 5
5474 1
5475 4
5476 4
5477 4
5478 0
5479 3
5480 4
5481 0
5482 2
5483 2
5484 3
5485 4
5486 3
5487 4
5488 1
5489 4
5490 4
5491 4
5492 4
5493 4
5494 0
5495 4
5496 3
5497 5
5498 3
5499 4
5500 3
5501 3
5502 1
5503 4
5504 5
5505 4
5506 4
5507 4
5508 2
5509 3
5510 2
5511 5
5512 4
5513 5
5514 0
5515 3
5516 5
5517 4
5518 1
5519 3
5520 1
5521 1
5522 4
5523 3
5524 2
5525 4
5526 5
5527 4
5528 4
5529 4
5530 2
5531 2
5532 4
5533 1
5534 1
5535 3
5536 4
5537 4
5538 1
5539 2
5540 4
5541 5
5542 4
5543 1
5544 2
5545 4
5546 3
5547 1
5548 0
5549 0
5550 3
5551 2
5552 2
5553 4
5554 4
5555 2
5556 4
5557 4
5558 4
5559 5
5560 1
5561 3
5562 1
5563 1
5564 2
5565 5
5566 4
5567 3
5568 4
5569 5
5570 4
5571 4
5572 4
5573 4
5574 4
5575 4
5576 3
5577 1
5578 4
5579 4
5580 0
5581 3
5582 4
5583 4
5584 4
5585 4
5586 4
5587 4
5588 3
5589 2
5590 4
5591 2
5592 5
5593 3
5594 3
5595 4
5596 4
5597 4
5598 4
5599 5
5600 4
5601 2
5602 4
5603 5
5604 1
5605 4
5606 5
5607 5
5608 4
5609 2
5610 4
5611 2
5612 4
5613 4
5614 5
5615 3
5616 1
5617 5
5618 0
5619 4
5620 5
5621 3
5622 4
5623 4
5624 3
5625 4
5626 5
5627 1
5628 1
5629 3
5630 4
5631 4
5632 5
5633 4
5634 4
5635 1
5636 2
5637 5
5638 4
5639 1
5640 4
5641 4
5642 4
5643 4
5644 3
5645 2
5646 1
5647 4
5648 4
5649 1
5650 3
5651 2
5652 4
5653 4
5654 4
5655 4
5656 5
5657 5
5658 4
5659 4
5660 4
5661 4
5662 2
5663 5
5664 5
5665 4
5666 2
5667 2
5668 5
5669 5
5670 4
5671 3
5672 0
5673 1
5674 2
5675 4
5676 1
5677 2
5678 4
5679 5
5680 4
5681 4
5682 5
5683 3
5684 4
5685 4
5686 0
5687 3
5688 4
5689 3
5690 2
5691 2
5692 2
5693 2
5694 4
5695 4
5696 0
5697 4
5698 4
5699 4
5700 3
5701 4
5702 5
5703 4
5704 4
5705 3
5706 2
5707 3
5708 1
5709 3
5710 1
5711 2
5712 4
5713 4
5714 4
5715 4
5716 4
5717 1
5718 5
5719 5
5720 0
5721 4
5722 2
5723 3
5724 3
5725 4
5726 2
5727 5
5728 4
5729 4
5730 1
5731 4
5732 4
5733 4
5734 3
5735 4
5736 1
5737 2
5738 4
5739 5
5740 4
5741 2
5742 2
5743 2
5744 0
5745 4
5746 4
5747 4
5748 4
5749 3
5750 3
5751 3
5752 5
5753 5
5754 4
5755 4
5756 1
5757 3
5758 5
5759 4
5760 5
5761 1
5762 1
5763 5
5764 5
5765 3
5766 4
5767 2
5768 3
5769 4
5770 4
5771 0
5772 4
5773 3
5774 3
5775 2
5776 1
5777 4
5778 4
5779 5
5780 4
5781 2
5782 4
5783 2
5784 5
5785 4
5786 4
5787 4
5788 5
5789 5
5790 3
5791 2
5792 2
5793 5
5794 4
5795 4
5796 4
5797 3
5798 1
5799 4
5800 4
5801 1
5802 4
5803 4
5804 5
5805 5
5806 2
5807 4
5808 1
5809 4
5810 2
5811 2
5812 4
5813 4
5814 5
5815 3
5816 0
5817 3
5818 4
5819 4
5820 4
5821 4
5822 4
5823 4
5824 0
5825 4
5826 4
5827 4
5828 0
5829 3
5830 2
5831 4
5832 5
5833 4
5834 3
5835 2
5836 2
5837 4
5838 4
5839 4
5840 2
5841 5
5842 1
5843 4
5844 3
5845 4
5846 1
5847 4
5848 4
5849 5
5850 0
5851 5
5852 4
5853 4
5854 4
5855 1
5856 4
5857 4
5858 4
5859 4
5860 2
5861 1
5862 4
5863 2
5864 4
5865 5
5866 4
5867 4
5868 5
5869 4
5870 4
5871 4
5872 3
5873 5
5874 4
5875 3
5876 4
5877 4
5878 0
5879 3
5880 3
5881 4
5882 1
5883 4
5884 2
5885 4
5886 4
5887 4
5888 5
5889 0
5890 2
5891 4
5892 2
5893 4
5894 2
5895 5
5896 5
5897 4
5898 3
5899 1
5900 0
5901 3
5902 3
5903 1
5904 2
5905 4
5906 4
5907 4
5908 4
5909 2
5910 0
5911 3
5912 4
5913 1
5914 0
5915 5
5916 5
5917 0
5918 4
5919 4
5920 3
5921 2
5922 3
5923 4
5924 5
5925 3
5926 0
5927 4
5928 2
5929 2
5930 4
5931 5
5932 4
5933 4
5934 4
5935 4
5936 3
5937 4
5938 3
5939 3
5940 5
5941 4
5942 5
5943 5
5944 4
5945 3
5946 4
5947 2
5948 1
5949 5
5950 0
5951 1
5952 0
5953 4
5954 4
5955 5
5956 4
5957 4
5958 4
5959 1
5960 3
5961 5
5962 3
5963 5
5964 3
5965 5
5966 2
5967 4
5968 4
5969 0
5970 4
5971 2
5972 4
5973 4
5974 5
5975 3
5976 4
5977 4
5978 4
5979 1
5980 0
5981 3
5982 2
5983 4
5984 1
5985 5
5986 5
5987 4
5988 2
5989 1
5990 1
5991 1
5992 3
5993 4
5994 4
5995 5
5996 4
5997 4
5998 0
5999 5
6000 4
6001 1
6002 4
6003 5
6004 3
6005 1
6006 4
6007 4
6008 1
6009 0
6010 4
6011 4
6012 3
6013 2
6014 3
6015 3
6016 1
6017 4
6018 1
6019 4
6020 2
6021 1
6022 0
6023 4
6024 4
6025 4
6026 2
6027 3
6028 2
6029 4
6030 4
6031 4
6032 2
6033 2
6034 5
6035 4
6036 4
6037 1
6038 3
6039 4
6040 5
6041 4
6042 1
6043 4
6044 1
6045 4
6046 2
6047 4
6048 4
6049 4
6050 4
6051 2
6052 2
6053 4
6054 4
6055 1
6056 4
6057 1
6058 4
6059 2
6060 5
6061 5
6062 4
6063 4
6064 4
6065 2
6066 3
6067 5
6068 4
6069 2
6070 4
6071 3
6072 4
6073 1
6074 4
6075 3
6076 2
6077 4
6078 2
6079 0
6080 4
6081 4
6082 4
6083 4
6084 2
6085 4
6086 5
6087 2
6088 0
6089 4
6090 5
6091 4
6092 4
6093 1
6094 5
6095 1
6096 4
6097 4
6098 3
6099 4
6100 1
6101 3
6102 2
6103 4
6104 1
6105 3
6106 4
6107 1
6108 3
6109 4
6110 4
6111 4
6112 4
6113 3
6114 5
6115 4
6116 0
6117 3
6118 0
6119 4
6120 4
6121 4
6122 4
6123 4
6124 4
6125 4
6126 4
6127 4
6128 5
6129 0
6130 4
6131 4
6132 2
6133 4
6134 0
6135 1
6136 2
6137 4
6138 2
6139 3
6140 1
6141 4
6142 4
6143 0
6144 3
6145 4
6146 4
6147 5
6148 1
6149 3
6150 4
6151 1
6152 3
6153 5
6154 5
6155 5
6156 2
6157 4
6158 4
6159 4
6160 2
6161 4
6162 4
6163 4
6164 4
6165 2
6166 4
6167 5
6168 4
6169 4
6170 1
6171 4
6172 4
6173 4
6174 4
6175 2
6176 4
6177 5
6178 1
6179 5
6180 4
6181 1
6182 4
6183 5
6184 4
6185 1
6186 4
6187 3
6188 1
6189 3
6190 2
6191 1
6192 3
6193 4
6194 5
6195 3
6196 2
6197 0
6198 5
6199 4
6200 4
6201 4
6202 4
6203 3
6204 1
6205 4
6206 3
6207 4
6208 4
6209 4
6210 3
6211 3
6212 4
6213 2
6214 0
6215 3
6216 3
6217 4
6218 4
6219 4
6220 4
6221 4
6222 4
6223 1
6224 5
6225 2
6226 2
6227 3
6228 1
6229 4
6230 4
6231 1
6232 4
6233 2
6234 3
6235 4
6236 4
6237 4
6238 4
6239 2
6240 4
6241 4
6242 5
6243 4
6244 0
6245 4
6246 2
6247 5
6248 1
6249 4
6250 4
6251 4
6252 4
6253 4
6254 4
6255 4
6256 2
6257 4
6258 3
6259 4
6260 3
6261 4
6262 0
6263 4
6264 2
6265 4
6266 4
6267 2
6268 4
6269 4
6270 4
6271 2
6272 4
6273 4
6274 2
6275 5
6276 5
6277 2
6278 4
6279 4
6280 0
6281 2
6282 4
6283 2
6284 3
6285 4
6286 1
6287 4
6288 3
6289 5
6290 4
6291 4
6292 4
6293 2
6294 4
6295 5
6296 5
6297 4
6298 2
6299 2
6300 5
6301 0
6302 5
6303 1
6304 4
6305 4
6306 4
6307 1
6308 1
6309 5
6310 3
6311 2
6312 2
6313 1
6314 5
6315 4
6316 1
6317 4
6318 4
6319 1
6320 5
6321 4
6322 3
6323 4
6324 2
6325 2
6326 4
6327 4
6328 4
6329 3
6330 4
6331 5
6332 4
6333 3
6334 4
6335 4
6336 5
6337 3
6338 4
6339 2
6340 4
6341 3
6342 1
6343 4
6344 4
6345 4
6346 4
6347 1
6348 5
6349 4
6350 3
6351 3
6352 5
6353 3
6354 3
6355 4
6356 1
6357 4
6358 4
6359 1
6360 4
6361 1
6362 3
6363 2
6364 3
6365 5
6366 4
6367 4
6368 4
6369 0
6370 1
6371 4
6372 5
6373 5
6374 4
6375 0
6376 4
6377 5
6378 4
6379 4
6380 4
6381 4
6382 3
6383 4
6384 0
6385 1
6386 3
6387 4
6388 1
6389 1
6390 5
6391 4
6392 4
6393 1
6394 5
6395 5
6396 4
6397 4
6398 4
6399 5
6400 4
6401 0
6402 1
6403 4
6404 5
6405 1
6406 4
6407 5
6408 4
6409 4
6410 2
6411 3
6412 4
6413 5
6414 4
6415 4
6416 4
6417 5
6418 1
6419 4
6420 3
6421 3
6422 2
6423 5
6424 4
6425 3
6426 5
6427 5
6428 4
6429 3
6430 4
6431 4
6432 1
6433 4
6434 3
6435 4
6436 5
6437 2
6438 3
6439 4
6440 0
6441 5
6442 4
6443 4
6444 1
6445 4
6446 3
6447 4
6448 4
6449 4
6450 0
6451 5
6452 4
6453 4
6454 5
6455 2
6456 4
6457 5
6458 2
6459 1
6460 4
6461 4
6462 5
6463 4
6464 4
6465 4
6466 4
6467 4
6468 4
6469 4
6470 1
6471 4
6472 4
6473 4
6474 0
6475 4
6476 4
6477 5
6478 1
6479 4
6480 1
6481 3
6482 4
6483 4
6484 4
6485 1
6486 5
6487 5
6488 5
6489 3
6490 3
6491 5
6492 4
6493 4
6494 4
6495 4
6496 5
6497 4
6498 3
6499 3
6500 5
6501 4
6502 2
6503 3
6504 4
6505 4
6506 4
6507 1
6508 5
6509 1
6510 5
6511 4
6512 2
6513 4
6514 4
6515 0
6516 1
6517 0
6518 3
6519 4
6520 2
6521 4
6522 5
6523 4
6524 3
6525 4
6526 5
6527 5
6528 2
6529 4
6530 4
6531 5
6532 4
6533 3
6534 1
6535 4
6536 5
6537 4
6538 4
6539 2
6540 5
6541 4
6542 0
6543 3
6544 1
6545 4
6546 4
6547 4
6548 3
6549 0
6550 2
6551 4
6552 4
6553 2
6554 4
6555 3
6556 2
6557 4
6558 4
6559 5
6560 2
6561 4
6562 4
6563 4
6564 1
6565 3
6566 3
6567 4
6568 5
6569 4
6570 5
6571 4
6572 4
6573 1
6574 1
6575 2
6576 2
6577 5
6578 4
6579 4
6580 1
6581 1
6582 5
6583 0
6584 4
6585 4
6586 3
6587 5
6588 3
6589 1
6590 3
6591 3
6592 4
6593 4
6594 2
6595 4
6596 2
6597 2
6598 4
6599 1
6600 4
6601 5
6602 3
6603 4
6604 5
6605 2
6606 5
6607 4
6608 0
6609 2
6610 5
6611 4
6612 2
6613 4
6614 0
6615 1
6616 0
6617 2
6618 3
6619 1
6620 4
6621 4
6622 2
6623 1
6624 0
6625 4
6626 4
6627 0
6628 2
6629 5
6630 3
6631 4
6632 3
6633 4
6634 4
6635 4
6636 4
6637 4
6638 4
6639 4
6640 4
6641 2
6642 5
6643 4
6644 2
6645 5
6646 4
6647 4
6648 4
6649 4
6650 2
6651 3
6652 4
6653 2
6654 4
6655 4
6656 4
6657 4
6658 1
6659 2
6660 1
6661 3
6662 4
6663 4
6664 4
6665 4
6666 2
6667 4
6668 1
6669 1
6670 4
6671 4
6672 4
6673 1
6674 4
6675 4
6676 4
6677 5
6678 4
6679 4
6680 5
6681 3
6682 4
6683 4
6684 1
6685 2
6686 2
6687 3
6688 4
6689 4
6690 5
6691 4
6692 4
6693 4
6694 4
6695 2
6696 4
6697 3
6698 4
6699 3
6700 3
6701 4
6702 4
6703 4
6704 2
6705 2
6706 3
6707 3
6708 1
6709 4
6710 4
6711 4
6712 3
6713 4
6714 3
6715 4
6716 3
6717 0
6718 4
6719 4
6720 5
6721 5
6722 4
6723 3
6724 4
6725 4
6726 2
6727 2
6728 2
6729 0
6730 4
6731 1
6732 4
6733 4
6734 3
6735 4
6736 4
6737 4
6738 3
6739 4
6740 1
6741 4
6742 4
6743 4
6744 3
6745 2
6746 1
6747 2
6748 2
6749 4
6750 4
6751 1
6752 4
6753 4
6754 2
6755 4
6756 5
6757 4
6758 4
6759 4
6760 5
6761 4
6762 2
6763 4
6764 2
6765 4
6766 4
6767 1
6768 5
6769 5
6770 4
6771 5
6772 4
6773 4
6774 5
6775 2
6776 4
6777 3
6778 4
6779 2
6780 0
6781 0
6782 4
6783 2
6784 4
6785 4
6786 2
6787 2
6788 3
6789 1
6790 2
6791 4
6792 5
6793 3
6794 4
6795 3
6796 2
6797 3
6798 1
6799 2
6800 4
6801 2
6802 0
6803 4
6804 0
6805 5
6806 5
6807 5
6808 3
6809 4
6810 4
6811 2
6812 4
6813 4
6814 4
6815 1
6816 1
6817 2
6818 0
6819 5
6820 4
6821 4
6822 2
6823 4
6824 3
6825 0
6826 4
6827 3
6828 2
6829 4
6830 4
6831 4
6832 4
6833 4
6834 4
6835 2
6836 3
6837 3
6838 1
6839 3
6840 4
6841 4
6842 3
6843 1
6844 3
6845 5
6846 2
6847 4
6848 4
6849 0
6850 4
6851 5
6852 4
6853 2
6854 5
6855 2
6856 4
6857 3
6858 5
6859 2
6860 4
6861 4
6862 3
6863 3
6864 5
6865 3
6866 4
6867 4
6868 5
6869 4
6870 5
6871 5
6872 5
6873 4
6874 5
6875 0
6876 4
6877 3
6878 2
6879 1
6880 4
6881 1
6882 1
6883 0
6884 0
6885 4
6886 4
6887 4
6888 2
6889 4
6890 4
6891 4
6892 5
6893 4
6894 3
6895 1
6896 4
6897 4
6898 0
6899 4
6900 4
6901 4
6902 4
6903 5
6904 5
6905 3
6906 4
6907 0
6908 3
6909 5
6910 5
6911 0
6912 5
6913 2
6914 3
6915 5
6916 4
6917 1
6918 4
6919 4
6920 2
6921 4
6922 4
6923 3
6924 1
6925 4
6926 5
6927 5
6928 4
6929 1
6930 5
6931 0
6932 4
6933 4
6934 4
6935 4
6936 4
6937 5
6938 3
6939 2
6940 2
6941 5
6942 1
6943 5
6944 2
6945 4
6946 4
6947 3
6948 4
6949 4
6950 2
6951 4
6952 1
6953 1
6954 4
6955 0
6956 4
6957 1
6958 2
6959 3
6960 4
6961 4
6962 4
6963 4
6964 1
6965 0
6966 5
6967 4
6968 4
6969 4
6970 2
6971 4
6972 5
6973 1
6974 2
6975 5
6976 4
6977 5
6978 1
6979 2
6980 0
6981 3
6982 4
6983 3
6984 3
6985 4
6986 4
6987 4
6988 5
6989 4
6990 4
6991 4
6992 2
6993 2
6994 4
6995 4
6996 1
6997 1
6998 5
6999 4
7000 0
7001 4
7002 2
7003 4
7004 3
7005 5
7006 3
7007 1
7008 4
7009 4
7010 4
7011 2
7012 0
7013 2
7014 1
7015 1
7016 0
7017 4
7018 2
7019 4
7020 4
7021 2
7022 3
7023 2
7024 4
7025 1
7026 0
7027 0
7028 1
7029 1
7030 5
7031 2
7032 4
7033 4
7034 2
7035 3
7036 3
7037 3
7038 2
7039 5
7040 4
7041 3
7042 1
7043 4
7044 4
7045 2
7046 5
7047 4
7048 4
7049 2
7050 1
7051 3
7052 1
7053 4
7054 4
7055 4
7056 4
7057 4
7058 5
7059 4
7060 4
7061 4
7062 4
7063 5
7064 3
7065 1
7066 1
7067 4
7068 4
7069 3
7070 4
7071 4
7072 3
7073 4
7074 5
7075 4
7076 5
7077 0
7078 5
7079 1
7080 4
7081 5
7082 2
7083 0
7084 1
7085 4
7086 4
7087 1
7088 2
7089 4
7090 3
7091 1
7092 1
7093 2
7094 1
7095 5
7096 4
7097 4
7098 4
7099 1
7100 4
7101 3
7102 4
7103 4
7104 0
7105 1
7106 0
7107 4
7108 4
7109 1
7110 4
7111 4
7112 4
7113 1
7114 5
7115 4
7116 0
7117 4
7118 3
7119 2
7120 2
7121 4
7122 3
7123 2
7124 4
7125 2
7126 4
7127 3
7128 4
7129 0
7130 3
7131 4
7132 4
7133 3
7134 3
7135 1
7136 4
7137 4
7138 5
7139 4
7140 2
7141 4
7142 1
7143 5
7144 5
7145 4
7146 5
7147 2
7148 0
7149 4
7150 4
7151 5
7152 4
7153 4
7154 4
7155 4
7156 4
7157 4
7158 4
7159 4
7160 4
7161 4
7162 4
7163 2
7164 4
7165 1
7166 2
7167 4
7168 4
7169 4
7170 4
7171 4
7172 4
7173 4
7174 1
7175 4
7176 4
7177 0
7178 5
7179 4
7180 4
7181 1
7182 5
7183 2
7184 2
7185 3
7186 4
7187 1
7188 4
7189 1
7190 0
7191 4
7192 3
7193 3
7194 5
7195 2
7196 4
7197 4
7198 4
7199 5
7200 4
7201 4
7202 0
7203 4
7204 4
7205 1
7206 4
7207 4
7208 4
7209 4
7210 4
7211 5
7212 3
7213 4
7214 2
7215 4
7216 0
7217 5
7218 4
7219 4
7220 5
7221 4
7222 4
7223 1
7224 4
7225 4
7226 3
7227 3
7228 4
7229 0
7230 4
7231 4
7232 4
7233 4
7234 1
7235 4
7236 5
7237 4
7238 2
7239 4
7240 2
7241 5
7242 4
7243 4
7244 3
7245 4
7246 2
7247 4
7248 1
7249 4
7250 3
7251 4
7252 5
7253 3
7254 4
7255 4
7256 1
7257 4
7258 2
7259 4
7260 2
7261 3
7262 4
7263 4
7264 2
7265 5
7266 2
7267 4
7268 4
7269 4
7270 3
7271 4
7272 0
7273 4
7274 1
7275 2
7276 4
7277 0
7278 4
7279 3
7280 2
7281 4
7282 3
7283 1
7284 3
7285 0
7286 3
7287 4
7288 2
7289 4
7290 4
7291 1
7292 4
7293 5
7294 3
7295 2
7296 3
7297 0
7298 3
7299 4
7300 2
7301 4
7302 4
7303 1
7304 4
7305 2
7306 4
7307 2
7308 4
7309 3
7310 2
7311 4
7312 4
7313 3
7314 4
7315 4
7316 3
7317 1
7318 4
7319 4
7320 4
7321 5
7322 2
7323 4
7324 4
7325 4
7326 4
7327 4
7328 4
7329 4
7330 4
7331 3
7332 0
7333 0
7334 4
7335 2
7336 4
7337 1
7338 1
7339 4
7340 2
7341 1
7342 1
7343 3
7344 1
7345 4
7346 4
7347 4
7348 1
7349 5
7350 2
7351 4
7352 4
7353 3
7354 0
7355 4
7356 4
7357 1
7358 5
7359 4
7360 0
7361 4
7362 4
7363 4
7364 4
7365 5
7366 4
7367 1
7368 4
7369 4
7370 4
7371 3
7372 4
7373 4
7374 2
7375 4
7376 0
7377 4
7378 4
7379 5
7380 5
7381 2
7382 4
7383 4
7384 4
7385 2
7386 4
7387 3
7388 4
7389 4
7390 4
7391 4
7392 4
7393 4
7394 4
7395 4
7396 2
7397 5
7398 2
7399 4
7400 2
7401 5
7402 5
7403 5
7404 4
7405 3
7406 3
7407 4
7408 2
7409 5
7410 5
7411 5
7412 3
7413 1
7414 4
7415 5
7416 2
7417 1
7418 2
7419 5
7420 4
7421 4
7422 4
7423 2
7424 4
7425 4
7426 2
7427 4
7428 1
7429 0
7430 4
7431 2
7432 4
7433 1
7434 4
7435 4
7436 4
7437 3
7438 2
7439 1
7440 4
7441 5
7442 4
7443 1
7444 2
7445 5
7446 4
7447 2
7448 3
7449 2
7450 4
7451 4
7452 4
7453 4
7454 1
7455 3
7456 4
7457 4
7458 4
7459 2
7460 2
7461 2
7462 4
7463 0
7464 5
7465 4
7466 4
7467 0
7468 4
7469 2
7470 2
7471 2
7472 4
7473 1
7474 4
7475 3
7476 1
7477 4
7478 4
7479 2
7480 5
7481 4
7482 4
7483 3
7484 1
7485 0
7486 4
7487 3
7488 4
7489 5
7490 4
7491 4
7492 5
7493 3
7494 4
7495 4
7496 1
7497 4
7498 4
7499 4
7500 5
7501 1
7502 3
7503 4
7504 4
7505 5
7506 4
7507 4
7508 4
7509 3
7510 4
7511 4
7512 3
7513 4
7514 5
7515 3
7516 4
7517 1
7518 4
7519 2
7520 1
7521 3
7522 4
7523 5
7524 4
7525 4
7526 1
7527 4
7528 4
7529 5
7530 4
7531 2
7532 4
7533 5
7534 1
7535 4
7536 3
7537 0
7538 4
7539 4
7540 4
7541 1
7542 0
7543 4
7544 2
7545 4
7546 4
7547 4
7548 4
7549 4
7550 4
7551 4
7552 2
7553 4
7554 3
7555 4
7556 2
7557 4
7558 4
7559 5
7560 2
7561 4
7562 4
7563 4
7564 4
7565 2
7566 2
7567 5
7568 4
7569 4
7570 5
7571 3
7572 2
7573 3
7574 0
7575 4
7576 0
7577 5
7578 0
7579 1
7580 4
7581 4
7582 3
7583 4
7584 5
7585 4
7586 2
7587 3
7588 2
7589 4
7590 4
7591 5
7592 4
7593 1
7594 1
7595 4
7596 4
7597 2
7598 2
7599 4
7600 4
7601 1
7602 0
7603 1
7604 2
7605 3
7606 1
7607 4
7608 2
7609 1
7610 2
7611 4
7612 4
7613 3
7614 4
7615 5
7616 4
7617 4
7618 3
7619 4
7620 5
7621 4
7622 2
7623 2
7624 1
7625 4
7626 4
7627 0
7628 4
7629 2
7630 4
7631 3
7632 0
7633 4
7634 4
7635 4
7636 2
7637 2
7638 5
7639 2
7640 0
7641 4
7642 0
7643 4
7644 4
7645 5
7646 0
7647 4
7648 1
7649 5
7650 4
7651 3
7652 5
7653 4
7654 4
7655 2
7656 5
7657 1
7658 2
7659 4
7660 4
7661 4
7662 4
7663 4
7664 4
7665 4
7666 5
7667 4
7668 4
7669 3
7670 4
7671 2
7672 4
7673 5
7674 4
7675 4
7676 4
7677 4
7678 4
7679 2
7680 4
7681 0
7682 4
7683 1
7684 4
7685 4
7686 2
7687 1
7688 5
7689 3
7690 5
7691 4
7692 0
7693 3
7694 3
7695 0
7696 1
7697 4
7698 1
7699 4
7700 4
7701 4
7702 4
7703 1
7704 2
7705 3
7706 4
7707 5
7708 4
7709 4
7710 4
7711 3
7712 4
7713 2
7714 3
7715 5
7716 2
7717 1
7718 1
7719 4
7720 4
7721 2
7722 0
7723 4
7724 4
7725 4
7726 3
7727 4
7728 2
7729 4
7730 1
7731 4
7732 2
7733 4
7734 2
7735 4
7736 5
7737 4
7738 5
7739 4
7740 4
7741 5
7742 2
7743 0
7744 4
7745 4
7746 5
7747 4
7748 2
7749 0
7750 2
7751 4
7752 4
7753 5
7754 4
7755 3
7756 5
7757 4
7758 2
7759 1
7760 4
7761 4
7762 4
7763 5
7764 0
7765 5
7766 2
7767 3
7768 4
7769 2
7770 1
7771 4
7772 3
7773 2
7774 1
7775 2
7776 4
7777 4
7778 4
7779 4
7780 4
7781 4
7782 2
7783 4
7784 3
7785 1
7786 4
7787 0
7788 4
7789 4
7790 4
7791 4
7792 3
7793 0
7794 4
7795 4
7796 2
7797 4
7798 3
7799 4
7800 5
7801 5
7802 4
7803 0
7804 5
7805 4
7806 4
7807 4
7808 4
7809 3
7810 3
7811 2
7812 5
7813 1
7814 4
7815 1
7816 4
7817 4
7818 1
7819 4
7820 0
7821 1
7822 4
7823 4
7824 2
7825 4
7826 4
7827 4
7828 4
7829 4
7830 4
7831 0
7832 4
7833 4
7834 4
7835 3
7836 4
7837 5
7838 1
7839 4
7840 1
7841 1
7842 2
7843 5
7844 4
7845 4
7846 3
7847 4
7848 4
7849 5
7850 2
7851 4
7852 4
7853 2
7854 4
7855 4
7856 4
7857 2
7858 4
7859 2
7860 3
7861 4
7862 4
7863 5
7864 4
7865 1
7866 5
7867 5
7868 0
7869 3
7870 4
7871 4
7872 0
7873 4
7874 4
7875 4
7876 4
7877 3
7878 2
7879 4
7880 4
7881 4
7882 4
7883 4
7884 5
7885 2
7886 4
7887 4
7888 4
7889 5
7890 4
7891 2
7892 2
7893 4
7894 1
7895 4
7896 0
7897 4
7898 4
7899 4
7900 2
7901 4
7902 4
7903 4
7904 4
7905 4
7906 5
7907 5
7908 2
7909 4
7910 4
7911 1
7912 4
7913 4
7914 3
7915 1
7916 0
7917 4
7918 2
7919 4
7920 0
7921 2
7922 4
7923 4
7924 4
7925 4
7926 4
7927 3
7928 2
7929 0
7930 2
7931 3
7932 5
7933 2
7934 4
7935 3
7936 5
7937 4
7938 3
7939 1
7940 2
7941 2
7942 1
7943 5
7944 4
7945 2
7946 3
7947 3
7948 4
7949 4
7950 4
7951 5
7952 2
7953 4
7954 4
7955 4
7956 2
7957 4
7958 5
7959 4
7960 0
7961 5
7962 0
7963 4
7964 0
7965 4
7966 4
7967 4
7968 1
7969 2
7970 3
7971 4
7972 2
7973 1
7974 4
7975 2
7976 3
7977 4
7978 1
7979 4
7980 4
7981 3
7982 2
7983 5
7984 2
7985 4
7986 3
7987 4
7988 1
7989 4
7990 5
7991 4
7992 4
7993 3
7994 4
7995 4
7996 5
7997 4
7998 4
7999 4
8000 4
8001 4
8002 5
8003 4
8004 4
8005 5
8006 4
8007 4
8008 5
8009 1
8010 5
8011 4
8012 4
8013 3
8014 4
8015 1
8016 4
8017 2
8018 4
8019 4
8020 4
8021 1
8022 4
8023 4
8024 5
8025 3
8026 1
8027 2
8028 4
8029 4
8030 3
8031 4
8032 3
8033 5
8034 4
8035 3
8036 4
8037 5
8038 2
8039 3
8040 2
8041 2
8042 4
8043 4
8044 4
8045 5
8046 4
8047 4
8048 5
8049 4
8050 4
8051 5
8052 4
8053 4
8054 4
8055 3
8056 5
8057 4
8058 3
8059 4
8060 3
8061 5
8062 0
8063 5
8064 4
8065 1
8066 5
8067 3
8068 0
8069 0
8070 2
8071 3
8072 0
8073 2
8074 5
8075 4
8076 2
8077 3
8078 2
8079 4
8080 2
8081 0
8082 1
8083 4
8084 4
8085 0
8086 4
8087 3
8088 4
8089 4
8090 1
8091 1
8092 4
8093 5
8094 4
8095 3
8096 5
8097 4
8098 5
8099 5
8100 4
8101 3
8102 1
8103 4
8104 4
8105 4
8106 5
8107 1
8108 4
8109 3
8110 3
8111 2
8112 4
8113 0
8114 4
8115 4
8116 5
8117 4
8118 2
8119 2
8120 5
8121 3
8122 4
8123 4
8124 4
8125 2
8126 1
8127 2
8128 1
8129 4
8130 0
8131 3
8132 5
8133 2
8134 0
8135 4
8136 5
8137 5
8138 2
8139 4
8140 1
8141 5
8142 2
8143 4
8144 4
8145 2
8146 4
8147 2
8148 5
8149 4
8150 4
8151 4
8152 5
8153 0
8154 4
8155 4
8156 4
8157 2
8158 4
8159 1
8160 4
8161 5
8162 4
8163 2
8164 3
8165 4
8166 3
8167 1
8168 4
8169 5
8170 4
8171 4
8172 5
8173 3
8174 5
8175 1
8176 2
8177 4
8178 4
8179 4
8180 0
8181 3
8182 2
8183 5
8184 3
8185 1
8186 2
8187 4
8188 5
8189 0
8190 4
8191 3
8192 4
8193 4
8194 4
8195 4
8196 3
8197 4
8198 3
8199 5
8200 2
8201 4
8202 4
8203 5
8204 1
8205 4
8206 5
8207 1
8208 4
8209 4
8210 5
8211 5
8212 2
8213 5
8214 4
8215 4
8216 5
8217 5
8218 4
8219 4
8220 4
8221 2
8222 5
8223 0
8224 4
8225 4
8226 4
8227 0
8228 4
8229 4
8230 2
8231 4
8232 4
8233 5
8234 5
8235 5
8236 4
8237 4
8238 5
8239 4
8240 4
8241 1
8242 1
8243 4
8244 2
8245 5
8246 0
8247 0
8248 4
8249 4
8250 4
8251 4
8252 0
8253 4
8254 0
8255 0
8256 4
8257 4
8258 5
8259 3
8260 4
8261 3
8262 2
8263 4
8264 4
8265 4
8266 3
8267 4
8268 4
8269 4
8270 5
8271 4
8272 1
8273 2
8274 4
8275 4
8276 4
8277 4
8278 4
8279 4
8280 0
8281 4
8282 1
8283 3
8284 4
8285 4
8286 4
8287 5
8288 0
8289 1
8290 4
8291 4
8292 3
8293 4
8294 4
8295 4
8296 5
8297 2
8298 4
8299 4
8300 5
8301 4
8302 0
8303 5
8304 3
8305 3
8306 5
8307 4
8308 2
8309 3
8310 4
8311 4
8312 4
8313 4
8314 1
8315 4
8316 3
8317 4
8318 4
8319 5
8320 3
8321 1
8322 4
8323 4
8324 3
8325 5
8326 0
8327 4
8328 0
8329 5
8330 4
8331 1
8332 1
8333 2
8334 1
8335 1
8336 4
8337 4
8338 3
8339 5
8340 4
8341 0
8342 2
8343 4
8344 5
8345 2
8346 4
8347 4
8348 4
8349 3
8350 3
8351 4
8352 3
8353 4
8354 2
8355 3
8356 4
8357 2
8358 4
8359 5
8360 2
8361 2
8362 3
8363 5
8364 1
8365 4
8366 4
8367 1
8368 4
8369 4
8370 3
8371 4
8372 1
8373 1
8374 4
8375 1
8376 4
8377 4
8378 5
8379 2
8380 4
8381 4
8382 0
8383 3
8384 4
8385 1
8386 2
8387 4
8388 4
8389 4
8390 3
8391 4
8392 4
8393 3
8394 2
8395 3
8396 3
8397 1
8398 3
8399 4
8400 2
8401 4
8402 5
8403 4
8404 1
8405 1
8406 0
8407 3
8408 4
8409 4
8410 0
8411 4
8412 3
8413 5
8414 3
8415 2
8416 5
8417 4
8418 3
8419 4
8420 4
8421 0
8422 4
8423 4
8424 2
8425 5
8426 5
8427 1
8428 4
8429 4
8430 4
8431 5
8432 3
8433 4
8434 5
8435 3
8436 4
8437 3
8438 4
8439 4
8440 5
8441 5
8442 3
8443 4
8444 1
8445 5
8446 1
8447 4
8448 5
8449 4
8450 1
8451 2
8452 4
8453 4
8454 3
8455 4
8456 1
8457 3
8458 5
8459 4
8460 3
8461 3
8462 4
8463 4
8464 1
8465 2
8466 3
8467 4
8468 3
8469 2
8470 4
8471 4
8472 4
8473 4
8474 4
8475 5
8476 3
8477 5
8478 5
8479 2
8480 4
8481 5
8482 2
8483 3
8484 4
8485 3
8486 4
8487 1
8488 1
8489 1
8490 4
8491 4
8492 2
8493 5
8494 1
8495 4
8496 4
8497 5
8498 2
8499 2
8500 4
8501 1
8502 5
8503 4
8504 2
8505 5
8506 0
8507 0
8508 2
8509 2
8510 2
8511 3
8512 0
8513 4
8514 4
8515 3
8516 3
8517 4
8518 4
8519 3
8520 0
8521 0
8522 4
8523 5
8524 5
8525 2
8526 4
8527 4
8528 1
8529 2
8530 3
8531 4
8532 4
8533 4
8534 4
8535 5
8536 4
8537 1
8538 5
8539 3
8540 1
8541 0
8542 2
8543 2
8544 4
8545 4
8546 5
8547 5
8548 0
8549 4
8550 5
8551 4
8552 2
8553 4
8554 4
8555 2
8556 1
8557 0
8558 4
8559 2
8560 4
8561 4
8562 5
8563 4
8564 4
8565 4
8566 4
8567 3
8568 4
8569 4
8570 0
8571 5
8572 4
8573 3
8574 0
8575 1
8576 2
8577 5
8578 3
8579 4
8580 4
8581 0
8582 1
8583 4
8584 4
8585 5
8586 5
8587 4
8588 4
8589 4
8590 4
8591 4
8592 1
8593 5
8594 4
8595 4
8596 4
8597 3
8598 5
8599 4
8600 4
8601 5
8602 5
8603 4
8604 4
8605 5
8606 5
8607 1
8608 4
8609 3
8610 4
8611 4
8612 3
8613 4
8614 1
8615 2
8616 3
8617 4
8618 5
8619 4
8620 4
8621 3
8622 1
8623 2
8624 2
8625 2
8626 4
8627 4
8628 4
8629 4
8630 4
8631 5
8632 2
8633 4
8634 4
8635 3
8636 5
8637 1
8638 0
8639 4
8640 4
8641 3
8642 4
8643 1
8644 4
8645 4
8646 1
8647 3
8648 2
8649 4
8650 4
8651 3
8652 2
8653 4
8654 4
8655 2
8656 0
8657 5
8658 4
8659 4
8660 4
8661 4
8662 3
8663 4
8664 4
8665 5
8666 4
8667 4
8668 4
8669 4
8670 5
8671 2
8672 5
8673 2
8674 1
8675 1
8676 0
8677 4
8678 5
8679 0
8680 4
8681 1
8682 1
8683 0
8684 3
8685 4
8686 2
8687 4
8688 4
8689 4
8690 2
8691 4
8692 4
8693 2
8694 5
8695 1
8696 2
8697 2
8698 2
8699 4
8700 4
8701 4
8702 5
8703 4
8704 5
8705 4
8706 4
8707 4
8708 4
8709 3
8710 4
8711 5
8712 4
8713 4
8714 0
8715 4
8716 5
8717 2
8718 0
8719 4
8720 0
8721 3
8722 4
8723 4
8724 3
8725 1
8726 4
8727 4
8728 4
8729 4
8730 2
8731 4
8732 4
8733 4
8734 4
8735 5
8736 0
8737 4
8738 2
8739 0
8740 2
8741 4
8742 3
8743 4
8744 4
8745 4
8746 0
8747 3
8748 1
8749 1
8750 4
8751 5
8752 3
8753 0
8754 4
8755 4
8756 4
8757 4
8758 4
8759 2
8760 4
8761 4
8762 2
8763 5
8764 5
8765 1
8766 5
8767 2
8768 2
8769 4
8770 2
8771 5
8772 0
8773 3
8774 2
8775 4
8776 0
8777 4
8778 3
8779 4
8780 1
8781 4
8782 3
8783 0
8784 3
8785 4
8786 4
8787 4
8788 4
8789 2
8790 4
8791 4
8792 4
8793 4
8794 4
8795 1
8796 5
8797 4
8798 4
8799 4
8800 1
8801 2
8802 2
8803 2
8804 4
8805 4
8806 4
8807 4
8808 5
8809 2
8810 4
8811 0
8812 3
8813 5
8814 3
8815 0
8816 3
8817 1
8818 3
8819 0
8820 2
8821 4
8822 1
8823 4
8824 5
8825 4
8826 4
8827 4
8828 2
8829 4
8830 5
8831 3
8832 2
8833 0
8834 1
8835 4
8836 4
8837 5
8838 1
8839 0
8840 1
8841 5
8842 4
8843 5
8844 4
8845 4
8846 4
8847 5
8848 1
8849 5
8850 2
8851 4
8852 4
8853 4
8854 3
8855 3
8856 4
8857 2
8858 4
8859 4
8860 1
8861 4
8862 5
8863 3
8864 4
8865 4
8866 1
8867 3
8868 4
8869 4
8870 4
8871 2
8872 4
8873 3
8874 4
8875 4
8876 3
8877 4
8878 3
8879 4
8880 4
8881 2
8882 3
8883 5
8884 0
8885 2
8886 1
8887 4
8888 2
8889 1
8890 0
8891 5
8892 4
8893 4
8894 0
8895 5
8896 0
8897 5
8898 4
8899 5
8900 4
8901 5
8902 3
8903 5
8904 1
8905 2
8906 4
8907 3
8908 4
8909 2
8910 4
8911 4
8912 2
8913 2
8914 1
8915 4
8916 0
8917 4
8918 5
8919 1
8920 2
8921 4
8922 1
8923 4
8924 3
8925 4
8926 1
8927 4
8928 4
8929 1
8930 4
8931 5
8932 2
8933 3
8934 4
8935 3
8936 4
8937 4
8938 4
8939 4
8940 0
8941 4
8942 2
8943 4
8944 1
8945 4
8946 2
8947 0
8948 3
8949 3
8950 2
8951 4
8952 3
8953 4
8954 5
8955 5
8956 3
8957 4
8958 4
8959 1
8960 0
8961 3
8962 4
8963 3
8964 4
8965 4
8966 4
8967 4
8968 2
8969 4
8970 4
8971 4
8972 4
8973 4
8974 5
8975 4
8976 3
8977 4
8978 3
8979 4
8980 4
8981 4
8982 3
8983 0
8984 3
8985 3
8986 4
8987 4
8988 4
8989 4
8990 3
8991 5
8992 5
8993 3
8994 4
8995 4
8996 5
8997 5
8998 4
8999 3
9000 5
9001 2
9002 4
9003 4
9004 2
9005 5
9006 2
9007 1
9008 4
9009 4
9010 4
9011 3
9012 4
9013 4
9014 4
9015 5
9016 2
9017 4
9018 1
9019 0
9020 3
9021 4
9022 4
9023 2
9024 4
9025 4
9026 4
9027 3
9028 5
9029 4
9030 0
9031 5
9032 4
9033 4
9034 2
9035 5
9036 4
9037 4
9038 2
9039 4
9040 3
9041 4
9042 5
9043 4
9044 5
9045 3
9046 1
9047 4
9048 4
9049 4
9050 3
9051 5
9052 4
9053 3
9054 2
9055 1
9056 5
9057 0
9058 1
9059 0
9060 5
9061 5
9062 4
9063 2
9064 1
9065 2
9066 2
9067 3
9068 3
9069 5
9070 4
9071 5
9072 3
9073 4
9074 5
9075 4
9076 4
9077 2
9078 4
9079 5
9080 3
9081 5
9082 3
9083 3
9084 4
9085 4
9086 5
9087 4
9088 4
9089 4
9090 0
9091 2
9092 3
9093 4
9094 3
9095 3
9096 4
9097 5
9098 4
9099 4
9100 4
9101 4
9102 3
9103 2
9104 2
9105 1
9106 3
9107 3
9108 4
9109 4
9110 4
9111 3
9112 4
9113 4
9114 5
9115 4
9116 5
9117 5
9118 5
9119 4
9120 5
9121 4
9122 4
9123 5
9124 4
9125 4
9126 4
9127 0
9128 4
9129 4
9130 4
9131 4
9132 4
9133 4
9134 4
9135 4
9136 5
9137 3
9138 2
9139 3
9140 4
9141 5
9142 5
9143 4
9144 4
9145 4
9146 5
9147 4
9148 4
9149 2
9150 4
9151 2
9152 3
9153 2
9154 2
9155 3
9156 4
9157 4
9158 4
9159 2
9160 5
9161 1
9162 4
9163 3
9164 0
9165 4
9166 0
9167 4
9168 4
9169 4
9170 4
9171 4
9172 3
9173 2
9174 4
9175 4
9176 4
9177 4
9178 4
9179 4
9180 4
9181 2
9182 1
9183 1
9184 5
9185 1
9186 4
9187 4
9188 4
9189 1
9190 4
9191 3
9192 5
9193 2
9194 2
9195 4
9196 2
9197 2
9198 4
9199 4
9200 4
9201 4
9202 4
9203 5
9204 4
9205 5
9206 4
9207 5
9208 4
9209 0
9210 4
9211 4
9212 4
9213 3
9214 2
9215 4
9216 4
9217 2
9218 3
9219 0
9220 3
9221 2
9222 4
9223 5
9224 2
9225 4
9226 5
9227 1
9228 4
9229 2
9230 3
9231 5
9232 4
9233 5
9234 5
9235 0
9236 4
9237 3
9238 4
9239 2
9240 4
9241 0
9242 2
9243 0
9244 4
9245 3
9246 0
9247 4
9248 1
9249 5
9250 4
9251 3
9252 3
9253 4
9254 2
9255 0
9256 1
9257 5
9258 2
9259 2
9260 4
9261 1
9262 4
9263 2
9264 4
9265 3
9266 3
9267 4
9268 5
9269 2
9270 1
9271 3
9272 5
9273 4
9274 5
9275 2
9276 1
9277 4
9278 5
9279 1
9280 4
9281 0
9282 2
9283 4
9284 4
9285 4
9286 0
9287 5
9288 2
9289 4
9290 4
9291 3
9292 2
9293 3
9294 4
9295 4
9296 2
9297 2
9298 4
9299 4
9300 4
9301 2
9302 4
9303 0
9304 4
9305 1
9306 4
9307 2
9308 4
9309 4
9310 0
9311 4
9312 5
9313 3
9314 4
9315 4
9316 4
9317 2
9318 2
9319 0
9320 3
9321 0
9322 4
9323 0
9324 1
9325 4
9326 4
9327 4
9328 3
9329 3
9330 2
9331 0
9332 4
9333 5
9334 4
9335 5
9336 4
9337 2
9338 4
9339 4
9340 2
9341 4
9342 2
9343 4
9344 3
9345 2
9346 5
9347 4
9348 3
9349 2
9350 4
9351 2
9352 4
9353 3
9354 4
9355 1
9356 3
9357 1
9358 4
9359 4
9360 1
9361 4
9362 4
9363 2
9364 5
9365 3
9366 5
9367 5
9368 3
9369 2
9370 4
9371 2
9372 4
9373 4
9374 2
9375 4
9376 4
9377 4
9378 4
9379 4
9380 0
9381 4
9382 3
9383 2
9384 2
9385 3
9386 2
9387 3
9388 4
9389 4
9390 1
9391 4
9392 4
9393 4
9394 4
9395 4
9396 4
9397 4
9398 5
9399 3
9400 1
9401 4
9402 3
9403 4
9404 5
9405 1
9406 4
9407 5
9408 5
9409 5
9410 3
9411 1
9412 4
9413 4
9414 4
9415 5
9416 4
9417 4
9418 3
9419 4
9420 4
9421 3
9422 4
9423 5
9424 1
9425 0
9426 1
9427 4
9428 4
9429 4
9430 2
9431 4
9432 4
9433 3
9434 5
9435 4
9436 5
9437 4
9438 4
9439 4
9440 4
9441 4
9442 5
9443 5
9444 3
9445 5
9446 3
9447 4
9448 4
9449 0
9450 1
9451 5
9452 5
9453 4
9454 0
9455 4
9456 0
9457 4
9458 5
9459 3
9460 4
9461 4
9462 4
9463 4
9464 5
9465 4
9466 3
9467 4
9468 4
9469 4
9470 3
9471 5
9472 4
9473 4
9474 4
9475 3
9476 4
9477 5
9478 4
9479 4
9480 3
9481 4
9482 2
9483 5
9484 2
9485 2
9486 3
9487 4
9488 4
9489 4
9490 5
9491 1
9492 4
9493 4
9494 5
9495 4
9496 3
9497 0
9498 2
9499 1
9500 2
9501 4
9502 3
9503 3
9504 4
9505 2
9506 4
9507 4
9508 0
9509 4
9510 4
9511 4
9512 4
9513 4
9514 1
9515 4
9516 2
9517 5
9518 5
9519 4
9520 1
9521 4
9522 4
9523 1
9524 2
9525 2
9526 3
9527 0
9528 4
9529 1
9530 4
9531 3
9532 4
9533 4
9534 5
9535 5
9536 3
9537 3
9538 3
9539 4
9540 4
9541 4
9542 4
9543 2
9544 4
9545 4
9546 4
9547 4
9548 4
9549 3
9550 4
9551 0
9552 2
9553 3
9554 2
9555 4
9556 2
9557 4
9558 3
9559 5
9560 4
9561 4
9562 5
9563 4
9564 0
9565 4
9566 4
9567 3
9568 4
9569 4
9570 5
9571 5
9572 1
9573 4
9574 4
9575 3
9576 5
9577 3
9578 4
9579 4
9580 5
9581 3
9582 2
9583 4
9584 5
9585 3
9586 0
9587 4
9588 4
9589 3
9590 2
9591 2
9592 4
9593 5
9594 1
9595 4
9596 4
9597 5
9598 0
9599 2
9600 3
9601 2
9602 5
9603 1
9604 3
9605 4
9606 4
9607 4
9608 4
9609 3
9610 4
9611 5
9612 5
9613 5
9614 0
9615 3
9616 3
9617 3
9618 4
9619 5
9620 2
9621 4
9622 2
9623 4
9624 4
9625 5
9626 2
9627 5
9628 4
9629 4
9630 3
9631 1
9632 4
9633 4
9634 5
9635 5
9636 1
9637 2
9638 4
9639 1
9640 5
9641 0
9642 1
9643 1
9644 2
9645 5
9646 1
9647 4
9648 4
9649 2
9650 4
9651 5
9652 5
9653 5
9654 4
9655 0
9656 4
9657 4
9658 0
9659 3
9660 3
9661 5
9662 4
9663 4
9664 4
9665 4
9666 4
9667 1
9668 3
9669 2
9670 5
9671 0
9672 3
9673 3
9674 4
9675 5
9676 4
9677 5
9678 4
9679 4
9680 3
9681 0
9682 4
9683 4
9684 5
9685 2
9686 5
9687 1
9688 4
9689 1
9690 4
9691 4
9692 4
9693 4
9694 4
9695 5
9696 5
9697 4
9698 4
9699 4
9700 4
9701 4
9702 4
9703 2
9704 4
9705 5
9706 1
9707 4
9708 2
9709 2
9710 0
9711 4
9712 4
9713 1
9714 0
9715 0
9716 4
9717 3
9718 1
9719 2
9720 4
9721 4
9722 1
9723 4
9724 0
9725 3
9726 4
9727 5
9728 1
9729 4
9730 4
9731 4
9732 2
9733 4
9734 4
9735 5
9736 2
9737 3
9738 5
9739 0
9740 1
9741 2
9742 4
9743 4
9744 4
9745 2
9746 3
9747 1
9748 4
9749 4
9750 1
9751 4
9752 0
9753 2
9754 2
9755 5
9756 2
9757 3
9758 4
9759 3
9760 3
9761 0
9762 4
9763 4
9764 2
9765 5
9766 3
9767 5
9768 5
9769 2
9770 1
9771 4
9772 4
9773 4
9774 4
9775 0
9776 4
9777 5
9778 2
9779 1
9780 5
9781 2
9782 1
9783 4
9784 4
9785 1
9786 4
9787 2
9788 1
9789 4
9790 3
9791 0
9792 2
9793 5
9794 4
9795 0
9796 4
9797 4
9798 4
9799 2
9800 4
9801 0
9802 5
9803 4
9804 4
9805 4
9806 4
9807 3
9808 0
9809 4
9810 2
9811 0
9812 5
9813 4
9814 3
9815 2
9816 0
9817 4
9818 3
9819 3
9820 4
9821 4
9822 5
9823 2
9824 4
9825 4
9826 2
9827 4
9828 2
9829 4
9830 4
9831 0
9832 4
9833 2
9834 4
9835 1
9836 5
9837 5
9838 0
9839 2
9840 4
9841 4
9842 1
9843 4
9844 4
9845 4
9846 2
9847 0
9848 5
9849 2
9850 4
9851 4
9852 1
9853 4
9854 4
9855 4
9856 2
9857 4
9858 2
9859 4
9860 4
9861 4
9862 4
9863 4
9864 4
9865 3
9866 4
9867 3
9868 4
9869 4
9870 4
9871 5
9872 4
9873 4
9874 5
9875 0
9876 3
9877 5
9878 4
9879 4
9880 4
9881 2
9882 4
9883 3
9884 4
9885 5
9886 5
9887 5
9888 5
9889 2
9890 4
9891 5
9892 3
9893 4
9894 3
9895 4
9896 4
9897 4
9898 5
9899 0
9900 4
9901 4
9902 0
9903 1
9904 0
9905 2
9906 3
9907 1
9908 4
9909 5
9910 1
9911 1
9912 1
9913 4
9914 4
9915 4
9916 3
9917 2
9918 4
9919 5
9920 2
9921 3
9922 4
9923 1
9924 4
9925 4
9926 3
9927 4
9928 4
9929 2
9930 3
9931 1
9932 5
9933 4
9934 4
9935 1
9936 4
9937 4
9938 4
9939 4
9940 4
9941 2
9942 4
9943 2
9944 4
9945 1
9946 4
9947 4
9948 4
9949 5
9950 4
9951 3
9952 5
9953 5
9954 4
9955 4
9956 4
9957 4
9958 4
9959 3
9960 5
9961 4
9962 1
9963 3
9964 4
9965 5
9966 2
9967 3
9968 5
9969 4
9970 4
9971 2
9972 2
9973 2
9974 4
9975 1
9976 0
9977 4
9978 2
9979 5
9980 4
9981 1
9982 1
9983 3
9984 0
9985 2
9986 3
9987 4
9988 4
9989 2
9990 2
9991 4
9992 5
9993 2
9994 2
9995 4
9996 3
9997 0
9998 4
9999 5
