138
0 19
1 49
2 34
3 121
4 18
5 2
6 102
7 29
8 0
9 59
10 40
11 116
12 124
13 102
14 35
15 102
16 14
17 84
18 7
19 1
20 123
21 16
22 42
23 15
24 40
25 118
26 23
27 42
28 98
29 7
30 29
31 102
32 131
33 40
34 29
35 132
36 2
37 49
38 118
39 132
40 34
41 73
42 25
43 19
44 29
45 66
46 112
47 3
48 11
49 85
50 11
51 29
52 128
53 73
54 29
55 99
56 29
57 48
58 62
59 5
60 73
61 29
62 131
63 49
64 49
65 75
66 55
67 132
68 29
69 23
70 49
71 42
72 129
73 0
74 103
75 80
76 85
77 100
78 15
79 134
80 33
81 73
82 29
83 118
84 135
85 66
86 53
87 110
88 66
89 103
90 28
91 118
92 97
93 65
94 69
95 50
96 119
97 29
98 21
99 29
100 29
101 66
102 49
103 29
104 85
105 84
106 5
107 106
108 7
109 104
110 23
111 49
112 69
113 108
114 5
115 132
116 7
117 102
118 134
119 29
120 27
121 7
122 53
123 112
124 29
125 31
126 29
127 29
128 40
129 34
130 66
131 15
132 83
133 73
134 48
135 29
136 124
137 9
138 103
139 84
140 73
141 71
142 53
143 49
144 85
145 106
146 102
147 41
148 0
149 10
150 11
151 105
152 135
153 29
154 71
155 110
156 117
157 17
158 18
159 79
160 100
161 106
162 103
163 12
164 66
165 7
166 102
167 7
168 0
169 99
170 15
171 135
172 7
173 65
174 28
175 77
176 39
177 7
178 134
179 132
180 11
181 116
182 49
183 108
184 23
185 46
186 118
187 21
188 108
189 108
190 97
191 73
192 11
193 54
194 13
195 135
196 29
197 27
198 103
199 52
200 11
201 91
202 14
203 119
204 80
205 49
206 49
207 108
208 102
209 29
210 40
211 79
212 14
213 23
214 66
215 80
216 79
217 4
218 40
219 132
220 92
221 127
222 4
223 16
224 29
225 45
226 19
227 22
228 99
229 126
230 80
231 7
232 98
233 0
234 99
235 110
236 29
237 25
238 23
239 73
240 64
241 106
242 7
243 3
244 29
245 23
246 116
247 29
248 124
249 91
250 7
251 117
252 26
253 15
254 128
255 46
256 119
257 1
258 7
259 14
260 7
261 97
262 118
263 55
264 108
265 134
266 15
267 52
268 7
269 66
270 130
271 58
272 71
273 102
274 47
275 102
276 102
277 33
278 67
279 7
280 69
281 28
282 135
283 9
284 29
285 124
286 7
287 121
288 124
289 18
290 93
291 135
292 92
293 39
294 11
295 62
296 19
297 39
298 67
299 9
300 23
301 27
302 20
303 42
304 135
305 21
306 103
307 7
308 87
309 0
310 44
311 128
312 118
313 7
314 11
315 129
316 22
317 7
318 45
319 128
320 135
321 29
322 48
323 15
324 66
325 29
326 121
327 23
328 117
329 95
330 15
331 58
332 12
333 130
334 62
335 29
336 29
337 53
338 135
339 49
340 80
341 84
342 52
343 125
344 117
345 7
346 108
347 136
348 34
349 29
350 1
351 98
352 26
353 0
354 49
355 130
356 103
357 55
358 7
359 80
360 73
361 7
362 7
363 24
364 56
365 103
366 93
367 117
368 23
369 66
370 5
371 15
372 62
373 4
374 29
375 47
376 84
377 15
378 98
379 11
380 75
381 5
382 63
383 114
384 136
385 118
386 7
387 25
388 55
389 124
390 48
391 7
392 15
393 3
394 48
395 68
396 95
397 53
398 46
399 26
400 14
401 17
402 4
403 80
404 31
405 102
406 42
407 29
408 87
409 5
410 47
411 42
412 28
413 1
414 68
415 29
416 135
417 15
418 15
419 113
420 122
421 29
422 7
423 29
424 35
425 102
426 80
427 27
428 17
429 73
430 42
431 29
432 124
433 7
434 49
435 110
436 41
437 107
438 39
439 29
440 73
441 124
442 132
443 89
444 67
445 50
446 116
447 92
448 79
449 117
450 23
451 103
452 7
453 29
454 49
455 71
456 135
457 49
458 134
459 122
460 91
461 55
462 84
463 124
464 98
465 31
466 103
467 66
468 29
469 40
470 98
471 70
472 21
473 36
474 131
475 106
476 9
477 37
478 32
479 55
480 42
481 42
482 29
483 29
484 0
485 25
486 29
487 70
488 29
489 84
490 74
491 56
492 118
493 7
494 7
495 39
496 2
497 49
498 80
499 135
500 34
501 105
502 135
503 84
504 79
505 23
506 9
507 73
508 135
509 29
510 23
511 132
512 29
513 2
514 32
515 33
516 7
517 49
518 29
519 29
520 98
521 102
522 106
523 100
524 7
525 7
526 23
527 80
528 23
529 29
530 35
531 29
532 5
533 15
534 118
535 36
536 112
537 8
538 71
539 99
540 102
541 82
542 99
543 58
544 66
545 12
546 107
547 47
548 55
549 117
550 21
551 23
552 71
553 80
554 15
555 18
556 56
557 49
558 29
559 101
560 75
561 7
562 29
563 115
564 15
565 40
566 61
567 122
568 14
569 77
570 102
571 104
572 38
573 80
574 23
575 93
576 95
577 42
578 80
579 97
580 53
581 49
582 39
583 73
584 38
585 103
586 45
587 31
588 39
589 135
590 29
591 2
592 80
593 98
594 35
595 29
596 74
597 5
598 66
599 45
600 73
601 29
602 108
603 118
604 77
605 5
606 106
607 42
608 118
609 29
610 102
611 33
612 84
613 0
614 14
615 102
616 29
617 7
618 103
619 49
620 23
621 110
622 80
623 39
624 7
625 105
626 110
627 7
628 41
629 116
630 59
631 40
632 68
633 7
634 39
635 14
636 84
637 120
638 98
639 83
640 0
641 103
642 100
643 103
644 36
645 115
646 18
647 49
648 58
649 49
650 91
651 38
652 102
653 49
654 96
655 7
656 52
657 49
658 36
659 42
660 29
661 29
662 29
663 66
664 23
665 29
666 51
667 37
668 91
669 90
670 29
671 55
672 8
673 103
674 80
675 55
676 7
677 64
678 7
679 105
680 117
681 29
682 65
683 74
684 124
685 71
686 99
687 29
688 73
689 73
690 45
691 119
692 43
693 29
694 73
695 95
696 108
697 55
698 68
699 4
700 103
701 94
702 29
703 137
704 15
705 127
706 135
707 42
708 29
709 39
710 93
711 7
712 2
713 15
714 16
715 25
716 33
717 29
718 55
719 29
720 49
721 121
722 7
723 29
724 7
725 60
726 107
727 87
728 42
729 127
730 42
731 71
732 106
733 23
734 15
735 68
736 49
737 44
738 7
739 103
740 66
741 15
742 98
743 42
744 42
745 73
746 15
747 95
748 104
749 48
750 117
751 128
752 116
753 64
754 124
755 33
756 102
757 117
758 102
759 108
760 121
761 29
762 103
763 135
764 33
765 92
766 68
767 18
768 23
769 84
770 7
771 80
772 14
773 36
774 93
775 52
776 124
777 29
778 29
779 116
780 38
781 66
782 29
783 6
784 23
785 109
786 49
787 73
788 75
789 102
790 23
791 47
792 29
793 66
794 29
795 29
796 29
797 70
798 34
799 63
800 45
801 7
802 15
803 48
804 110
805 49
806 49
807 7
808 55
809 41
810 106
811 118
812 44
813 52
814 110
815 5
816 6
817 7
818 102
819 56
820 11
821 8
822 55
823 29
824 118
825 102
826 84
827 65
828 29
829 118
830 45
831 23
832 34
833 76
834 0
835 48
836 43
837 103
838 73
839 55
840 56
841 7
842 58
843 102
844 107
845 102
846 23
847 9
848 19
849 7
850 102
851 88
852 100
853 45
854 29
855 98
856 47
857 29
858 58
859 4
860 95
861 124
862 24
863 83
864 135
865 6
866 29
867 23
868 118
869 53
870 97
871 99
872 49
873 0
874 7
875 104
876 42
877 41
878 49
879 83
880 7
881 15
882 58
883 60
884 133
885 112
886 73
887 73
888 110
889 103
890 111
891 7
892 99
893 29
894 62
895 66
896 76
897 102
898 135
899 29
900 52
901 29
902 100
903 108
904 29
905 66
906 102
907 124
908 124
909 29
910 103
911 14
912 29
913 102
914 49
915 102
916 16
917 9
918 116
919 33
920 6
921 66
922 118
923 121
924 42
925 29
926 28
927 29
928 100
929 55
930 58
931 7
932 121
933 95
934 26
935 117
936 14
937 124
938 102
939 84
940 29
941 31
942 47
943 66
944 103
945 29
946 121
947 117
948 33
949 92
950 0
951 80
952 15
953 126
954 84
955 100
956 66
957 76
958 132
959 126
960 23
961 135
962 73
963 7
964 29
965 68
966 108
967 49
968 91
969 49
970 73
971 5
972 65
973 29
974 49
975 80
976 73
977 29
978 91
979 50
980 8
981 100
982 62
983 29
984 29
985 23
986 103
987 85
988 61
989 126
990 73
991 29
992 29
993 91
994 49
995 26
996 77
997 19
998 58
999 77
1000 65
1001 84
1002 55
1003 39
1004 29
1005 39
1006 49
1007 112
1008 29
1009 23
1010 70
1011 121
1012 53
1013 29
1014 106
1015 77
1016 23
1017 117
1018 104
1019 102
1020 54
1021 40
1022 29
1023 5
1024 49
1025 68
1026 52
1027 84
1028 112
1029 23
1030 55
1031 135
1032 29
1033 7
1034 42
1035 5
1036 132
1037 45
1038 83
1039 73
1040 30
1041 15
1042 16
1043 14
1044 80
1045 0
1046 73
1047 79
1048 33
1049 4
1050 118
1051 135
1052 73
1053 27
1054 56
1055 38
1056 76
1057 13
1058 89
1059 71
1060 102
1061 7
1062 118
1063 102
1064 106
1065 35
1066 102
1067 49
1068 108
1069 71
1070 103
1071 110
1072 7
1073 103
1074 42
1075 21
1076 7
1077 18
1078 109
1079 80
1080 29
1081 69
1082 68
1083 73
1084 73
1085 80
1086 29
1087 29
1088 7
1089 100
1090 103
1091 49
1092 15
1093 7
1094 73
1095 108
1096 103
1097 29
1098 19
1099 98
1100 103
1101 73
1102 135
1103 133
1104 20
1105 65
1106 61
1107 103
1108 7
1109 47
1110 108
1111 48
1112 95
1113 121
1114 73
1115 53
1116 49
1117 15
1118 103
1119 73
1120 7
1121 76
1122 49
1123 7
1124 58
1125 42
1126 46
1127 70
1128 11
1129 5
1130 11
1131 34
1132 98
1133 49
1134 23
1135 93
1136 29
1137 29
1138 108
1139 21
1140 103
1141 45
1142 59
1143 7
1144 116
1145 42
1146 95
1147 72
1148 40
1149 29
1150 135
1151 113
1152 42
1153 29
1154 111
1155 49
1156 8
1157 113
1158 23
1159 42
1160 55
1161 29
1162 49
1163 29
1164 14
1165 28
1166 80
1167 92
1168 70
1169 92
1170 118
1171 116
1172 117
1173 102
1174 124
1175 134
1176 102
1177 105
1178 106
1179 29
1180 7
1181 51
1182 110
1183 128
1184 129
1185 128
1186 98
1187 7
1188 19
1189 134
1190 104
1191 48
1192 102
1193 116
1194 100
1195 50
1196 41
1197 117
1198 106
1199 83
1200 134
1201 85
1202 102
1203 73
1204 73
1205 117
1206 49
1207 23
1208 98
1209 134
1210 42
1211 46
1212 117
1213 106
1214 135
1215 9
1216 36
1217 29
1218 7
1219 7
1220 73
1221 49
1222 73
1223 102
1224 7
1225 104
1226 7
1227 87
1228 100
1229 41
1230 5
1231 23
1232 53
1233 28
1234 127
1235 7
1236 0
1237 41
1238 62
1239 135
1240 80
1241 49
1242 18
1243 4
1244 29
1245 40
1246 49
1247 26
1248 110
1249 29
1250 117
1251 39
1252 63
1253 22
1254 27
1255 98
1256 49
1257 11
1258 137
1259 66
1260 29
1261 27
1262 44
1263 23
1264 14
1265 122
1266 98
1267 14
1268 71
1269 96
1270 10
1271 106
1272 60
1273 27
1274 80
1275 53
1276 73
1277 117
1278 42
1279 11
1280 98
1281 100
1282 67
1283 75
1284 5
1285 78
1286 0
1287 47
1288 125
1289 65
1290 10
1291 68
1292 108
1293 66
1294 128
1295 65
1296 55
1297 134
1298 7
1299 29
1300 13
1301 25
1302 126
1303 29
1304 7
1305 49
1306 106
1307 44
1308 7
1309 137
1310 103
1311 130
1312 73
1313 7
1314 7
1315 135
1316 106
1317 29
1318 80
1319 49
1320 95
1321 27
1322 117
1323 71
1324 103
1325 100
1326 11
1327 56
1328 29
1329 0
1330 84
1331 35
1332 53
1333 12
1334 7
1335 46
1336 73
1337 64
1338 7
1339 23
1340 66
1341 23
1342 76
1343 27
1344 73
1345 109
1346 65
1347 67
1348 42
1349 112
1350 67
1351 48
1352 7
1353 0
1354 103
1355 97
1356 135
1357 39
1358 118
1359 73
1360 26
1361 58
1362 29
1363 102
1364 109
1365 33
1366 65
1367 21
1368 68
1369 49
1370 83
1371 5
1372 42
1373 36
1374 97
1375 129
1376 7
1377 5
1378 29
1379 71
1380 71
1381 5
1382 132
1383 6
1384 134
1385 121
1386 37
1387 80
1388 56
1389 8
1390 7
1391 33
1392 98
1393 29
1394 27
1395 48
1396 49
1397 29
1398 112
1399 19
1400 80
1401 124
1402 11
1403 42
1404 68
1405 135
1406 29
1407 132
1408 134
1409 111
1410 98
1411 135
1412 52
1413 92
1414 117
1415 7
1416 102
1417 65
1418 31
1419 106
1420 100
1421 5
1422 29
1423 23
1424 28
1425 39
1426 23
1427 91
1428 121
1429 55
1430 77
1431 71
1432 87
1433 103
1434 29
1435 131
1436 29
1437 83
1438 14
1439 29
1440 19
1441 91
1442 28
1443 102
1444 1
1445 69
1446 134
1447 73
1448 128
1449 29
1450 98
1451 5
1452 70
1453 116
1454 135
1455 29
1456 29
1457 19
1458 19
1459 29
1460 14
1461 26
1462 71
1463 15
1464 5
1465 49
1466 71
1467 7
1468 122
1469 5
1470 42
1471 45
1472 23
1473 40
1474 124
1475 118
1476 23
1477 57
1478 39
1479 23
1480 98
1481 74
1482 98
1483 20
1484 71
1485 91
1486 102
1487 29
1488 97
1489 23
1490 52
1491 29
1492 119
1493 5
1494 27
1495 4
1496 76
1497 29
1498 77
1499 73
1500 102
1501 91
1502 23
1503 14
1504 19
1505 35
1506 15
1507 23
1508 7
1509 116
1510 117
1511 32
1512 49
1513 7
1514 105
1515 41
1516 63
1517 53
1518 117
1519 135
1520 23
1521 116
1522 25
1523 76
1524 66
1525 68
1526 45
1527 7
1528 0
1529 44
1530 49
1531 29
1532 97
1533 21
1534 103
1535 126
1536 49
1537 127
1538 18
1539 107
1540 7
1541 29
1542 117
1543 106
1544 87
1545 5
1546 49
1547 132
1548 6
1549 68
1550 11
1551 29
1552 102
1553 66
1554 49
1555 29
1556 117
1557 108
1558 29
1559 11
1560 135
1561 72
1562 103
1563 123
1564 135
1565 19
1566 95
1567 88
1568 102
1569 7
1570 49
1571 79
1572 132
1573 123
1574 66
1575 106
1576 103
1577 0
1578 10
1579 102
1580 91
1581 7
1582 6
1583 82
1584 80
1585 29
1586 7
1587 121
1588 35
1589 135
1590 69
1591 68
1592 42
1593 55
1594 29
1595 29
1596 29
1597 132
1598 9
1599 81
1600 73
1601 103
1602 26
1603 117
1604 107
1605 99
1606 109
1607 103
1608 53
1609 80
1610 124
1611 29
1612 27
1613 5
1614 7
1615 80
1616 118
1617 35
1618 82
1619 7
1620 7
1621 23
1622 18
1623 135
1624 134
1625 55
1626 76
1627 102
1628 8
1629 42
1630 29
1631 127
1632 132
1633 15
1634 23
1635 29
1636 102
1637 128
1638 29
1639 29
1640 73
1641 26
1642 106
1643 49
1644 45
1645 7
1646 56
1647 39
1648 102
1649 41
1650 42
1651 29
1652 102
1653 55
1654 23
1655 7
1656 124
1657 132
1658 18
1659 80
1660 58
1661 38
1662 29
1663 80
1664 87
1665 29
1666 25
1667 14
1668 131
1669 99
1670 73
1671 73
1672 29
1673 110
1674 80
1675 36
1676 33
1677 91
1678 5
1679 53
1680 7
1681 97
1682 26
1683 103
1684 61
1685 132
1686 15
1687 103
1688 102
1689 83
1690 132
1691 29
1692 29
1693 80
1694 7
1695 11
1696 26
1697 102
1698 95
1699 83
1700 49
1701 103
1702 64
1703 49
1704 5
1705 107
1706 68
1707 108
1708 64
1709 110
1710 103
1711 100
1712 35
1713 135
1714 103
1715 48
1716 67
1717 61
1718 26
1719 29
1720 23
1721 29
1722 31
1723 84
1724 7
1725 7
1726 29
1727 29
1728 29
1729 17
1730 7
1731 122
1732 29
1733 63
1734 24
1735 108
1736 27
1737 84
1738 23
1739 100
1740 72
1741 68
1742 134
1743 29
1744 51
1745 11
1746 7
1747 7
1748 83
1749 19
1750 29
1751 49
1752 16
1753 6
1754 49
1755 85
1756 15
1757 66
1758 74
1759 86
1760 49
1761 7
1762 7
1763 29
1764 128
1765 66
1766 87
1767 6
1768 27
1769 11
1770 108
1771 49
1772 62
1773 99
1774 109
1775 39
1776 23
1777 23
1778 23
1779 52
1780 107
1781 71
1782 87
1783 11
1784 103
1785 103
1786 19
1787 103
1788 132
1789 42
1790 106
1791 29
1792 61
1793 18
1794 73
1795 84
1796 77
1797 73
1798 98
1799 85
1800 13
1801 135
1802 25
1803 105
1804 32
1805 135
1806 102
1807 85
1808 29
1809 118
1810 5
1811 49
1812 29
1813 102
1814 80
1815 80
1816 68
1817 83
1818 29
1819 62
1820 102
1821 28
1822 102
1823 89
1824 137
1825 29
1826 15
1827 7
1828 103
1829 14
1830 26
1831 7
1832 13
1833 81
1834 29
1835 29
1836 42
1837 7
1838 61
1839 49
1840 71
1841 108
1842 77
1843 29
1844 14
1845 90
1846 91
1847 48
1848 7
1849 19
1850 29
1851 98
1852 100
1853 102
1854 29
1855 98
1856 29
1857 55
1858 34
1859 99
1860 108
1861 86
1862 55
1863 7
1864 128
1865 29
1866 113
1867 117
1868 136
1869 82
1870 42
1871 37
1872 41
1873 48
1874 55
1875 29
1876 29
1877 82
1878 51
1879 109
1880 19
1881 29
1882 28
1883 1
1884 134
1885 83
1886 29
1887 137
1888 12
1889 53
1890 7
1891 12
1892 92
1893 132
1894 73
1895 26
1896 66
1897 102
1898 29
1899 63
1900 55
1901 134
1902 63
1903 87
1904 7
1905 4
1906 130
1907 81
1908 103
1909 29
1910 18
1911 93
1912 80
1913 131
1914 29
1915 29
1916 94
1917 29
1918 49
1919 29
1920 23
1921 126
1922 70
1923 7
1924 121
1925 100
1926 42
1927 132
1928 66
1929 98
1930 110
1931 16
1932 102
1933 62
1934 55
1935 106
1936 116
1937 77
1938 55
1939 29
1940 73
1941 73
1942 80
1943 0
1944 7
1945 7
1946 98
1947 134
1948 35
1949 102
1950 25
1951 73
1952 39
1953 132
1954 73
1955 110
1956 94
1957 104
1958 23
1959 96
1960 49
1961 67
1962 63
1963 29
1964 23
1965 22
1966 29
1967 73
1968 131
1969 104
1970 64
1971 10
1972 124
1973 124
1974 92
1975 39
1976 27
1977 15
1978 95
1979 135
1980 29
1981 72
1982 29
1983 29
1984 118
1985 43
1986 0
1987 40
1988 15
1989 56
1990 126
1991 21
1992 26
1993 39
1994 57
1995 76
1996 73
1997 71
1998 71
1999 48
2000 29
2001 29
2002 84
2003 29
2004 108
2005 38
2006 45
2007 29
2008 29
2009 66
2010 9
2011 27
2012 49
2013 29
2014 29
2015 39
2016 108
2017 7
2018 68
2019 96
2020 134
2021 48
2022 29
2023 91
2024 79
2025 99
2026 73
2027 104
2028 15
2029 97
2030 29
2031 29
2032 58
2033 80
2034 83
2035 80
2036 118
2037 55
2038 49
2039 5
2040 4
2041 11
2042 113
2043 117
2044 49
2045 108
2046 73
2047 7
2048 134
2049 66
2050 4
2051 98
2052 27
2053 29
2054 43
2055 17
2056 106
2057 29
2058 63
2059 32
2060 55
2061 115
2062 29
2063 118
2064 23
2065 73
2066 40
2067 113
2068 29
2069 132
2070 115
2071 7
2072 106
2073 7
2074 67
2075 56
2076 81
2077 49
2078 3
2079 7
2080 83
2081 29
2082 92
2083 114
2084 44
2085 73
2086 41
2087 96
2088 39
2089 29
2090 19
2091 26
2092 27
2093 118
2094 73
2095 29
2096 102
2097 68
2098 128
2099 2
2100 102
2101 103
2102 109
2103 5
2104 9
2105 98
2106 42
2107 56
2108 47
2109 29
2110 99
2111 101
2112 53
2113 132
2114 48
2115 80
2116 60
2117 29
2118 83
2119 111
2120 27
2121 103
2122 30
2123 71
2124 100
2125 53
2126 68
2127 29
2128 29
2129 31
2130 29
2131 118
2132 7
2133 106
2134 62
2135 118
2136 24
2137 80
2138 73
2139 117
2140 49
2141 80
2142 124
2143 79
2144 43
2145 54
2146 30
2147 106
2148 8
2149 113
2150 102
2151 73
2152 103
2153 118
2154 9
2155 2
2156 121
2157 91
2158 92
2159 42
2160 106
2161 14
2162 29
2163 7
2164 117
2165 100
2166 29
2167 7
2168 33
2169 119
2170 49
2171 49
2172 117
2173 29
2174 15
2175 16
2176 98
2177 70
2178 42
2179 63
2180 104
2181 29
2182 71
2183 35
2184 105
2185 7
2186 118
2187 50
2188 103
2189 118
2190 73
2191 97
2192 29
2193 65
2194 29
2195 38
2196 102
2197 15
2198 103
2199 56
2200 71
2201 106
2202 18
2203 102
2204 49
2205 7
2206 106
2207 133
2208 29
2209 29
2210 73
2211 29
2212 7
2213 15
2214 37
2215 66
2216 26
2217 118
2218 63
2219 7
2220 112
2221 29
2222 7
2223 29
2224 106
2225 135
2226 7
2227 19
2228 49
2229 37
2230 106
2231 44
2232 118
2233 69
2234 35
2235 91
2236 5
2237 33
2238 135
2239 29
2240 49
2241 72
2242 29
2243 29
2244 132
2245 7
2246 46
2247 117
2248 7
2249 71
2250 29
2251 124
2252 7
2253 73
2254 104
2255 102
2256 29
2257 105
2258 15
2259 32
2260 5
2261 87
2262 106
2263 109
2264 49
2265 48
2266 7
2267 108
2268 29
2269 39
2270 57
2271 100
2272 73
2273 124
2274 23
2275 117
2276 77
2277 120
2278 116
2279 39
2280 108
2281 132
2282 40
2283 71
2284 7
2285 7
2286 25
2287 117
2288 128
2289 132
2290 73
2291 39
2292 64
2293 21
2294 40
2295 6
2296 106
2297 73
2298 68
2299 65
2300 73
2301 71
2302 21
2303 23
2304 15
2305 53
2306 26
2307 127
2308 23
2309 49
2310 100
2311 60
2312 80
2313 55
2314 124
2315 7
2316 102
2317 5
2318 55
2319 29
2320 42
2321 98
2322 110
2323 23
2324 103
2325 98
2326 11
2327 97
2328 7
2329 73
2330 109
2331 23
2332 110
2333 41
2334 81
2335 124
2336 56
2337 49
2338 4
2339 72
2340 13
2341 49
2342 23
2343 66
2344 134
2345 131
2346 29
2347 84
2348 48
2349 19
2350 46
2351 18
2352 31
2353 7
2354 80
2355 67
2356 7
2357 59
2358 116
2359 118
2360 116
2361 7
2362 49
2363 21
2364 5
2365 5
2366 103
2367 4
2368 55
2369 106
2370 29
2371 131
2372 66
2373 49
2374 105
2375 34
2376 66
2377 73
2378 7
2379 39
2380 7
2381 7
2382 116
2383 7
2384 29
2385 79
2386 85
2387 15
2388 33
2389 39
2390 114
2391 18
2392 65
2393 7
2394 49
2395 36
2396 73
2397 29
2398 65
2399 29
2400 97
2401 98
2402 66
2403 49
2404 25
2405 113
2406 80
2407 0
2408 113
2409 17
2410 90
2411 73
2412 29
2413 58
2414 124
2415 132
2416 118
2417 103
2418 29
2419 73
2420 127
2421 62
2422 42
2423 135
2424 55
2425 108
2426 40
2427 29
2428 55
2429 42
2430 9
2431 23
2432 73
2433 25
2434 63
2435 25
2436 29
2437 0
2438 130
2439 132
2440 103
2441 11
2442 7
2443 73
2444 54
2445 49
2446 53
2447 84
2448 57
2449 84
2450 118
2451 44
2452 49
2453 124
2454 98
2455 49
2456 103
2457 63
2458 29
2459 26
2460 61
2461 65
2462 71
2463 36
2464 106
2465 134
2466 109
2467 131
2468 14
2469 124
2470 43
2471 29
2472 112
2473 29
2474 17
2475 106
2476 9
2477 71
2478 26
2479 7
2480 49
2481 101
2482 105
2483 71
2484 49
2485 114
2486 7
2487 129
2488 113
2489 80
2490 107
2491 77
2492 101
2493 116
2494 8
2495 103
2496 77
2497 79
2498 29
2499 7
2500 106
2501 85
2502 63
2503 11
2504 58
2505 65
2506 114
2507 5
2508 61
2509 23
2510 48
2511 127
2512 22
2513 47
2514 73
2515 7
2516 29
2517 48
2518 116
2519 4
2520 136
2521 6
2522 134
2523 66
2524 23
2525 35
2526 15
2527 73
2528 73
2529 42
2530 98
2531 73
2532 135
2533 118
2534 66
2535 15
2536 93
2537 33
2538 45
2539 128
2540 111
2541 56
2542 126
2543 103
2544 112
2545 7
2546 7
2547 74
2548 29
2549 73
2550 73
2551 7
2552 7
2553 55
2554 132
2555 118
2556 102
2557 106
2558 7
2559 28
2560 38
2561 102
2562 132
2563 5
2564 73
2565 117
2566 92
2567 11
2568 27
2569 39
2570 19
2571 23
2572 102
2573 14
2574 29
2575 29
2576 87
2577 117
2578 11
2579 7
2580 117
2581 122
2582 132
2583 29
2584 73
2585 118
2586 29
2587 49
2588 134
2589 117
2590 15
2591 121
2592 100
2593 80
2594 117
2595 130
2596 67
2597 26
2598 68
2599 29
2600 29
2601 103
2602 7
2603 119
2604 26
2605 134
2606 49
2607 7
2608 135
2609 126
2610 35
2611 0
2612 79
2613 71
2614 84
2615 132
2616 117
2617 11
2618 77
2619 110
2620 33
2621 40
2622 84
2623 89
2624 32
2625 33
2626 84
2627 7
2628 98
2629 98
2630 14
2631 5
2632 29
2633 132
2634 127
2635 42
2636 117
2637 13
2638 29
2639 23
2640 29
2641 108
2642 85
2643 80
2644 55
2645 116
2646 29
2647 102
2648 37
2649 66
2650 29
2651 121
2652 52
2653 32
2654 102
2655 23
2656 7
2657 112
2658 55
2659 103
2660 137
2661 117
2662 71
2663 23
2664 7
2665 106
2666 7
2667 117
2668 7
2669 30
2670 80
2671 15
2672 15
2673 73
2674 97
2675 50
2676 98
2677 66
2678 7
2679 6
2680 29
2681 102
2682 21
2683 122
2684 102
2685 39
2686 117
2687 7
2688 45
2689 103
2690 63
2691 55
2692 66
2693 118
2694 135
2695 21
2696 7
2697 38
2698 7
2699 15
2700 40
2701 84
2702 23
2703 48
2704 42
2705 5
2706 123
2707 26
2708 19
2709 77
2710 105
2711 101
2712 49
2713 132
2714 49
2715 65
2716 25
2717 42
2718 102
2719 101
2720 37
2721 8
2722 14
2723 21
2724 7
2725 80
2726 33
2727 80
2728 29
2729 42
2730 21
2731 102
2732 113
2733 14
2734 35
2735 61
2736 114
2737 29
2738 99
2739 23
2740 113
2741 56
2742 55
2743 107
2744 103
2745 31
2746 29
2747 15
2748 108
2749 73
2750 135
2751 8
2752 26
2753 14
2754 102
2755 125
2756 40
2757 55
2758 29
2759 29
2760 103
2761 7
2762 5
2763 80
2764 113
2765 21
2766 56
2767 65
2768 83
2769 64
2770 39
2771 87
2772 7
2773 20
2774 17
2775 118
2776 29
2777 29
2778 23
2779 114
2780 7
2781 126
2782 7
2783 49
2784 23
2785 15
2786 92
2787 63
2788 129
2789 93
2790 103
2791 89
2792 29
2793 7
2794 29
2795 15
2796 102
2797 29
2798 29
2799 26
2800 111
2801 23
2802 49
2803 73
2804 80
2805 8
2806 73
2807 120
2808 135
2809 14
2810 15
2811 26
2812 62
2813 7
2814 1
2815 63
2816 9
2817 19
2818 62
2819 29
2820 73
2821 110
2822 103
2823 7
2824 0
2825 79
2826 77
2827 43
2828 29
2829 0
2830 19
2831 132
2832 49
2833 84
2834 126
2835 15
2836 11
2837 7
2838 0
2839 45
2840 29
2841 39
2842 42
2843 110
2844 73
2845 49
2846 110
2847 55
2848 73
2849 55
2850 67
2851 128
2852 107
2853 45
2854 73
2855 55
2856 73
2857 15
2858 13
2859 102
2860 7
2861 107
2862 42
2863 96
2864 128
2865 33
2866 28
2867 45
2868 14
2869 102
2870 98
2871 129
2872 14
2873 29
2874 118
2875 45
2876 76
2877 73
2878 130
2879 33
2880 29
2881 35
2882 64
2883 29
2884 0
2885 29
2886 29
2887 132
2888 131
2889 22
2890 103
2891 132
2892 85
2893 117
2894 124
2895 73
2896 131
2897 7
2898 55
2899 29
2900 99
2901 29
2902 115
2903 135
2904 99
2905 112
2906 19
2907 15
2908 11
2909 32
2910 122
2911 105
2912 23
2913 55
2914 39
2915 103
2916 47
2917 42
2918 102
2919 34
2920 134
2921 48
2922 49
2923 102
2924 108
2925 7
2926 80
2927 60
2928 5
2929 116
2930 64
2931 105
2932 50
2933 68
2934 7
2935 108
2936 96
2937 7
2938 73
2939 92
2940 47
2941 14
2942 131
2943 27
2944 49
2945 0
2946 13
2947 7
2948 49
2949 50
2950 84
2951 7
2952 133
2953 103
2954 103
2955 29
2956 29
2957 49
2958 29
2959 70
2960 62
2961 23
2962 68
2963 39
2964 27
2965 135
2966 93
2967 7
2968 29
2969 91
2970 28
2971 41
2972 28
2973 42
2974 42
2975 35
2976 122
2977 23
2978 55
2979 79
2980 49
2981 76
2982 51
2983 7
2984 31
2985 105
2986 110
2987 134
2988 38
2989 79
2990 45
2991 71
2992 23
2993 15
2994 29
2995 80
2996 36
2997 29
2998 108
2999 25
