36
0 23
1 22
2 5
3 14
4 5
5 2
6 23
7 2
8 23
9 23
10 2
11 2
12 19
13 32
14 5
15 22
16 24
17 15
18 23
19 23
20 2
21 22
22 2
23 5
24 23
25 35
26 2
27 34
28 22
29 2
30 2
31 35
32 5
33 23
34 34
35 23
36 23
37 2
38 2
39 5
40 5
41 2
42 5
43 19
44 5
45 2
46 22
47 2
48 2
49 22
50 0
51 5
52 29
53 34
54 25
55 2
56 22
57 35
58 23
59 35
60 23
61 19
62 13
63 35
64 15
65 26
66 9
67 11
68 35
69 5
70 21
71 0
72 21
73 23
74 31
75 31
76 23
77 23
78 22
79 23
80 12
81 13
82 23
83 8
84 31
85 23
86 23
87 2
88 3
89 5
90 5
91 22
92 23
93 23
94 5
95 35
96 6
97 22
98 5
99 28
100 23
101 2
102 2
103 5
104 22
105 0
106 5
107 22
108 5
109 9
110 31
111 34
112 28
113 29
114 5
115 2
116 5
117 32
118 35
119 5
120 5
121 2
122 5
123 5
124 25
125 25
126 29
127 5
128 20
129 5
130 18
131 22
132 2
133 2
134 17
135 22
136 22
137 28
138 23
139 35
140 21
141 23
142 22
143 27
144 2
145 2
146 22
147 3
148 5
149 2
150 5
151 32
152 31
153 5
154 2
155 22
156 35
157 35
158 23
159 29
160 23
161 3
162 17
163 27
164 25
165 22
166 23
167 35
168 17
169 35
170 22
171 20
172 20
173 30
174 2
175 2
176 23
177 20
178 32
179 5
180 23
181 5
182 2
183 0
184 22
185 2
186 4
187 9
188 1
189 5
190 32
191 5
192 34
193 26
194 14
195 23
196 21
197 22
198 2
199 5
200 23
201 23
202 5
203 5
204 22
205 34
206 5
207 5
208 22
209 35
210 34
211 2
212 2
213 5
214 2
215 28
216 5
217 5
218 2
219 7
220 33
221 9
222 28
223 22
224 29
225 2
226 15
227 22
228 23
229 9
230 2
231 5
232 5
233 22
234 8
235 22
236 35
237 22
238 8
239 9
240 2
241 2
242 2
243 19
244 22
245 14
246 17
247 23
248 32
249 17
250 18
251 22
252 5
253 22
254 23
255 23
256 5
257 5
258 22
259 32
260 28
261 28
262 21
263 2
264 5
265 2
266 2
267 21
268 5
269 23
270 2
271 23
272 2
273 23
274 2
275 22
276 2
277 7
278 33
279 23
280 2
281 31
282 23
283 22
284 35
285 5
286 5
287 2
288 9
289 22
290 5
291 34
292 32
293 10
294 23
295 6
296 2
297 9
298 2
299 32
300 5
301 5
302 34
303 2
304 2
305 5
306 34
307 2
308 23
309 2
310 2
311 23
312 22
313 20
314 14
315 6
316 31
317 5
318 13
319 2
320 23
321 5
322 2
323 5
324 35
325 25
326 5
327 13
328 8
329 5
330 13
331 18
332 23
333 2
334 2
335 9
336 22
337 2
338 30
339 14
340 9
341 15
342 32
343 5
344 22
345 2
346 2
347 9
348 23
349 23
350 2
351 23
352 23
353 2
354 2
355 5
356 23
357 35
358 5
359 17
360 23
361 33
362 32
363 23
364 20
365 3
366 1
367 11
368 2
369 7
370 5
371 21
372 35
373 5
374 22
375 2
376 13
377 1
378 2
379 18
380 3
381 32
382 22
383 22
384 22
385 5
386 22
387 23
388 4
389 2
390 13
391 23
392 23
393 4
394 5
395 6
396 32
397 5
398 28
399 5
400 22
401 17
402 22
403 2
404 2
405 5
406 22
407 2
408 23
409 2
410 5
411 5
412 20
413 32
414 30
415 22
416 23
417 2
418 31
419 18
420 29
421 2
422 23
423 9
424 24
425 14
426 22
427 22
428 23
429 35
430 23
431 23
432 32
433 18
434 32
435 8
436 23
437 23
438 17
439 5
440 2
441 22
442 9
443 2
444 35
445 2
446 5
447 2
448 22
449 21
450 5
451 23
452 5
453 23
454 32
455 12
456 3
457 10
458 2
459 30
460 23
461 23
462 2
463 5
464 34
465 35
466 2
467 5
468 5
469 25
470 2
471 13
472 23
473 20
474 5
475 14
476 19
477 32
478 23
479 23
480 23
481 23
482 23
483 35
484 2
485 14
486 9
487 6
488 5
489 5
490 5
491 5
492 16
493 0
494 6
495 2
496 5
497 19
498 22
499 12
500 4
501 22
502 23
503 2
504 23
505 17
506 18
507 2
508 23
509 23
510 14
511 23
512 9
513 5
514 21
515 9
516 2
517 5
518 5
519 25
520 16
521 2
522 29
523 29
524 23
525 2
526 9
527 22
528 32
529 5
530 24
531 35
532 3
533 22
534 20
535 22
536 2
537 2
538 23
539 2
540 23
541 19
542 22
543 6
544 22
545 15
546 22
547 13
548 5
549 5
550 35
551 5
552 23
553 5
554 23
555 10
556 22
557 22
558 35
559 3
560 24
561 23
562 22
563 2
564 22
565 22
566 35
567 23
568 2
569 3
570 2
571 22
572 32
573 5
574 19
575 30
576 15
577 35
578 31
579 23
580 15
581 5
582 23
583 31
584 23
585 2
586 30
587 22
588 11
589 1
590 20
591 23
592 5
593 29
594 2
595 22
596 23
597 22
598 2
599 23
600 23
601 2
602 5
603 2
604 5
605 22
606 22
607 35
608 23
609 22
610 31
611 2
612 2
613 22
614 0
615 20
616 7
617 23
618 22
619 2
620 5
621 23
622 21
623 9
624 23
625 5
626 5
627 14
628 14
629 2
630 3
631 3
632 35
633 5
634 2
635 5
636 22
637 2
638 6
639 23
640 18
641 5
642 32
643 21
644 5
645 32
646 2
647 7
648 25
649 28
650 2
651 26
652 34
653 27
654 2
655 28
656 5
657 2
658 5
659 23
660 22
661 5
662 5
663 5
664 23
665 22
666 35
667 10
668 20
669 22
670 14
671 2
672 23
673 23
674 5
675 23
676 2
677 14
678 5
679 9
680 32
681 23
682 2
683 22
684 35
685 2
686 2
687 8
688 22
689 23
690 22
691 35
692 5
693 22
694 22
695 3
696 2
697 5
698 2
699 6
700 22
701 2
702 30
703 5
704 23
705 13
706 2
707 31
708 32
709 22
710 34
711 5
712 5
713 23
714 5
715 2
716 32
717 5
718 35
719 22
720 35
721 23
722 2
723 15
724 2
725 22
726 25
727 2
728 5
729 17
730 23
731 22
732 23
733 35
734 18
735 5
736 18
737 23
738 22
739 29
740 5
741 5
742 5
743 2
744 9
745 5
746 22
747 34
748 2
749 2
750 28
751 23
752 31
753 31
754 5
755 35
756 2
757 12
758 22
759 9
760 2
761 2
762 23
763 2
764 2
765 2
766 6
767 6
768 18
769 20
770 2
771 5
772 23
773 5
774 5
775 10
776 35
777 4
778 2
779 5
780 6
781 18
782 2
783 30
784 10
785 23
786 5
787 13
788 3
789 3
790 23
791 23
792 31
793 6
794 25
795 2
796 3
797 2
798 17
799 22
800 5
801 19
802 22
803 22
804 34
805 23
806 18
807 5
808 23
809 5
810 23
811 2
812 32
813 2
814 5
815 2
816 5
817 17
818 24
819 35
820 2
821 16
822 10
823 35
824 14
825 23
826 13
827 23
828 23
829 2
830 2
831 22
832 22
833 23
834 21
835 2
836 22
837 2
838 22
839 2
840 2
841 5
842 22
843 5
844 5
845 2
846 5
847 2
848 23
849 22
850 23
851 2
852 22
853 2
854 5
855 31
856 31
857 32
858 1
859 23
860 2
861 5
862 23
863 5
864 5
865 8
866 32
867 33
868 5
869 2
870 5
871 28
872 5
873 32
874 2
875 23
876 6
877 14
878 22
879 2
880 2
881 33
882 32
883 2
884 5
885 2
886 2
887 2
888 31
889 23
890 23
891 5
892 22
893 6
894 22
895 5
896 23
897 15
898 14
899 31
900 5
901 6
902 23
903 17
904 22
905 2
906 18
907 23
908 2
909 15
910 22
911 3
912 5
913 23
914 5
915 22
916 23
917 35
918 35
919 35
920 5
921 2
922 23
923 5
924 2
925 23
926 5
927 28
928 2
929 34
930 34
931 23
932 5
933 23
934 23
935 30
936 19
937 2
938 2
939 35
940 24
941 22
942 2
943 5
944 18
945 2
946 23
947 1
948 5
949 22
950 23
951 2
952 23
953 2
954 2
955 29
956 22
957 5
958 9
959 35
960 34
961 30
962 2
963 22
964 2
965 22
966 5
967 2
968 2
969 2
970 2
971 32
972 5
973 23
974 14
975 1
976 15
977 23
978 5
979 8
980 27
981 14
982 23
983 23
984 5
985 2
986 5
987 23
988 22
989 5
990 35
991 17
992 23
993 5
994 22
995 35
996 30
997 22
998 23
999 5
