12
0 0
1 11
2 4
3 1
4 9
5 3
6 8
7 8
8 6
9 3
10 2
11 1
12 1
13 10
14 2
15 2
16 7
17 1
18 5
19 9
20 3
21 5
22 11
23 10
24 11
25 2
26 6
27 8
28 5
29 8
30 8
31 11
32 7
33 11
34 2
35 2
36 10
37 5
38 1
39 8
40 0
41 6
42 0
43 8
44 10
45 2
46 11
47 4
48 8
49 9
50 5
51 5
52 10
53 5
54 11
55 8
56 7
57 9
58 9
59 11
60 11
61 3
62 9
63 0
64 11
65 8
66 0
67 11
68 11
69 5
70 0
71 1
72 0
73 9
74 2
75 7
76 7
77 0
78 3
79 6
80 7
81 7
82 5
83 11
84 3
85 10
86 6
87 8
88 11
89 0
90 5
91 1
92 11
93 11
94 10
95 0
96 10
97 1
98 0
99 1
100 7
101 11
102 0
103 0
104 7
105 8
106 8
107 6
108 6
109 7
110 9
111 2
112 11
113 11
114 7
115 0
116 8
117 10
118 1
119 7
120 8
121 9
122 5
123 3
124 8
125 0
126 10
127 0
128 9
129 5
130 7
131 1
132 1
133 8
134 8
135 7
136 8
137 10
138 11
139 11
140 7
141 9
142 9
143 5
144 8
145 4
146 2
147 1
148 1
149 9
150 5
151 9
152 8
153 7
154 8
155 5
156 8
157 8
158 1
159 3
160 8
161 5
162 8
163 6
164 3
165 2
166 8
167 5
168 5
169 8
170 1
171 10
172 11
173 10
174 9
175 6
176 4
177 11
178 0
179 5
180 4
181 6
182 6
183 6
184 10
185 1
186 8
187 8
188 8
189 8
190 4
191 3
192 3
193 10
194 6
195 1
196 8
197 6
198 2
199 5
200 3
201 3
202 11
203 11
204 4
205 5
206 8
207 7
208 7
209 10
210 5
211 8
212 0
213 1
214 1
215 8
216 8
217 6
218 3
219 5
220 6
221 8
222 0
223 7
224 10
225 8
226 3
227 1
228 6
229 0
230 0
231 1
232 6
233 2
234 0
235 8
236 8
237 0
238 3
239 8
240 7
241 0
242 5
243 8
244 3
245 11
246 11
247 2
248 10
249 10
250 7
251 3
252 10
253 6
254 3
255 8
256 3
257 7
258 6
259 5
260 8
261 10
262 11
263 6
264 8
265 2
266 7
267 2
268 5
269 8
270 7
271 11
272 4
273 11
274 7
275 7
276 0
277 3
278 7
279 9
280 5
281 1
282 8
283 1
284 8
285 7
286 9
287 5
288 3
289 5
290 10
291 11
292 10
293 9
294 11
295 5
296 10
297 11
298 5
299 5
300 10
301 5
302 2
303 2
304 7
305 3
306 10
307 8
308 11
309 5
310 0
311 2
312 6
313 8
314 6
315 11
316 10
317 1
318 5
319 7
320 5
321 7
322 5
323 1
324 2
325 10
326 7
327 11
328 7
329 1
330 5
331 10
332 5
333 3
334 3
335 5
336 11
337 9
338 5
339 7
340 11
341 3
342 2
343 3
344 1
345 9
346 2
347 1
348 2
349 11
350 6
351 4
352 11
353 7
354 11
355 0
356 1
357 8
358 6
359 10
360 8
361 2
362 1
363 2
364 0
365 3
366 0
367 9
368 8
369 0
370 5
371 4
372 6
373 10
374 5
375 2
376 6
377 6
378 8
379 4
380 1
381 2
382 5
383 8
384 4
385 8
386 10
387 3
388 11
389 3
390 9
391 1
392 10
393 8
394 9
395 3
396 5
397 4
398 6
399 7
400 0
401 3
402 7
403 8
404 11
405 8
406 2
407 4
408 0
409 7
410 7
411 5
412 7
413 9
414 4
415 5
416 3
417 11
418 5
419 8
420 10
421 8
422 8
423 4
424 5
425 1
426 2
427 4
428 6
429 4
430 11
431 3
432 5
433 7
434 11
435 7
436 5
437 1
438 8
439 3
440 11
441 7
442 1
443 2
444 8
445 1
446 9
447 9
448 6
449 8
450 11
451 8
452 5
453 3
454 7
455 6
456 10
457 6
458 2
459 8
460 4
461 5
462 11
463 0
464 10
465 4
466 6
467 3
468 5
469 6
470 5
471 10
472 3
473 0
474 6
475 3
476 9
477 7
478 11
479 7
480 11
481 8
482 11
483 5
484 0
485 11
486 11
487 5
488 3
489 10
490 1
491 8
492 6
493 5
494 1
495 1
496 4
497 11
498 10
499 10
