1213
0 430
1 694
2 586
3 1086
4 1076
5 610
6 0
7 1000
8 1
9 1169
10 1169
11 403
12 1092
13 286
14 2
15 3
16 58
17 4
18 5
19 979
20 6
21 7
22 1114
23 8
24 9
25 10
26 11
27 586
28 252
29 12
30 13
31 54
32 286
33 959
34 804
35 634
36 882
37 15
38 885
39 16
40 226
41 765
42 245
43 899
44 1212
45 310
46 707
47 17
48 18
49 42
50 20
51 480
52 952
53 21
54 22
55 23
56 128
57 1062
58 707
59 1169
60 646
61 467
62 856
63 24
64 25
65 277
66 426
67 350
68 459
69 539
70 612
71 174
72 333
73 379
74 388
75 479
76 1025
77 595
78 1125
79 988
80 26
81 27
82 373
83 437
84 1169
85 28
86 29
87 707
88 1105
89 1092
90 30
91 31
92 32
93 33
94 129
95 34
96 35
97 760
98 922
99 793
100 360
101 36
102 763
103 782
104 268
105 458
106 1022
107 683
108 913
109 37
110 950
111 1159
112 38
113 809
114 814
115 23
116 723
117 1159
118 39
119 40
120 1212
121 878
122 1212
123 1169
124 296
125 929
126 380
127 66
128 1098
129 131
130 1109
131 351
132 121
133 1169
134 42
135 771
136 1132
137 856
138 1169
139 920
140 993
141 1117
142 264
143 1096
144 447
145 936
146 43
147 1169
148 1032
149 44
150 45
151 46
152 676
153 47
154 48
155 49
156 50
157 51
158 417
159 854
160 52
161 287
162 412
163 53
164 54
165 823
166 1012
167 85
168 55
169 56
170 57
171 58
172 1152
173 821
174 524
175 93
176 53
177 566
178 59
179 288
180 214
181 778
182 60
183 61
184 477
185 820
186 1157
187 891
188 62
189 809
190 274
191 410
192 29
193 63
194 64
195 65
196 66
197 182
198 67
199 643
200 161
201 68
202 69
203 69
204 537
205 979
206 70
207 488
208 1032
209 817
210 263
211 1143
212 585
213 183
214 707
215 646
216 306
217 776
218 71
219 72
220 991
221 848
222 73
223 74
224 406
225 652
226 367
227 80
228 900
229 64
230 539
231 396
232 1036
233 75
234 786
235 922
236 181
237 1169
238 76
239 77
240 539
241 631
242 1169
243 899
244 1149
245 79
246 787
247 80
248 1032
249 81
250 14
251 82
252 83
253 546
254 84
255 820
256 85
257 142
258 772
259 86
260 1003
261 788
262 701
263 747
264 862
265 383
266 64
267 87
268 856
269 88
270 447
271 89
272 90
273 445
274 1187
275 405
276 513
277 174
278 700
279 610
280 505
281 397
282 91
283 296
284 874
285 342
286 92
287 214
288 805
289 216
290 961
291 59
292 872
293 1175
294 93
295 751
296 1066
297 94
298 449
299 95
300 623
301 83
302 1045
303 161
304 1061
305 96
306 346
307 148
308 773
309 97
310 924
311 977
312 1090
313 98
314 99
315 100
316 1169
317 102
318 884
319 1187
320 103
321 1143
322 104
323 105
324 720
325 800
326 1157
327 106
328 85
329 64
330 107
331 69
332 108
333 109
334 110
335 111
336 705
337 978
338 749
339 634
340 198
341 81
342 486
343 564
344 112
345 1016
346 814
347 17
348 113
349 991
350 1211
351 1212
352 114
353 115
354 116
355 117
356 592
357 787
358 284
359 1169
360 723
361 126
362 118
363 707
364 736
365 891
366 631
367 1087
368 119
369 342
370 333
371 1164
372 27
373 793
374 510
375 705
376 859
377 120
378 121
379 1212
380 527
381 514
382 570
383 448
384 122
385 41
386 469
387 1112
388 345
389 1212
390 123
391 916
392 254
393 99
394 1114
395 1169
396 913
397 124
398 125
399 126
400 127
401 1087
402 368
403 270
404 128
405 536
406 95
407 1169
408 1169
409 458
410 129
411 905
412 130
413 131
414 132
415 133
416 134
417 161
418 38
419 135
420 136
421 381
422 433
423 454
424 67
425 137
426 941
427 49
428 1125
429 138
430 139
431 375
432 803
433 1049
434 140
435 218
436 141
437 66
438 1125
439 722
440 1212
441 142
442 719
443 824
444 143
445 1169
446 964
447 964
448 144
449 1077
450 214
451 627
452 145
453 146
454 437
455 776
456 147
457 374
458 148
459 944
460 3
461 108
462 31
463 559
464 437
465 530
466 808
467 612
468 449
469 1155
470 734
471 881
472 149
473 774
474 1114
475 150
476 158
477 191
478 151
479 12
480 152
481 153
482 443
483 272
484 154
485 155
486 156
487 128
488 156
489 56
490 157
491 396
492 437
493 158
494 1114
495 1169
496 159
497 214
498 160
499 161
500 162
501 87
502 163
503 164
504 165
505 782
506 166
507 52
508 500
509 523
510 935
511 821
512 167
513 60
514 168
515 47
516 151
517 373
518 126
519 1114
520 169
521 1114
522 1153
523 377
524 170
525 580
526 171
527 172
528 173
529 174
530 612
531 175
532 1159
533 336
534 1008
535 154
536 553
537 176
538 1137
539 793
540 103
541 1043
542 1115
543 84
544 1176
545 84
546 177
547 859
548 437
549 723
550 178
551 179
552 133
553 180
554 350
555 181
556 932
557 405
558 1169
559 187
560 182
561 183
562 547
563 542
564 923
565 1044
566 394
567 675
568 184
569 375
570 513
571 185
572 186
573 776
574 483
575 1169
576 681
577 506
578 1198
579 500
580 489
581 187
582 250
583 1102
584 1190
585 1153
586 704
587 529
588 241
589 612
590 663
591 188
592 401
593 938
594 824
595 189
596 228
597 190
598 1169
599 191
600 1169
601 192
602 1169
603 193
604 482
605 161
606 194
607 1061
608 195
609 1056
610 216
611 356
612 1060
613 1006
614 166
615 89
616 375
617 776
618 613
619 72
620 196
621 197
622 198
623 892
624 238
625 221
626 1094
627 1114
628 418
629 134
630 861
631 199
632 16
633 200
634 201
635 202
636 1022
637 920
638 782
639 109
640 1212
641 666
642 203
643 1055
644 141
645 631
646 919
647 71
648 474
649 930
650 204
651 1198
652 205
653 1174
654 770
655 206
656 970
657 207
658 1004
659 208
660 1183
661 1169
662 84
663 856
664 1198
665 32
666 1070
667 1097
668 1043
669 596
670 2
671 385
672 209
673 317
674 210
675 210
676 1169
677 1187
678 252
679 274
680 417
681 211
682 1169
683 353
684 212
685 213
686 38
687 709
688 222
689 922
690 214
691 853
692 1137
693 215
694 1115
695 891
696 1115
697 787
698 600
699 347
700 216
701 886
702 157
703 835
704 217
705 631
706 161
707 216
708 218
709 219
710 278
711 1115
712 1169
713 220
714 221
715 270
716 803
717 1201
718 128
719 913
720 917
721 375
722 82
723 206
724 375
725 99
726 637
727 668
728 186
729 1087
730 222
731 1143
732 128
733 422
734 758
735 840
736 333
737 437
738 1109
739 412
740 223
741 834
742 931
743 224
744 455
745 213
746 375
747 225
748 113
749 388
750 214
751 84
752 375
753 211
754 979
755 84
756 713
757 84
758 226
759 227
760 476
761 1020
762 396
763 6
764 1087
765 229
766 501
767 265
768 230
769 782
770 1086
771 641
772 231
773 723
774 657
775 917
776 232
777 233
778 791
779 493
780 348
781 234
782 1198
783 235
784 235
785 707
786 967
787 820
788 795
789 1079
790 1099
791 236
792 343
793 118
794 154
795 237
796 1149
797 85
798 229
799 832
800 776
801 238
802 239
803 610
804 240
805 486
806 241
807 242
808 8
809 243
810 244
811 1046
812 418
813 310
814 245
815 246
816 662
817 247
818 248
819 102
820 1169
821 249
822 250
823 1175
824 132
825 716
826 251
827 550
828 252
829 253
830 254
831 255
832 256
833 257
834 1150
835 1077
836 1033
837 891
838 208
839 517
840 1047
841 1189
842 883
843 172
844 258
845 1169
846 1169
847 259
848 130
849 1036
850 260
851 261
852 685
853 746
854 381
855 1129
856 776
857 121
858 262
859 263
860 517
861 929
862 517
863 1141
864 511
865 289
866 342
867 672
868 1012
869 962
870 873
871 204
872 318
873 144
874 90
875 264
876 170
877 316
878 251
879 1132
880 867
881 1136
882 1020
883 157
884 157
885 946
886 979
887 366
888 91
889 1150
890 471
891 314
892 991
893 389
894 917
895 1114
896 161
897 83
898 37
899 141
900 265
901 869
902 161
903 1108
904 801
905 1169
906 437
907 803
908 701
909 1024
910 42
911 192
912 353
913 253
914 717
915 431
916 476
917 266
918 1137
919 1212
920 894
921 267
922 898
923 268
924 269
925 991
926 1045
927 647
928 396
929 270
930 820
931 1113
932 1169
933 707
934 1169
935 131
936 272
937 610
938 814
939 956
940 561
941 64
942 917
943 906
944 1137
945 319
946 633
947 275
948 1159
949 1169
950 276
951 277
952 64
953 278
954 161
955 279
956 280
957 281
958 282
959 1163
960 283
961 650
962 1151
963 195
964 341
965 942
966 417
967 487
968 970
969 689
970 582
971 284
972 285
973 286
974 437
975 437
976 287
977 1114
978 38
979 1202
980 820
981 224
982 288
983 289
984 970
985 346
986 957
987 745
988 355
989 64
990 1080
991 713
992 624
993 267
994 884
995 712
996 244
997 112
998 84
999 104
1000 54
1001 49
1002 290
1003 1190
1004 291
1005 292
1006 293
1007 711
1008 1075
1009 806
1010 294
1011 294
1012 295
1013 161
1014 829
1015 296
1016 297
1017 1169
1018 24
1019 298
1020 1212
1021 564
1022 4
1023 116
1024 126
1025 1001
1026 977
1027 179
1028 515
1029 161
1030 758
1031 910
1032 299
1033 300
1034 300
1035 62
1036 905
1037 641
1038 905
1039 301
1040 302
1041 1137
1042 84
1043 1169
1044 377
1045 303
1046 288
1047 304
1048 305
1049 214
1050 306
1051 12
1052 307
1053 291
1054 307
1055 308
1056 309
1057 310
1058 62
1059 643
1060 1114
1061 311
1062 904
1063 955
1064 312
1065 918
1066 525
1067 313
1068 232
1069 1026
1070 718
1071 1138
1072 974
1073 206
1074 784
1075 289
1076 314
1077 315
1078 315
1079 316
1080 105
1081 365
1082 1169
1083 317
1084 318
1085 13
1086 318
1087 979
1088 332
1089 884
1090 348
1091 1137
1092 319
1093 190
1094 320
1095 1197
1096 277
1097 321
1098 131
1099 1016
1100 726
1101 1149
1102 865
1103 1129
1104 326
1105 631
1106 767
1107 112
1108 1048
1109 1109
1110 322
1111 478
1112 323
1113 917
1114 7
1115 975
1116 324
1117 185
1118 537
1119 325
1120 1169
1121 895
1122 566
1123 686
1124 326
1125 327
1126 439
1127 328
1128 655
1129 345
1130 339
1131 329
1132 349
1133 330
1134 486
1135 331
1136 1165
1137 463
1138 78
1139 470
1140 352
1141 332
1142 1197
1143 333
1144 622
1145 542
1146 1121
1147 414
1148 335
1149 1140
1150 1005
1151 171
1152 855
1153 336
1154 344
1155 337
1156 187
1157 500
1158 52
1159 338
1160 339
1161 340
1162 1169
1163 49
1164 12
1165 1083
1166 27
1167 64
1168 341
1169 342
1170 437
1171 343
1172 243
1173 556
1174 238
1175 327
1176 269
1177 155
1178 402
1179 675
1180 111
1181 344
1182 28
1183 184
1184 1097
1185 345
1186 121
1187 346
1188 922
1189 1061
1190 702
1191 1186
1192 347
1193 609
1194 348
1195 334
1196 825
1197 349
1198 687
1199 564
1200 949
1201 1210
1202 342
1203 131
1204 552
1205 187
1206 350
1207 262
1208 70
1209 1212
1210 839
1211 351
1212 944
1213 917
1214 1002
1215 261
1216 1055
1217 94
1218 1006
1219 408
1220 1056
1221 1197
1222 412
1223 587
1224 14
1225 352
1226 202
1227 1061
1228 353
1229 140
1230 1061
1231 691
1232 693
1233 627
1234 87
1235 317
1236 538
1237 402
1238 1036
1239 1125
1240 840
1241 27
1242 735
1243 188
1244 1090
1245 830
1246 982
1247 1128
1248 998
1249 491
1250 465
1251 706
1252 354
1253 146
1254 175
1255 948
1256 355
1257 111
1258 250
1259 1168
1260 571
1261 356
1262 776
1263 357
1264 474
1265 358
1266 490
1267 722
1268 991
1269 982
1270 1169
1271 129
1272 359
1273 360
1274 361
1275 1080
1276 362
1277 84
1278 363
1279 364
1280 991
1281 488
1282 612
1283 161
1284 1163
1285 365
1286 64
1287 76
1288 910
1289 136
1290 396
1291 366
1292 367
1293 654
1294 368
1295 369
1296 353
1297 184
1298 1114
1299 1113
1300 148
1301 370
1302 371
1303 372
1304 373
1305 374
1306 269
1307 162
1308 161
1309 375
1310 376
1311 377
1312 1136
1313 970
1314 378
1315 364
1316 379
1317 380
1318 989
1319 1115
1320 381
1321 382
1322 383
1323 384
1324 84
1325 385
1326 676
1327 126
1328 373
1329 113
1330 771
1331 1114
1332 386
1333 360
1334 84
1335 917
1336 184
1337 14
1338 530
1339 1133
1340 387
1341 205
1342 349
1343 458
1344 184
1345 917
1346 388
1347 389
1348 128
1349 100
1350 205
1351 375
1352 1169
1353 146
1354 390
1355 391
1356 904
1357 539
1358 12
1359 465
1360 284
1361 576
1362 474
1363 826
1364 546
1365 176
1366 547
1367 533
1368 342
1369 49
1370 392
1371 64
1372 650
1373 593
1374 14
1375 23
1376 855
1377 166
1378 859
1379 109
1380 1056
1381 211
1382 472
1383 1003
1384 521
1385 913
1386 1087
1387 1169
1388 393
1389 1180
1390 394
1391 395
1392 440
1393 843
1394 648
1395 61
1396 396
1397 284
1398 88
1399 187
1400 1169
1401 397
1402 398
1403 346
1404 373
1405 399
1406 873
1407 319
1408 853
1409 161
1410 84
1411 400
1412 303
1413 194
1414 726
1415 707
1416 1114
1417 402
1418 156
1419 403
1420 758
1421 404
1422 14
1423 405
1424 376
1425 158
1426 355
1427 804
1428 1174
1429 573
1430 1065
1431 999
1432 858
1433 378
1434 406
1435 93
1436 918
1437 483
1438 23
1439 437
1440 525
1441 161
1442 505
1443 407
1444 408
1445 215
1446 629
1447 509
1448 1161
1449 1161
1450 572
1451 886
1452 358
1453 248
1454 409
1455 833
1456 991
1457 410
1458 411
1459 609
1460 216
1461 1042
1462 992
1463 1051
1464 375
1465 412
1466 622
1467 530
1468 397
1469 100
1470 1174
1471 668
1472 334
1473 59
1474 371
1475 1114
1476 877
1477 917
1478 1169
1479 447
1480 413
1481 414
1482 378
1483 542
1484 415
1485 907
1486 985
1487 415
1488 776
1489 776
1490 33
1491 354
1492 500
1493 776
1494 121
1495 701
1496 416
1497 917
1498 756
1499 1169
1500 273
1501 418
1502 1114
1503 1168
1504 417
1505 1165
1506 418
1507 700
1508 187
1509 729
1510 419
1511 612
1512 420
1513 542
1514 1061
1515 421
1516 305
1517 917
1518 133
1519 485
1520 21
1521 422
1522 254
1523 756
1524 642
1525 484
1526 84
1527 1169
1528 423
1529 423
1530 1129
1531 371
1532 424
1533 425
1534 859
1535 426
1536 1010
1537 218
1538 403
1539 829
1540 427
1541 705
1542 428
1543 428
1544 620
1545 143
1546 429
1547 430
1548 318
1549 312
1550 31
1551 96
1552 905
1553 431
1554 432
1555 1114
1556 645
1557 433
1558 435
1559 434
1560 364
1561 435
1562 84
1563 951
1564 476
1565 93
1566 436
1567 803
1568 691
1569 437
1570 1127
1571 917
1572 571
1573 367
1574 129
1575 418
1576 438
1577 1012
1578 439
1579 1201
1580 440
1581 615
1582 73
1583 57
1584 320
1585 1169
1586 373
1587 441
1588 187
1589 442
1590 443
1591 444
1592 445
1593 446
1594 279
1595 989
1596 1028
1597 242
1598 271
1599 1091
1600 281
1601 803
1602 1000
1603 187
1604 913
1605 1169
1606 901
1607 708
1608 937
1609 86
1610 198
1611 317
1612 1042
1613 447
1614 382
1615 712
1616 111
1617 811
1618 448
1619 1169
1620 1169
1621 1145
1622 900
1623 449
1624 1082
1625 127
1626 179
1627 1074
1628 1088
1629 758
1630 450
1631 660
1632 800
1633 749
1634 158
1635 429
1636 19
1637 539
1638 451
1639 452
1640 931
1641 399
1642 1175
1643 23
1644 453
1645 1133
1646 33
1647 454
1648 624
1649 115
1650 317
1651 937
1652 158
1653 455
1654 345
1655 1010
1656 972
1657 804
1658 456
1659 353
1660 1171
1661 273
1662 612
1663 458
1664 610
1665 262
1666 378
1667 219
1668 4
1669 1147
1670 970
1671 850
1672 59
1673 707
1674 291
1675 25
1676 21
1677 459
1678 460
1679 633
1680 31
1681 473
1682 612
1683 200
1684 537
1685 461
1686 998
1687 1066
1688 462
1689 776
1690 463
1691 776
1692 66
1693 1113
1694 464
1695 758
1696 776
1697 121
1698 465
1699 1212
1700 128
1701 466
1702 534
1703 117
1704 126
1705 1195
1706 15
1707 145
1708 995
1709 625
1710 659
1711 467
1712 740
1713 1194
1714 84
1715 468
1716 86
1717 856
1718 191
1719 1108
1720 469
1721 470
1722 471
1723 1159
1724 1169
1725 484
1726 1070
1727 184
1728 1181
1729 239
1730 1169
1731 142
1732 60
1733 472
1734 987
1735 481
1736 888
1737 108
1738 751
1739 970
1740 148
1741 530
1742 473
1743 680
1744 891
1745 474
1746 722
1747 475
1748 476
1749 444
1750 131
1751 1056
1752 477
1753 478
1754 158
1755 479
1756 480
1757 790
1758 968
1759 331
1760 309
1761 38
1762 1038
1763 13
1764 146
1765 481
1766 757
1767 913
1768 482
1769 483
1770 837
1771 693
1772 1119
1773 520
1774 300
1775 756
1776 567
1777 594
1778 95
1779 484
1780 466
1781 738
1782 1114
1783 485
1784 803
1785 193
1786 798
1787 1158
1788 685
1789 669
1790 1160
1791 5
1792 1175
1793 1065
1794 486
1795 813
1796 487
1797 58
1798 1023
1799 674
1800 970
1801 1022
1802 21
1803 488
1804 489
1805 4
1806 777
1807 317
1808 304
1809 860
1810 816
1811 776
1812 78
1813 1169
1814 490
1815 491
1816 776
1817 492
1818 493
1819 610
1820 1169
1821 1120
1822 187
1823 493
1824 65
1825 494
1826 495
1827 681
1828 1164
1829 496
1830 497
1831 776
1832 396
1833 23
1834 23
1835 776
1836 758
1837 630
1838 214
1839 848
1840 873
1841 1038
1842 498
1843 644
1844 1061
1845 966
1846 566
1847 41
1848 214
1849 1212
1850 583
1851 499
1852 1075
1853 646
1854 1109
1855 324
1856 884
1857 766
1858 599
1859 500
1860 501
1861 502
1862 951
1863 946
1864 1051
1865 505
1866 270
1867 503
1868 504
1869 505
1870 493
1871 135
1872 462
1873 1153
1874 23
1875 506
1876 670
1877 1053
1878 1106
1879 507
1880 38
1881 202
1882 375
1883 756
1884 748
1885 4
1886 508
1887 1047
1888 509
1889 5
1890 187
1891 946
1892 485
1893 1114
1894 555
1895 510
1896 517
1897 247
1898 638
1899 511
1900 1061
1901 1169
1902 271
1903 306
1904 917
1905 465
1906 512
1907 917
1908 513
1909 514
1910 236
1911 474
1912 681
1913 515
1914 394
1915 84
1916 998
1917 560
1918 1137
1919 723
1920 414
1921 23
1922 1169
1923 516
1924 70
1925 900
1926 1169
1927 517
1928 518
1929 803
1930 1079
1931 519
1932 48
1933 520
1934 187
1935 387
1936 1125
1937 54
1938 521
1939 606
1940 627
1941 219
1942 591
1943 629
1944 522
1945 523
1946 524
1947 970
1948 1020
1949 525
1950 72
1951 1114
1952 1186
1953 607
1954 869
1955 437
1956 1181
1957 246
1958 526
1959 23
1960 527
1961 829
1962 528
1963 402
1964 437
1965 529
1966 691
1967 95
1968 530
1969 417
1970 135
1971 721
1972 616
1973 135
1974 1169
1975 1169
1976 824
1977 531
1978 532
1979 637
1980 258
1981 533
1982 534
1983 1114
1984 1142
1985 535
1986 33
1987 991
1988 1159
1989 969
1990 951
1991 1106
1992 769
1993 536
1994 275
1995 935
1996 537
1997 1175
1998 724
1999 1106
2000 597
2001 538
2002 167
2003 1102
2004 714
2005 539
2006 764
2007 787
2008 1137
2009 629
2010 1188
2011 540
2012 711
2013 1175
2014 541
2015 397
2016 419
2017 1167
2018 251
2019 1115
2020 437
2021 322
2022 1169
2023 121
2024 542
2025 1050
2026 666
2027 605
2028 997
2029 544
2030 543
2031 417
2032 437
2033 868
2034 544
2035 545
2036 410
2037 507
2038 187
2039 401
2040 82
2041 223
2042 149
2043 339
2044 388
2045 612
2046 374
2047 1169
2048 917
2049 396
2050 72
2051 522
2052 143
2053 922
2054 1138
2055 147
2056 642
2057 546
2058 910
2059 1114
2060 547
2061 548
2062 824
2063 95
2064 549
2065 134
2066 550
2067 505
2068 551
2069 1169
2070 560
2071 323
2072 32
2073 218
2074 392
2075 467
2076 168
2077 552
2078 553
2079 1019
2080 554
2081 130
2082 1008
2083 649
2084 555
2085 1159
2086 653
2087 664
2088 906
2089 292
2090 917
2091 882
2092 348
2093 517
2094 239
2095 556
2096 557
2097 215
2098 558
2099 559
2100 301
2101 374
2102 563
2103 590
2104 607
2105 484
2106 134
2107 629
2108 1169
2109 561
2110 1201
2111 14
2112 562
2113 563
2114 193
2115 348
2116 871
2117 564
2118 961
2119 743
2120 565
2121 134
2122 1054
2123 566
2124 995
2125 567
2126 568
2127 1082
2128 652
2129 361
2130 572
2131 275
2132 569
2133 1125
2134 13
2135 167
2136 236
2137 378
2138 896
2139 198
2140 566
2141 587
2142 200
2143 571
2144 964
2145 572
2146 1060
2147 390
2148 692
2149 581
2150 20
2151 688
2152 24
2153 1003
2154 607
2155 290
2156 545
2157 573
2158 353
2159 180
2160 486
2161 619
2162 265
2163 917
2164 295
2165 1014
2166 110
2167 337
2168 523
2169 574
2170 987
2171 791
2172 1191
2173 575
2174 958
2175 751
2176 151
2177 576
2178 172
2179 612
2180 577
2181 187
2182 155
2183 459
2184 578
2185 624
2186 579
2187 580
2188 776
2189 1153
2190 905
2191 953
2192 1100
2193 1159
2194 1118
2195 437
2196 581
2197 582
2198 582
2199 311
2200 1125
2201 842
2202 896
2203 697
2204 91
2205 504
2206 773
2207 1169
2208 466
2209 508
2210 1124
2211 49
2212 733
2213 1164
2214 631
2215 202
2216 1006
2217 583
2218 979
2219 0
2220 584
2221 587
2222 585
2223 179
2224 326
2225 1169
2226 752
2227 1169
2228 378
2229 586
2230 323
2231 587
2232 430
2233 53
2234 174
2235 588
2236 1085
2237 589
2238 590
2239 741
2240 446
2241 691
2242 1169
2243 1201
2244 532
2245 51
2246 292
2247 591
2248 440
2249 765
2250 653
2251 592
2252 517
2253 517
2254 517
2255 350
2256 179
2257 361
2258 592
2259 507
2260 1134
2261 262
2262 16
2263 986
2264 432
2265 676
2266 776
2267 917
2268 52
2269 593
2270 800
2271 818
2272 970
2273 207
2274 933
2275 594
2276 594
2277 1169
2278 595
2279 566
2280 596
2281 597
2282 39
2283 1172
2284 925
2285 598
2286 44
2287 1198
2288 387
2289 385
2290 611
2291 858
2292 207
2293 728
2294 151
2295 14
2296 276
2297 973
2298 131
2299 612
2300 1092
2301 599
2302 978
2303 101
2304 437
2305 715
2306 617
2307 200
2308 230
2309 1107
2310 600
2311 621
2312 724
2313 1120
2314 575
2315 869
2316 601
2317 1166
2318 602
2319 693
2320 194
2321 1129
2322 378
2323 724
2324 941
2325 1186
2326 603
2327 1188
2328 604
2329 605
2330 605
2331 606
2332 1169
2333 607
2334 608
2335 609
2336 610
2337 757
2338 611
2339 612
2340 1209
2341 613
2342 147
2343 614
2344 1104
2345 690
2346 1113
2347 66
2348 615
2349 414
2350 612
2351 879
2352 102
2353 441
2354 1005
2355 616
2356 691
2357 1174
2358 1129
2359 588
2360 249
2361 74
2362 776
2363 492
2364 537
2365 806
2366 617
2367 39
2368 618
2369 498
2370 676
2371 38
2372 476
2373 619
2374 620
2375 808
2376 808
2377 789
2378 621
2379 843
2380 623
2381 711
2382 442
2383 122
2384 1162
2385 138
2386 203
2387 64
2388 75
2389 79
2390 135
2391 501
2392 703
2393 349
2394 1075
2395 776
2396 1199
2397 829
2398 321
2399 375
2400 118
2401 624
2402 634
2403 57
2404 66
2405 64
2406 625
2407 134
2408 1169
2409 106
2410 1136
2411 115
2412 616
2413 626
2414 885
2415 691
2416 682
2417 627
2418 724
2419 770
2420 618
2421 1175
2422 604
2423 4
2424 838
2425 434
2426 946
2427 628
2428 1137
2429 629
2430 465
2431 408
2432 591
2433 824
2434 1038
2435 1172
2436 1136
2437 11
2438 630
2439 299
2440 1180
2441 537
2442 631
2443 632
2444 724
2445 633
2446 776
2447 828
2448 555
2449 1095
2450 456
2451 233
2452 695
2453 871
2454 1136
2455 252
2456 344
2457 729
2458 635
2459 635
2460 776
2461 271
2462 784
2463 119
2464 1169
2465 636
2466 637
2467 681
2468 638
2469 66
2470 639
2471 640
2472 232
2473 641
2474 648
2475 199
2476 600
2477 1169
2478 375
2479 411
2480 1115
2481 642
2482 642
2483 776
2484 531
2485 643
2486 309
2487 284
2488 1169
2489 224
2490 1169
2491 644
2492 1114
2493 275
2494 934
2495 1072
2496 82
2497 68
2498 172
2499 645
2500 646
2501 79
2502 946
2503 335
2504 1031
2505 748
2506 354
2507 647
2508 830
2509 886
2510 66
2511 228
2512 555
2513 236
2514 347
2515 412
2516 921
2517 648
2518 1153
2519 566
2520 999
2521 735
2522 610
2523 1136
2524 325
2525 649
2526 1169
2527 650
2528 912
2529 651
2530 922
2531 487
2532 141
2533 899
2534 105
2535 443
2536 574
2537 1208
2538 1114
2539 517
2540 1186
2541 1137
2542 592
2543 78
2544 290
2545 652
2546 653
2547 517
2548 1191
2549 654
2550 314
2551 322
2552 1169
2553 729
2554 1156
2555 917
2556 79
2557 930
2558 655
2559 84
2560 650
2561 938
2562 631
2563 763
2564 1169
2565 121
2566 656
2567 657
2568 658
2569 353
2570 213
2571 579
2572 1061
2573 847
2574 375
2575 113
2576 659
2577 49
2578 75
2579 256
2580 45
2581 1114
2582 884
2583 179
2584 1169
2585 64
2586 335
2587 123
2588 1169
2589 660
2590 661
2591 556
2592 669
2593 662
2594 682
2595 775
2596 1089
2597 725
2598 1169
2599 776
2600 347
2601 610
2602 610
2603 103
2604 459
2605 172
2606 46
2607 663
2608 664
2609 803
2610 403
2611 1105
2612 240
2613 932
2614 665
2615 661
2616 437
2617 378
2618 378
2619 138
2620 666
2621 555
2622 154
2623 308
2624 682
2625 1169
2626 555
2627 93
2628 537
2629 667
2630 668
2631 66
2632 669
2633 252
2634 324
2635 494
2636 1160
2637 1022
2638 158
2639 306
2640 1133
2641 271
2642 1024
2643 290
2644 907
2645 542
2646 161
2647 1169
2648 670
2649 427
2650 98
2651 1159
2652 363
2653 671
2654 646
2655 84
2656 1108
2657 1001
2658 672
2659 468
2660 961
2661 1111
2662 329
2663 353
2664 946
2665 14
2666 198
2667 84
2668 133
2669 537
2670 377
2671 1038
2672 1169
2673 673
2674 674
2675 93
2676 228
2677 570
2678 675
2679 669
2680 1173
2681 208
2682 938
2683 251
2684 1113
2685 369
2686 622
2687 351
2688 609
2689 758
2690 676
2691 439
2692 619
2693 809
2694 729
2695 260
2696 677
2697 726
2698 678
2699 1015
2700 679
2701 22
2702 109
2703 1125
2704 571
2705 806
2706 274
2707 493
2708 437
2709 680
2710 942
2711 95
2712 682
2713 550
2714 338
2715 913
2716 589
2717 776
2718 1075
2719 683
2720 684
2721 212
2722 1047
2723 685
2724 1175
2725 724
2726 686
2727 706
2728 418
2729 202
2730 687
2731 1159
2732 1045
2733 354
2734 98
2735 1169
2736 19
2737 826
2738 688
2739 689
2740 403
2741 97
2742 394
2743 809
2744 690
2745 905
2746 486
2747 983
2748 679
2749 691
2750 692
2751 693
2752 623
2753 15
2754 547
2755 681
2756 220
2757 34
2758 730
2759 909
2760 931
2761 214
2762 206
2763 84
2764 304
2765 356
2766 432
2767 694
2768 559
2769 695
2770 959
2771 959
2772 696
2773 782
2774 697
2775 1068
2776 325
2777 979
2778 1034
2779 363
2780 776
2781 384
2782 587
2783 587
2784 1063
2785 698
2786 417
2787 699
2788 459
2789 700
2790 566
2791 160
2792 701
2793 702
2794 158
2795 417
2796 15
2797 999
2798 84
2799 396
2800 1169
2801 763
2802 161
2803 1115
2804 703
2805 114
2806 859
2807 47
2808 49
2809 705
2810 1115
2811 199
2812 187
2813 329
2814 128
2815 458
2816 706
2817 1084
2818 667
2819 1169
2820 476
2821 1169
2822 450
2823 707
2824 708
2825 49
2826 81
2827 33
2828 121
2829 985
2830 178
2831 24
2832 634
2833 1164
2834 709
2835 78
2836 710
2837 566
2838 711
2839 712
2840 713
2841 133
2842 1041
2843 1024
2844 505
2845 1114
2846 714
2847 1143
2848 715
2849 1087
2850 1198
2851 447
2852 476
2853 70
2854 216
2855 56
2856 1161
2857 1108
2858 776
2859 716
2860 717
2861 1114
2862 437
2863 1178
2864 1130
2865 840
2866 1169
2867 375
2868 1068
2869 607
2870 80
2871 546
2872 1139
2873 1147
2874 1031
2875 642
2876 718
2877 398
2878 726
2879 389
2880 719
2881 914
2882 367
2883 367
2884 368
2885 720
2886 474
2887 721
2888 722
2889 224
2890 137
2891 179
2892 629
2893 457
2894 373
2895 725
2896 726
2897 74
2898 1200
2899 1157
2900 1169
2901 484
2902 417
2903 727
2904 1114
2905 353
2906 728
2907 749
2908 619
2909 27
2910 1074
2911 1032
2912 787
2913 880
2914 24
2915 161
2916 84
2917 729
2918 730
2919 963
2920 731
2921 982
2922 354
2923 776
2924 497
2925 732
2926 733
2927 375
2928 1061
2929 734
2930 453
2931 1109
2932 859
2933 495
2934 370
2935 375
2936 735
2937 736
2938 737
2939 576
2940 738
2941 739
2942 776
2943 769
2944 1137
2945 824
2946 1116
2947 605
2948 268
2949 98
2950 836
2951 604
2952 44
2953 418
2954 1114
2955 1114
2956 1113
2957 568
2958 740
2959 755
2960 54
2961 782
2962 334
2963 550
2964 741
2965 742
2966 612
2967 743
2968 732
2969 121
2970 86
2971 437
2972 766
2973 371
2974 550
2975 99
2976 853
2977 354
2978 857
2979 169
2980 399
2981 484
2982 750
2983 346
2984 128
2985 838
2986 427
2987 744
2988 744
2989 158
2990 745
2991 897
2992 121
2993 746
2994 378
2995 103
2996 396
2997 1151
2998 747
2999 25
3000 784
3001 487
3002 445
3003 863
3004 356
3005 776
3006 1114
3007 206
3008 856
3009 1157
3010 46
3011 748
3012 201
3013 749
3014 9
3015 226
3016 1169
3017 1169
3018 750
3019 237
3020 161
3021 1079
3022 126
3023 416
3024 788
3025 64
3026 1135
3027 33
3028 54
3029 650
3030 751
3031 571
3032 1017
3033 997
3034 752
3035 753
3036 754
3037 755
3038 756
3039 757
3040 655
3041 802
3042 905
3043 1169
3044 776
3045 353
3046 98
3047 1137
3048 1137
3049 827
3050 1081
3051 632
3052 421
3053 1161
3054 758
3055 759
3056 910
3057 1059
3058 964
3059 760
3060 161
3061 761
3062 161
3063 762
3064 448
3065 640
3066 314
3067 1086
3068 970
3069 217
3070 586
3071 587
3072 119
3073 429
3074 161
3075 131
3076 634
3077 945
3078 1035
3079 967
3080 121
3081 28
3082 763
3083 1087
3084 206
3085 385
3086 764
3087 667
3088 97
3089 447
3090 333
3091 671
3092 161
3093 756
3094 333
3095 891
3096 1114
3097 871
3098 765
3099 389
3100 41
3101 766
3102 767
3103 833
3104 333
3105 907
3106 333
3107 768
3108 769
3109 474
3110 770
3111 395
3112 858
3113 141
3114 375
3115 724
3116 65
3117 410
3118 151
3119 1113
3120 1078
3121 284
3122 484
3123 437
3124 127
3125 349
3126 1153
3127 771
3128 1010
3129 1087
3130 238
3131 772
3132 659
3133 131
3134 934
3135 659
3136 773
3137 1087
3138 1050
3139 941
3140 991
3141 774
3142 185
3143 775
3144 1169
3145 70
3146 980
3147 776
3148 3
3149 777
3150 418
3151 98
3152 1168
3153 849
3154 675
3155 641
3156 1064
3157 65
3158 451
3159 131
3160 779
3161 780
3162 719
3163 1163
3164 781
3165 417
3166 166
3167 947
3168 1122
3169 547
3170 782
3171 253
3172 342
3173 943
3174 647
3175 1050
3176 1061
3177 1049
3178 777
3179 783
3180 784
3181 785
3182 785
3183 592
3184 912
3185 505
3186 121
3187 786
3188 431
3189 578
3190 996
3191 584
3192 829
3193 229
3194 377
3195 970
3196 295
3197 724
3198 48
3199 1104
3200 787
3201 788
3202 1175
3203 1161
3204 789
3205 129
3206 353
3207 846
3208 1150
3209 806
3210 354
3211 790
3212 460
3213 409
3214 184
3215 605
3216 455
3217 1069
3218 1120
3219 1040
3220 587
3221 1016
3222 968
3223 255
3224 1080
3225 988
3226 1080
3227 908
3228 1080
3229 1080
3230 1149
3231 129
3232 791
3233 1010
3234 232
3235 497
3236 417
3237 1169
3238 265
3239 792
3240 8
3241 490
3242 1169
3243 793
3244 793
3245 794
3246 339
3247 795
3248 796
3249 751
3250 797
3251 931
3252 928
3253 642
3254 1114
3255 44
3256 798
3257 754
3258 882
3259 88
3260 858
3261 843
3262 665
3263 799
3264 346
3265 1185
3266 812
3267 1169
3268 1169
3269 274
3270 453
3271 1109
3272 417
3273 564
3274 646
3275 1067
3276 287
3277 678
3278 1
3279 1159
3280 800
3281 801
3282 1008
3283 907
3284 1148
3285 66
3286 175
3287 802
3288 138
3289 776
3290 50
3291 648
3292 803
3293 276
3294 1128
3295 522
3296 338
3297 507
3298 609
3299 159
3300 889
3301 1157
3302 637
3303 831
3304 86
3305 1169
3306 804
3307 787
3308 23
3309 885
3310 66
3311 1010
3312 805
3313 552
3314 196
3315 806
3316 807
3317 158
3318 14
3319 981
3320 323
3321 926
3322 808
3323 960
3324 809
3325 810
3326 587
3327 1128
3328 811
3329 128
3330 210
3331 93
3332 237
3333 1087
3334 1087
3335 313
3336 1212
3337 474
3338 270
3339 441
3340 1125
3341 812
3342 840
3343 614
3344 813
3345 23
3346 907
3347 814
3348 776
3349 815
3350 814
3351 1106
3352 78
3353 816
3354 219
3355 937
3356 966
3357 306
3358 438
3359 817
3360 606
3361 277
3362 517
3363 298
3364 765
3365 1189
3366 953
3367 632
3368 1184
3369 777
3370 818
3371 780
3372 819
3373 1161
3374 1124
3375 579
3376 1124
3377 1079
3378 997
3379 793
3380 64
3381 1155
3382 535
3383 579
3384 1169
3385 803
3386 820
3387 418
3388 821
3389 245
3390 212
3391 822
3392 1105
3393 823
3394 824
3395 825
3396 299
3397 413
3398 58
3399 1212
3400 1040
3401 684
3402 64
3403 349
3404 148
3405 121
3406 979
3407 91
3408 386
3409 541
3410 826
3411 186
3412 997
3413 15
3414 410
3415 692
3416 242
3417 827
3418 72
3419 1163
3420 882
3421 1167
3422 828
3423 610
3424 1212
3425 49
3426 49
3427 397
3428 749
3429 876
3430 1156
3431 161
3432 503
3433 570
3434 401
3435 829
3436 396
3437 830
3438 831
3439 1104
3440 505
3441 200
3442 171
3443 288
3444 342
3445 1124
3446 437
3447 252
3448 293
3449 437
3450 626
3451 15
3452 1125
3453 18
3454 1005
3455 27
3456 464
3457 576
3458 204
3459 915
3460 832
3461 64
3462 1036
3463 833
3464 834
3465 616
3466 696
3467 200
3468 1149
3469 557
3470 913
3471 651
3472 802
3473 907
3474 56
3475 446
3476 161
3477 835
3478 158
3479 161
3480 836
3481 149
3482 82
3483 970
3484 27
3485 837
3486 650
3487 740
3488 1069
3489 84
3490 437
3491 838
3492 530
3493 1169
3494 1129
3495 941
3496 1115
3497 446
3498 1129
3499 839
3500 1169
3501 255
3502 840
3503 841
3504 842
3505 354
3506 158
3507 843
3508 833
3509 653
3510 844
3511 707
3512 845
3513 1047
3514 517
3515 377
3516 254
3517 1135
3518 1140
3519 342
3520 43
3521 594
3522 1114
3523 1129
3524 710
3525 1121
3526 84
3527 127
3528 846
3529 84
3530 84
3531 847
3532 505
3533 787
3534 1093
3535 115
3536 1070
3537 584
3538 848
3539 849
3540 1163
3541 732
3542 1132
3543 22
3544 1169
3545 251
3546 850
3547 851
3548 550
3549 1084
3550 475
3551 64
3552 131
3553 305
3554 631
3555 135
3556 1097
3557 280
3558 148
3559 852
3560 853
3561 854
3562 1096
3563 232
3564 723
3565 377
3566 991
3567 847
3568 598
3569 155
3570 1204
3571 713
3572 259
3573 1205
3574 970
3575 124
3576 84
3577 500
3578 855
3579 439
3580 270
3581 856
3582 1157
3583 345
3584 857
3585 271
3586 27
3587 271
3588 776
3589 858
3590 1156
3591 776
3592 859
3593 307
3594 860
3595 707
3596 829
3597 861
3598 80
3599 272
3600 281
3601 108
3602 1212
3603 862
3604 928
3605 328
3606 349
3607 707
3608 863
3609 864
3610 44
3611 870
3612 579
3613 865
3614 866
3615 483
3616 362
3617 751
3618 7
3619 1169
3620 359
3621 867
3622 917
3623 607
3624 1031
3625 1021
3626 739
3627 283
3628 253
3629 826
3630 197
3631 69
3632 1209
3633 868
3634 821
3635 1114
3636 418
3637 254
3638 891
3639 991
3640 564
3641 792
3642 745
3643 562
3644 869
3645 64
3646 289
3647 870
3648 974
3649 871
3650 872
3651 376
3652 873
3653 679
3654 418
3655 677
3656 767
3657 396
3658 326
3659 874
3660 289
3661 857
3662 216
3663 163
3664 306
3665 425
3666 222
3667 947
3668 187
3669 1103
3670 356
3671 541
3672 976
3673 658
3674 161
3675 691
3676 234
3677 571
3678 907
3679 276
3680 875
3681 876
3682 84
3683 378
3684 877
3685 1114
3686 794
3687 878
3688 951
3689 49
3690 111
3691 590
3692 250
3693 93
3694 879
3695 853
3696 880
3697 571
3698 1169
3699 881
3700 564
3701 174
3702 984
3703 871
3704 611
3705 199
3706 33
3707 374
3708 189
3709 171
3710 675
3711 0
3712 882
3713 935
3714 648
3715 883
3716 838
3717 884
3718 995
3719 59
3720 698
3721 512
3722 289
3723 537
3724 82
3725 782
3726 374
3727 778
3728 439
3729 885
3730 1135
3731 214
3732 886
3733 1169
3734 707
3735 887
3736 887
3737 172
3738 888
3739 800
3740 889
3741 890
3742 1115
3743 484
3744 672
3745 1169
3746 891
3747 892
3748 649
3749 893
3750 505
3751 894
3752 342
3753 1075
3754 396
3755 378
3756 1025
3757 537
3758 895
3759 378
3760 896
3761 108
3762 897
3763 1114
3764 395
3765 898
3766 198
3767 776
3768 756
3769 1111
3770 1169
3771 1169
3772 1212
3773 776
3774 899
3775 900
3776 331
3777 1169
3778 901
3779 156
3780 722
3781 902
3782 903
3783 900
3784 1169
3785 354
3786 650
3787 200
3788 776
3789 91
3790 375
3791 707
3792 917
3793 161
3794 157
3795 437
3796 840
3797 914
3798 1209
3799 165
3800 253
3801 122
3802 201
3803 67
3804 612
3805 582
3806 693
3807 904
3808 815
3809 284
3810 471
3811 587
3812 612
3813 1073
3814 436
3815 373
3816 608
3817 499
3818 549
3819 745
3820 431
3821 905
3822 0
3823 906
3824 907
3825 474
3826 1137
3827 908
3828 1115
3829 1057
3830 624
3831 526
3832 227
3833 1114
3834 909
3835 951
3836 363
3837 910
3838 726
3839 911
3840 1060
3841 287
3842 920
3843 643
3844 607
3845 1062
3846 628
3847 447
3848 806
3849 952
3850 430
3851 493
3852 912
3853 913
3854 913
3855 914
3856 1031
3857 1193
3858 437
3859 792
3860 915
3861 635
3862 916
3863 920
3864 941
3865 700
3866 917
3867 918
3868 279
3869 919
3870 434
3871 420
3872 920
3873 679
3874 810
3875 1182
3876 266
3877 716
3878 731
3879 829
3880 921
3881 612
3882 922
3883 64
3884 355
3885 642
3886 791
3887 107
3888 910
3889 548
3890 882
3891 1169
3892 923
3893 659
3894 586
3895 1069
3896 1206
3897 904
3898 418
3899 1114
3900 326
3901 925
3902 926
3903 78
3904 927
3905 705
3906 917
3907 1126
3908 424
3909 928
3910 1123
3911 474
3912 929
3913 1061
3914 418
3915 1115
3916 1127
3917 930
3918 577
3919 577
3920 353
3921 639
3922 718
3923 819
3924 1061
3925 468
3926 320
3927 758
3928 655
3929 1028
3930 338
3931 357
3932 397
3933 931
3934 1143
3935 932
3936 238
3937 196
3938 707
3939 933
3940 271
3941 914
3942 934
3943 10
3944 935
3945 23
3946 761
3947 589
3948 346
3949 322
3950 891
3951 712
3952 322
3953 1159
3954 809
3955 359
3956 1109
3957 936
3958 937
3959 1114
3960 296
3961 1212
3962 161
3963 23
3964 938
3965 939
3966 940
3967 396
3968 1121
3969 799
3970 375
3971 64
3972 1087
3973 749
3974 1088
3975 958
3976 941
3977 187
3978 972
3979 306
3980 355
3981 547
3982 942
3983 943
3984 944
3985 945
3986 709
3987 784
3988 970
3989 946
3990 823
3991 700
3992 888
3993 970
3994 947
3995 600
3996 345
3997 1182
3998 515
3999 540
4000 875
4001 1115
4002 776
4003 1102
4004 1207
4005 1101
4006 1179
4007 331
4008 758
4009 1153
4010 764
4011 639
4012 381
4013 381
4014 1114
4015 505
4016 948
4017 634
4018 1169
4019 146
4020 186
4021 417
4022 1169
4023 949
4024 151
4025 950
4026 870
4027 691
4028 64
4029 36
4030 951
4031 776
4032 131
4033 517
4034 1137
4035 1157
4036 1196
4037 1087
4038 184
4039 828
4040 907
4041 796
4042 1198
4043 1167
4044 1047
4045 273
4046 1212
4047 874
4048 756
4049 849
4050 36
4051 1037
4052 762
4053 1170
4054 952
4055 641
4056 953
4057 1169
4058 1169
4059 952
4060 910
4061 953
4062 968
4063 1124
4064 954
4065 955
4066 1100
4067 418
4068 519
4069 313
4070 55
4071 956
4072 143
4073 1137
4074 811
4075 213
4076 14
4077 994
4078 144
4079 1176
4080 957
4081 1051
4082 161
4083 584
4084 543
4085 1
4086 159
4087 375
4088 958
4089 1120
4090 959
4091 960
4092 1121
4093 961
4094 1137
4095 612
4096 749
4097 415
4098 1045
4099 367
4100 179
4101 503
4102 282
4103 236
4104 874
4105 1113
4106 962
4107 940
4108 4
4109 913
4110 706
4111 1114
4112 505
4113 232
4114 964
4115 451
4116 1153
4117 432
4118 963
4119 964
4120 353
4121 905
4122 594
4123 327
4124 222
4125 965
4126 756
4127 965
4128 966
4129 967
4130 437
4131 324
4132 1106
4133 968
4134 457
4135 969
4136 921
4137 970
4138 1105
4139 437
4140 851
4141 971
4142 851
4143 971
4144 666
4145 40
4146 1159
4147 1159
4148 440
4149 64
4150 554
4151 1125
4152 1169
4153 174
4154 972
4155 1031
4156 1114
4157 1114
4158 1115
4159 385
4160 920
4161 127
4162 1126
4163 973
4164 1212
4165 1070
4166 1169
4167 974
4168 899
4169 1169
4170 776
4171 1046
4172 975
4173 976
4174 977
4175 970
4176 328
4177 758
4178 64
4179 183
4180 1174
4181 781
4182 1154
4183 917
4184 900
4185 603
4186 1211
4187 1169
4188 363
4189 760
4190 978
4191 917
4192 918
4193 245
4194 155
4195 979
4196 666
4197 421
4198 372
4199 565
4200 776
4201 980
4202 66
4203 92
4204 776
4205 437
4206 1212
4207 109
4208 912
4209 45
4210 852
4211 884
4212 1055
4213 226
4214 138
4215 538
4216 110
4217 138
4218 981
4219 667
4220 869
4221 982
4222 1115
4223 123
4224 252
4225 982
4226 94
4227 120
4228 934
4229 49
4230 633
4231 371
4232 1169
4233 690
4234 979
4235 330
4236 1088
4237 643
4238 452
4239 617
4240 375
4241 1137
4242 983
4243 853
4244 277
4245 130
4246 142
4247 649
4248 1064
4249 984
4250 985
4251 429
4252 986
4253 602
4254 987
4255 988
4256 484
4257 704
4258 231
4259 587
4260 59
4261 98
4262 516
4263 787
4264 602
4265 690
4266 311
4267 181
4268 1114
4269 412
4270 249
4271 727
4272 125
4273 547
4274 732
4275 1036
4276 1015
4277 989
4278 990
4279 991
4280 708
4281 1169
4282 1095
4283 473
4284 334
4285 992
4286 26
4287 993
4288 964
4289 249
4290 249
4291 1125
4292 27
4293 187
4294 866
4295 1043
4296 319
4297 566
4298 994
4299 971
4300 995
4301 629
4302 604
4303 410
4304 17
4305 1124
4306 996
4307 1010
4308 36
4309 1118
4310 997
4311 517
4312 1070
4313 629
4314 632
4315 607
4316 1120
4317 692
4318 998
4319 1104
4320 1106
4321 262
4322 378
4323 1169
4324 1000
4325 1000
4326 1001
4327 1002
4328 1003
4329 1004
4330 195
4331 1114
4332 342
4333 686
4334 1005
4335 540
4336 939
4337 540
4338 1006
4339 902
4340 35
4341 1169
4342 79
4343 148
4344 1007
4345 714
4346 1039
4347 1008
4348 881
4349 605
4350 753
4351 550
4352 66
4353 1156
4354 1009
4355 1114
4356 858
4357 397
4358 97
4359 1090
4360 14
4361 32
4362 209
4363 564
4364 1029
4365 1030
4366 1029
4367 566
4368 1011
4369 1012
4370 1013
4371 651
4372 377
4373 547
4374 656
4375 1049
4376 1038
4377 653
4378 1178
4379 1137
4380 979
4381 302
4382 1175
4383 600
4384 171
4385 1014
4386 607
4387 440
4388 1015
4389 309
4390 736
4391 864
4392 1169
4393 1016
4394 185
4395 1017
4396 1058
4397 1018
4398 66
4399 664
4400 1011
4401 1019
4402 758
4403 375
4404 181
4405 1062
4406 146
4407 1169
4408 417
4409 475
4410 77
4411 970
4412 917
4413 1020
4414 782
4415 580
4416 390
4417 164
4418 822
4419 64
4420 970
4421 1105
4422 776
4423 1021
4424 776
4425 361
4426 1022
4427 151
4428 742
4429 517
4430 1023
4431 314
4432 687
4433 991
4434 396
4435 291
4436 1024
4437 1025
4438 842
4439 1025
4440 1061
4441 484
4442 1071
4443 1030
4444 30
4445 1072
4446 440
4447 297
4448 1026
4449 240
4450 1172
4451 162
4452 847
4453 306
4454 500
4455 63
4456 724
4457 1027
4458 1028
4459 1114
4460 931
4461 1029
4462 1030
4463 86
4464 1031
4465 1032
4466 636
4467 1146
4468 400
4469 24
4470 807
4471 1033
4472 1034
4473 1060
4474 1018
4475 938
4476 741
4477 1035
4478 917
4479 39
4480 610
4481 1036
4482 1036
4483 1037
4484 954
4485 1038
4486 453
4487 417
4488 274
4489 84
4490 1039
4491 1040
4492 952
4493 970
4494 1041
4495 1169
4496 1042
4497 1043
4498 798
4499 1044
4500 1045
4501 387
4502 141
4503 963
4504 1046
4505 1047
4506 630
4507 288
4508 56
4509 417
4510 675
4511 167
4512 896
4513 1048
4514 518
4515 1057
4516 1169
4517 1049
4518 1050
4519 1212
4520 557
4521 756
4522 1051
4523 1052
4524 721
4525 1061
4526 561
4527 153
4528 797
4529 1114
4530 1053
4531 1115
4532 758
4533 121
4534 1054
4535 1153
4536 179
4537 155
4538 1177
4539 93
4540 439
4541 917
4542 1105
4543 1009
4544 1056
4545 111
4546 1057
4547 1192
4548 1036
4549 724
4550 811
4551 1058
4552 1169
4553 1059
4554 724
4555 1175
4556 1060
4557 1011
4558 1011
4559 914
4560 1061
4561 166
4562 1193
4563 331
4564 1062
4565 1063
4566 311
4567 566
4568 539
4569 917
4570 939
4571 1064
4572 1065
4573 1174
4574 935
4575 1066
4576 27
4577 378
4578 93
4579 49
4580 474
4581 951
4582 707
4583 1067
4584 1068
4585 724
4586 632
4587 698
4588 1069
4589 315
4590 225
4591 731
4592 121
4593 1070
4594 575
4595 970
4596 1071
4597 400
4598 1072
4599 1073
4600 1169
4601 1074
4602 1075
4603 1076
4604 1077
4605 692
4606 187
4607 84
4608 396
4609 20
4610 18
4611 720
4612 410
4613 1169
4614 1078
4615 1068
4616 1068
4617 1079
4618 420
4619 1080
4620 1193
4621 1081
4622 844
4623 1082
4624 695
4625 353
4626 1100
4627 410
4628 756
4629 158
4630 219
4631 1083
4632 1084
4633 1187
4634 639
4635 789
4636 1161
4637 173
4638 1169
4639 641
4640 314
4641 464
4642 724
4643 632
4644 1061
4645 806
4646 1087
4647 1164
4648 233
4649 632
4650 1061
4651 274
4652 401
4653 623
4654 1085
4655 1086
4656 1087
4657 211
4658 1066
4659 990
4660 820
4661 913
4662 677
4663 386
4664 1088
4665 489
4666 1121
4667 1089
4668 1087
4669 71
4670 418
4671 1090
4672 286
4673 161
4674 624
4675 80
4676 776
4677 776
4678 1102
4679 1091
4680 1169
4681 1176
4682 884
4683 500
4684 1092
4685 776
4686 283
4687 317
4688 103
4689 1170
4690 93
4691 93
4692 139
4693 1169
4694 49
4695 274
4696 482
4697 49
4698 1111
4699 1169
4700 1093
4701 550
4702 1094
4703 732
4704 1115
4705 171
4706 106
4707 1095
4708 453
4709 907
4710 378
4711 1169
4712 814
4713 1096
4714 1097
4715 176
4716 176
4717 1098
4718 1099
4719 1100
4720 1101
4721 472
4722 38
4723 1110
4724 1169
4725 1102
4726 632
4727 1103
4728 1206
4729 1104
4730 222
4731 1027
4732 256
4733 1105
4734 917
4735 851
4736 931
4737 1106
4738 639
4739 639
4740 440
4741 570
4742 895
4743 380
4744 1109
4745 1212
4746 355
4747 924
4748 1107
4749 1060
4750 1108
4751 1169
4752 72
4753 187
4754 276
4755 1109
4756 1110
4757 1111
4758 776
4759 1112
4760 612
4761 396
4762 550
4763 752
4764 1212
4765 577
4766 391
4767 1212
4768 640
4769 1113
4770 1114
4771 1115
4772 121
4773 820
4774 819
4775 1143
4776 474
4777 245
4778 721
4779 1102
4780 50
4781 776
4782 1116
4783 911
4784 378
4785 883
4786 1117
4787 1118
4788 1119
4789 1120
4790 759
4791 1175
4792 1121
4793 1122
4794 248
4795 1123
4796 979
4797 397
4798 331
4799 1141
4800 138
4801 986
4802 806
4803 787
4804 141
4805 1165
4806 493
4807 340
4808 395
4809 66
4810 879
4811 561
4812 278
4813 756
4814 457
4815 632
4816 544
4817 1124
4818 724
4819 803
4820 93
4821 659
4822 884
4823 1125
4824 1068
4825 418
4826 1126
4827 1127
4828 882
4829 700
4830 893
4831 474
4832 961
4833 333
4834 1128
4835 49
4836 851
4837 1128
4838 99
4839 65
4840 171
4841 128
4842 640
4843 610
4844 93
4845 1129
4846 882
4847 539
4848 1130
4849 424
4850 631
4851 223
4852 1169
4853 469
4854 1099
4855 1131
4856 1151
4857 1132
4858 877
4859 779
4860 699
4861 1011
4862 224
4863 141
4864 64
4865 177
4866 1203
4867 1133
4868 82
4869 39
4870 257
4871 64
4872 1005
4873 459
4874 1134
4875 859
4876 180
4877 178
4878 353
4879 1175
4880 824
4881 1135
4882 1136
4883 1109
4884 396
4885 1043
4886 1137
4887 874
4888 980
4889 1194
4890 184
4891 418
4892 1138
4893 128
4894 1139
4895 801
4896 468
4897 709
4898 199
4899 333
4900 1141
4901 1114
4902 1159
4903 307
4904 601
4905 120
4906 461
4907 876
4908 251
4909 84
4910 1142
4911 1143
4912 84
4913 1018
4914 586
4915 659
4916 1144
4917 1145
4918 1146
4919 148
4920 751
4921 1147
4922 1148
4923 474
4924 474
4925 93
4926 1149
4927 759
4928 108
4929 150
4930 1146
4931 186
4932 138
4933 1150
4934 84
4935 161
4936 161
4937 1149
4938 1151
4939 284
4940 1152
4941 1049
4942 396
4943 1206
4944 559
4945 1114
4946 776
4947 0
4948 783
4949 564
4950 1066
4951 393
4952 353
4953 1153
4954 890
4955 1101
4956 339
4957 691
4958 535
4959 161
4960 1154
4961 1212
4962 64
4963 318
4964 179
4965 1155
4966 304
4967 1202
4968 23
4969 451
4970 1156
4971 357
4972 803
4973 1038
4974 917
4975 293
4976 852
4977 1144
4978 1169
4979 101
4980 1169
4981 243
4982 64
4983 1092
4984 569
4985 748
4986 681
4987 1157
4988 1192
4989 979
4990 1070
4991 1190
4992 609
4993 558
4994 758
4995 1158
4996 1077
4997 561
4998 1159
4999 1118
5000 595
5001 754
5002 502
5003 121
5004 342
5005 375
5006 729
5007 200
5008 1169
5009 1160
5010 651
5011 927
5012 708
5013 742
5014 386
5015 904
5016 187
5017 137
5018 360
5019 557
5020 252
5021 496
5022 1005
5023 139
5024 1072
5025 1169
5026 1109
5027 1212
5028 437
5029 869
5030 1162
5031 518
5032 425
5033 1163
5034 1164
5035 781
5036 954
5037 474
5038 1165
5039 1166
5040 372
5041 1167
5042 638
5043 1168
5044 516
5045 1169
5046 1070
5047 437
5048 397
5049 82
5050 758
5051 398
5052 879
5053 187
5054 524
5055 1169
5056 877
5057 1170
5058 758
5059 353
5060 1171
5061 377
5062 1153
5063 1172
5064 1173
5065 437
5066 64
5067 152
5068 217
5069 1174
5070 1168
5071 1176
5072 476
5073 342
5074 1177
5075 274
5076 550
5077 404
5078 768
5079 1115
5080 1102
5081 1178
5082 1174
5083 551
5084 1007
5085 1179
5086 1180
5087 1181
5088 1182
5089 1183
5090 1181
5091 1157
5092 947
5093 256
5094 903
5095 1120
5096 195
5097 0
5098 691
5099 1182
5100 888
5101 1005
5102 1005
5103 816
5104 1184
5105 806
5106 629
5107 789
5108 756
5109 632
5110 777
5111 65
5112 1068
5113 558
5114 581
5115 776
5116 1186
5117 1185
5118 187
5119 253
5120 844
5121 361
5122 1125
5123 827
5124 605
5125 390
5126 1187
5127 176
5128 539
5129 1194
5130 765
5131 1186
5132 990
5133 247
5134 263
5135 492
5136 285
5137 845
5138 29
5139 1187
5140 1169
5141 1188
5142 1070
5143 1189
5144 517
5145 1190
5146 653
5147 1169
5148 1191
5149 629
5150 789
5151 1159
5152 1190
5153 1192
5154 1193
5155 1194
5156 1180
5157 1192
5158 572
5159 1160
5160 1195
5161 1013
5162 504
5163 1003
5164 381
5165 1196
5166 482
5167 1153
5168 133
5169 108
5170 1197
5171 1052
5172 476
5173 643
5174 72
5175 820
5176 787
5177 1072
5178 914
5179 197
5180 820
5181 1131
5182 1198
5183 379
5184 64
5185 1199
5186 841
5187 437
5188 1129
5189 1200
5190 158
5191 200
5192 673
5193 1201
5194 751
5195 396
5196 141
5197 1202
5198 827
5199 1203
5200 1182
5201 1204
5202 1205
5203 244
5204 661
5205 678
5206 84
5207 1015
5208 1075
5209 1182
5210 407
5211 775
5212 678
5213 215
5214 737
5215 612
5216 249
5217 751
5218 869
5219 1207
5220 550
5221 775
5222 381
5223 528
5224 1169
5225 1208
5226 264
5227 334
5228 773
5229 482
5230 991
5231 1209
5232 550
5233 999
5234 745
5235 471
5236 1210
5237 473
5238 1211
5239 922
5240 1212
