307
0 142
1 230
2 260
3 90
4 281
5 260
6 8
7 267
8 122
9 122
10 122
11 123
12 8
13 260
14 8
15 0
16 260
17 122
18 122
19 8
20 1
21 2
22 90
23 8
24 260
25 5
26 3
27 260
28 260
29 8
30 4
31 122
32 260
33 122
34 8
35 122
36 260
37 129
38 241
39 5
40 122
41 122
42 8
43 123
44 8
45 260
46 260
47 6
48 7
49 260
50 122
51 163
52 129
53 122
54 260
55 260
56 123
57 8
58 260
59 122
60 129
61 122
62 260
63 8
64 129
65 8
66 139
67 123
68 8
69 129
70 8
71 129
72 122
73 260
74 8
75 162
76 129
77 260
78 261
79 8
80 8
81 123
82 8
83 123
84 122
85 9
86 10
87 260
88 122
89 8
90 8
91 11
92 90
93 122
94 8
95 12
96 13
97 14
98 122
99 255
100 129
101 8
102 122
103 8
104 129
105 123
106 123
107 122
108 122
109 15
110 8
111 260
112 129
113 90
114 129
115 260
116 129
117 260
118 8
119 122
120 8
121 122
122 8
123 122
124 260
125 129
126 260
127 122
128 287
129 122
130 123
131 8
132 8
133 122
134 260
135 123
136 296
137 260
138 122
139 8
140 266
141 292
142 122
143 260
144 122
145 260
146 8
147 122
148 122
149 16
150 17
151 18
152 123
153 260
154 19
155 123
156 20
157 21
158 134
159 22
160 123
161 129
162 8
163 23
164 122
165 122
166 8
167 260
168 129
169 260
170 8
171 260
172 8
173 90
174 260
175 129
176 23
177 90
178 129
179 90
180 8
181 8
182 260
183 129
184 160
185 260
186 123
187 122
188 8
189 90
190 8
191 122
192 10
193 122
194 260
195 122
196 122
197 65
198 24
199 8
200 260
201 122
202 129
203 129
204 8
205 8
206 8
207 8
208 122
209 259
210 93
211 90
212 129
213 129
214 260
215 129
216 129
217 122
218 26
219 90
220 122
221 123
222 8
223 122
224 130
225 129
226 8
227 260
228 8
229 260
230 129
231 260
232 129
233 27
234 8
235 122
236 260
237 122
238 28
239 29
240 129
241 260
242 122
243 123
244 8
245 90
246 122
247 260
248 122
249 260
250 122
251 30
252 31
253 186
254 8
255 260
256 260
257 260
258 129
259 122
260 129
261 122
262 122
263 122
264 32
265 125
266 260
267 122
268 260
269 8
270 122
271 129
272 33
273 80
274 308
275 260
276 260
277 129
278 260
279 260
280 122
281 8
282 260
283 260
284 122
285 123
286 34
287 8
288 122
289 260
290 122
291 129
292 129
293 122
294 129
295 260
296 280
297 260
298 149
299 47
300 35
301 31
302 123
303 260
304 260
305 36
306 123
307 8
308 122
309 123
310 122
311 260
312 129
313 8
314 8
315 37
316 122
317 38
318 260
319 308
320 129
321 90
322 8
323 39
324 239
325 260
326 122
327 260
328 260
329 260
330 40
331 129
332 8
333 129
334 8
335 123
336 260
337 260
338 90
339 122
340 8
341 260
342 122
343 260
344 41
345 122
346 129
347 6
348 8
349 122
350 122
351 8
352 260
353 260
354 90
355 42
356 122
357 122
358 8
359 122
360 129
361 260
362 8
363 260
364 260
365 122
366 122
367 260
368 43
369 123
370 122
371 123
372 123
373 255
374 8
375 260
376 122
377 44
378 8
379 8
380 260
381 8
382 129
383 260
384 45
385 122
386 157
387 290
388 111
389 8
390 221
391 90
392 86
393 8
394 90
395 122
396 122
397 122
398 46
399 260
400 129
401 260
402 57
403 260
404 123
405 123
406 47
407 122
408 122
409 123
410 8
411 260
412 260
413 122
414 8
415 260
416 260
417 260
418 129
419 48
420 49
421 260
422 145
423 152
424 24
425 122
426 90
427 123
428 261
429 260
430 260
431 25
432 260
433 129
434 8
435 260
436 129
437 122
438 261
439 260
440 8
441 260
442 50
443 260
444 8
445 122
446 259
447 259
448 51
449 8
450 8
451 209
452 52
453 8
454 123
455 122
456 53
457 260
458 8
459 8
460 0
461 8
462 11
463 129
464 123
465 90
466 260
467 8
468 149
469 284
470 242
471 240
472 54
473 260
474 90
475 55
476 8
477 90
478 122
479 8
480 8
481 90
482 147
483 260
484 122
485 8
486 260
487 123
488 260
489 260
490 56
491 260
492 123
493 8
494 90
495 122
496 129
497 8
498 57
499 260
500 260
501 122
502 122
503 122
504 58
505 8
506 260
507 123
508 8
509 122
510 122
511 90
512 59
513 260
514 260
515 260
516 122
517 8
518 260
519 90
520 129
521 90
522 260
523 8
524 60
525 260
526 8
527 122
528 61
529 129
530 8
531 260
532 260
533 108
534 129
535 122
536 190
537 8
538 123
539 255
540 129
541 123
542 129
543 8
544 260
545 8
546 62
547 122
548 123
549 129
550 63
551 123
552 260
553 64
554 123
555 260
556 122
557 260
558 122
559 129
560 65
561 129
562 8
563 181
564 90
565 275
566 260
567 8
568 260
569 25
570 260
571 66
572 67
573 122
574 260
575 122
576 260
577 260
578 129
579 8
580 90
581 129
582 129
583 123
584 129
585 260
586 122
587 129
588 122
589 8
590 129
591 129
592 129
593 260
594 260
595 68
596 123
597 8
598 122
599 90
600 122
601 69
602 122
603 70
604 122
605 260
606 129
607 260
608 129
609 90
610 260
611 129
612 8
613 260
614 260
615 129
616 25
617 122
618 260
619 90
620 71
621 122
622 8
623 241
624 122
625 122
626 286
627 90
628 90
629 260
630 272
631 260
632 5
633 8
634 122
635 129
636 123
637 8
638 8
639 129
640 8
641 129
642 72
643 260
644 129
645 122
646 245
647 26
648 122
649 247
650 73
651 129
652 74
653 8
654 122
655 129
656 123
657 75
658 8
659 122
660 76
661 122
662 8
663 260
664 129
665 90
666 122
667 304
668 123
669 129
670 8
671 260
672 122
673 122
674 77
675 77
676 122
677 308
678 260
679 8
680 134
681 223
682 122
683 90
684 90
685 260
686 129
687 122
688 122
689 122
690 8
691 260
692 123
693 122
694 129
695 122
696 129
697 122
698 129
699 90
700 260
701 129
702 56
703 122
704 122
705 122
706 260
707 260
708 260
709 129
710 8
711 129
712 122
713 78
714 122
715 260
716 260
717 129
718 123
719 122
720 260
721 25
722 30
723 129
724 25
725 8
726 129
727 129
728 67
729 260
730 122
731 90
732 123
733 129
734 123
735 260
736 122
737 123
738 123
739 8
740 79
741 265
742 249
743 260
744 260
745 260
746 25
747 122
748 8
749 8
750 8
751 8
752 25
753 223
754 8
755 8
756 260
757 8
758 122
759 90
760 260
761 123
762 260
763 1
764 260
765 8
766 260
767 8
768 80
769 8
770 90
771 122
772 260
773 129
774 260
775 260
776 8
777 123
778 122
779 122
780 260
781 8
782 129
783 8
784 8
785 260
786 129
787 260
788 122
789 260
790 123
791 8
792 129
793 8
794 122
795 260
796 8
797 260
798 8
799 264
800 122
801 122
802 122
803 260
804 260
805 122
806 122
807 81
808 8
809 82
810 83
811 8
812 90
813 260
814 8
815 306
816 122
817 129
818 84
819 38
820 122
821 85
822 129
823 122
824 8
825 260
826 122
827 260
828 260
829 260
830 86
831 87
832 122
833 88
834 260
835 8
836 89
837 122
838 122
839 122
840 122
841 260
842 90
843 122
844 129
845 122
846 122
847 91
848 260
849 129
850 92
851 260
852 129
853 247
854 260
855 90
856 122
857 8
858 123
859 93
860 122
861 260
862 122
863 297
864 173
865 123
866 123
867 226
868 8
869 258
870 122
871 73
872 260
873 51
874 33
875 122
876 60
877 122
878 122
879 296
880 275
881 260
882 123
883 56
884 56
885 122
886 8
887 8
888 260
889 260
890 129
891 8
892 122
893 8
894 260
895 90
896 260
897 31
898 15
899 129
900 8
901 123
902 260
903 123
904 129
905 122
906 123
907 260
908 122
909 129
910 260
911 69
912 90
913 260
914 237
915 260
916 260
917 122
918 123
919 8
920 8
921 260
922 260
923 129
924 260
925 122
926 123
927 216
928 260
929 260
930 260
931 290
932 122
933 260
934 122
935 122
936 260
937 260
938 129
939 8
940 8
941 260
942 260
943 129
944 123
945 8
946 129
947 94
948 260
949 122
950 119
951 8
952 260
953 8
954 260
955 129
956 122
957 129
958 95
959 8
960 260
961 260
962 300
963 129
964 260
965 260
966 134
967 123
968 123
969 123
970 260
971 8
972 260
973 260
974 123
975 123
976 129
977 90
978 129
979 260
980 260
981 260
982 90
983 123
984 123
985 123
986 8
987 246
988 122
989 260
990 122
991 260
992 122
993 260
994 260
995 122
996 83
997 41
998 8
999 8
1000 122
1001 123
1002 260
1003 129
1004 129
1005 129
1006 129
1007 129
1008 122
1009 260
1010 96
1011 96
1012 209
1013 260
1014 260
1015 260
1016 260
1017 122
1018 8
1019 123
1020 8
1021 260
1022 122
1023 90
1024 260
1025 268
1026 260
1027 123
1028 260
1029 260
1030 123
1031 8
1032 97
1033 98
1034 98
1035 8
1036 260
1037 122
1038 260
1039 99
1040 260
1041 123
1042 8
1043 122
1044 8
1045 100
1046 90
1047 101
1048 199
1049 8
1050 129
1051 8
1052 123
1053 129
1054 123
1055 123
1056 129
1057 260
1058 8
1059 8
1060 90
1061 102
1062 242
1063 260
1064 8
1065 8
1066 8
1067 103
1068 8
1069 271
1070 238
1071 129
1072 260
1073 129
1074 129
1075 123
1076 8
1077 104
1078 104
1079 122
1080 39
1081 117
1082 122
1083 122
1084 260
1085 4
1086 260
1087 8
1088 129
1089 260
1090 260
1091 123
1092 8
1093 8
1094 123
1095 129
1096 8
1097 105
1098 122
1099 122
1100 129
1101 8
1102 274
1103 90
1104 122
1105 122
1106 129
1107 41
1108 275
1109 123
1110 260
1111 161
1112 129
1113 260
1114 2
1115 260
1116 8
1117 66
1118 8
1119 232
1120 122
1121 123
1122 90
1123 122
1124 122
1125 106
1126 122
1127 122
1128 219
1129 111
1130 8
1131 123
1132 280
1133 107
1134 122
1135 122
1136 8
1137 155
1138 129
1139 158
1140 113
1141 129
1142 129
1143 122
1144 260
1145 181
1146 122
1147 129
1148 260
1149 90
1150 260
1151 8
1152 270
1153 108
1154 8
1155 198
1156 129
1157 8
1158 123
1159 109
1160 8
1161 110
1162 122
1163 123
1164 8
1165 8
1166 123
1167 260
1168 260
1169 123
1170 123
1171 129
1172 82
1173 122
1174 122
1175 106
1176 260
1177 8
1178 122
1179 8
1180 123
1181 8
1182 9
1183 260
1184 304
1185 111
1186 8
1187 123
1188 122
1189 260
1190 112
1191 122
1192 90
1193 8
1194 260
1195 122
1196 260
1197 280
1198 129
1199 260
1200 8
1201 122
1202 123
1203 122
1204 189
1205 129
1206 123
1207 123
1208 8
1209 8
1210 267
1211 8
1212 8
1213 260
1214 38
1215 260
1216 260
1217 260
1218 260
1219 131
1220 90
1221 129
1222 8
1223 8
1224 122
1225 113
1226 129
1227 260
1228 90
1229 8
1230 260
1231 8
1232 229
1233 209
1234 122
1235 122
1236 179
1237 122
1238 129
1239 261
1240 260
1241 123
1242 122
1243 129
1244 129
1245 263
1246 8
1247 122
1248 122
1249 166
1250 8
1251 235
1252 8
1253 8
1254 260
1255 253
1256 122
1257 123
1258 129
1259 122
1260 129
1261 129
1262 122
1263 114
1264 122
1265 115
1266 165
1267 260
1268 122
1269 8
1270 122
1271 8
1272 8
1273 129
1274 122
1275 122
1276 260
1277 8
1278 122
1279 116
1280 122
1281 8
1282 8
1283 260
1284 8
1285 117
1286 260
1287 28
1288 8
1289 49
1290 260
1291 8
1292 8
1293 218
1294 57
1295 260
1296 90
1297 260
1298 90
1299 290
1300 8
1301 118
1302 119
1303 120
1304 8
1305 260
1306 260
1307 260
1308 260
1309 25
1310 121
1311 8
1312 260
1313 123
1314 129
1315 116
1316 260
1317 260
1318 8
1319 129
1320 260
1321 124
1322 125
1323 122
1324 8
1325 260
1326 123
1327 260
1328 8
1329 8
1330 123
1331 90
1332 260
1333 129
1334 8
1335 260
1336 260
1337 122
1338 90
1339 129
1340 126
1341 74
1342 280
1343 123
1344 260
1345 260
1346 8
1347 8
1348 123
1349 37
1350 74
1351 25
1352 122
1353 8
1354 8
1355 260
1356 242
1357 129
1358 8
1359 8
1360 8
1361 129
1362 122
1363 90
1364 186
1365 8
1366 8
1367 177
1368 123
1369 123
1370 127
1371 260
1372 260
1373 203
1374 122
1375 260
1376 270
1377 260
1378 122
1379 129
1380 90
1381 223
1382 8
1383 129
1384 174
1385 122
1386 260
1387 122
1388 128
1389 8
1390 260
1391 122
1392 260
1393 260
1394 129
1395 129
1396 260
1397 8
1398 8
1399 129
1400 122
1401 8
1402 122
1403 123
1404 8
1405 8
1406 122
1407 8
1408 260
1409 260
1410 8
1411 8
1412 100
1413 129
1414 129
1415 260
1416 90
1417 122
1418 260
1419 123
1420 123
1421 111
1422 122
1423 260
1424 121
1425 8
1426 122
1427 8
1428 8
1429 122
1430 8
1431 122
1432 260
1433 129
1434 130
1435 129
1436 8
1437 260
1438 260
1439 123
1440 8
1441 260
1442 122
1443 123
1444 131
1445 122
1446 122
1447 122
1448 260
1449 260
1450 122
1451 129
1452 115
1453 84
1454 129
1455 123
1456 122
1457 122
1458 260
1459 8
1460 260
1461 8
1462 260
1463 8
1464 25
1465 8
1466 260
1467 90
1468 8
1469 37
1470 8
1471 129
1472 122
1473 129
1474 119
1475 90
1476 8
1477 260
1478 122
1479 122
1480 260
1481 129
1482 129
1483 181
1484 132
1485 122
1486 260
1487 132
1488 122
1489 122
1490 122
1491 8
1492 8
1493 122
1494 8
1495 122
1496 133
1497 260
1498 122
1499 122
1500 123
1501 90
1502 90
1503 122
1504 134
1505 8
1506 90
1507 260
1508 129
1509 8
1510 135
1511 8
1512 136
1513 181
1514 260
1515 251
1516 199
1517 260
1518 260
1519 8
1520 122
1521 129
1522 86
1523 122
1524 185
1525 123
1526 8
1527 122
1528 137
1529 137
1530 90
1531 119
1532 138
1533 260
1534 122
1535 139
1536 90
1537 260
1538 123
1539 260
1540 140
1541 260
1542 141
1543 141
1544 129
1545 8
1546 8
1547 142
1548 260
1549 8
1550 11
1551 36
1552 260
1553 260
1554 143
1555 90
1556 144
1557 145
1558 129
1559 8
1560 116
1561 129
1562 8
1563 129
1564 260
1565 129
1566 146
1567 260
1568 8
1569 123
1570 294
1571 260
1572 129
1573 8
1574 8
1575 90
1576 260
1577 8
1578 122
1579 129
1580 260
1581 208
1582 8
1583 8
1584 123
1585 122
1586 8
1587 129
1588 129
1589 129
1590 147
1591 260
1592 80
1593 8
1594 129
1595 8
1596 129
1597 81
1598 122
1599 129
1600 129
1601 260
1602 267
1603 260
1604 122
1605 122
1606 148
1607 236
1608 129
1609 122
1610 8
1611 122
1612 8
1613 122
1614 124
1615 122
1616 123
1617 260
1618 260
1619 122
1620 122
1621 299
1622 8
1623 149
1624 260
1625 129
1626 123
1627 123
1628 284
1629 123
1630 8
1631 222
1632 260
1633 90
1634 8
1635 8
1636 260
1637 129
1638 260
1639 150
1640 249
1641 8
1642 260
1643 260
1644 151
1645 129
1646 122
1647 152
1648 122
1649 260
1650 122
1651 129
1652 8
1653 260
1654 111
1655 90
1656 123
1657 260
1658 8
1659 90
1660 123
1661 123
1662 8
1663 123
1664 260
1665 123
1666 129
1667 129
1668 122
1669 300
1670 123
1671 310
1672 129
1673 260
1674 129
1675 129
1676 122
1677 8
1678 153
1679 129
1680 11
1681 159
1682 8
1683 8
1684 8
1685 154
1686 122
1687 280
1688 129
1689 122
1690 155
1691 122
1692 122
1693 290
1694 260
1695 123
1696 122
1697 8
1698 8
1699 8
1700 123
1701 156
1702 129
1703 42
1704 260
1705 309
1706 129
1707 52
1708 195
1709 8
1710 122
1711 122
1712 129
1713 129
1714 8
1715 129
1716 122
1717 260
1718 90
1719 123
1720 157
1721 158
1722 129
1723 260
1724 122
1725 123
1726 122
1727 260
1728 306
1729 122
1730 122
1731 260
1732 260
1733 8
1734 31
1735 164
1736 241
1737 8
1738 260
1739 123
1740 8
1741 90
1742 159
1743 228
1744 122
1745 122
1746 260
1747 8
1748 260
1749 260
1750 122
1751 90
1752 160
1753 161
1754 8
1755 162
1756 163
1757 8
1758 122
1759 122
1760 129
1761 129
1762 274
1763 4
1764 8
1765 164
1766 129
1767 122
1768 122
1769 260
1770 27
1771 229
1772 293
1773 8
1774 98
1775 122
1776 196
1777 8
1778 47
1779 123
1780 156
1781 122
1782 90
1783 8
1784 260
1785 70
1786 122
1787 300
1788 129
1789 224
1790 301
1791 122
1792 122
1793 8
1794 122
1795 123
1796 123
1797 260
1798 270
1799 8
1800 123
1801 123
1802 122
1803 8
1804 90
1805 122
1806 122
1807 122
1808 101
1809 122
1810 122
1811 122
1812 129
1813 122
1814 165
1815 166
1816 122
1817 167
1818 129
1819 260
1820 122
1821 129
1822 129
1823 129
1824 122
1825 260
1826 70
1827 260
1828 123
1829 90
1830 122
1831 122
1832 260
1833 260
1834 260
1835 122
1836 123
1837 211
1838 8
1839 123
1840 122
1841 274
1842 168
1843 215
1844 260
1845 260
1846 90
1847 122
1848 8
1849 8
1850 129
1851 169
1852 122
1853 129
1854 123
1855 8
1856 260
1857 123
1858 129
1859 8
1860 260
1861 170
1862 129
1863 122
1864 8
1865 122
1866 260
1867 171
1868 122
1869 122
1870 122
1871 48
1872 129
1873 260
1874 260
1875 260
1876 225
1877 8
1878 122
1879 172
1880 129
1881 129
1882 25
1883 122
1884 129
1885 122
1886 129
1887 122
1888 122
1889 122
1890 122
1891 122
1892 8
1893 90
1894 123
1895 8
1896 122
1897 129
1898 123
1899 173
1900 260
1901 122
1902 122
1903 129
1904 260
1905 8
1906 90
1907 260
1908 260
1909 8
1910 8
1911 260
1912 260
1913 260
1914 260
1915 8
1916 122
1917 260
1918 123
1919 129
1920 129
1921 260
1922 122
1923 90
1924 8
1925 8
1926 122
1927 122
1928 8
1929 260
1930 260
1931 122
1932 19
1933 8
1934 129
1935 126
1936 261
1937 122
1938 174
1939 122
1940 209
1941 122
1942 202
1943 122
1944 175
1945 122
1946 260
1947 123
1948 123
1949 8
1950 90
1951 90
1952 122
1953 122
1954 123
1955 123
1956 306
1957 306
1958 129
1959 260
1960 260
1961 260
1962 90
1963 122
1964 123
1965 129
1966 8
1967 47
1968 90
1969 134
1970 48
1971 260
1972 129
1973 48
1974 122
1975 122
1976 260
1977 176
1978 268
1979 129
1980 129
1981 177
1982 129
1983 90
1984 260
1985 178
1986 122
1987 122
1988 260
1989 122
1990 129
1991 122
1992 260
1993 123
1994 94
1995 122
1996 8
1997 122
1998 122
1999 122
2000 122
2001 179
2002 59
2003 123
2004 129
2005 129
2006 260
2007 122
2008 123
2009 122
2010 129
2011 122
2012 129
2013 122
2014 180
2015 8
2016 135
2017 260
2018 122
2019 129
2020 123
2021 260
2022 122
2023 8
2024 181
2025 8
2026 129
2027 122
2028 122
2029 183
2030 129
2031 134
2032 123
2033 182
2034 183
2035 184
2036 122
2037 172
2038 129
2039 129
2040 30
2041 79
2042 54
2043 8
2044 8
2045 8
2046 122
2047 122
2048 260
2049 260
2050 90
2051 175
2052 8
2053 122
2054 129
2055 53
2056 185
2057 186
2058 8
2059 90
2060 8
2061 260
2062 260
2063 47
2064 187
2065 260
2066 260
2067 122
2068 188
2069 122
2070 260
2071 129
2072 90
2073 260
2074 127
2075 122
2076 260
2077 189
2078 190
2079 8
2080 8
2081 260
2082 129
2083 8
2084 123
2085 260
2086 122
2087 260
2088 129
2089 129
2090 260
2091 260
2092 260
2093 122
2094 122
2095 122
2096 123
2097 122
2098 191
2099 129
2100 99
2101 260
2102 193
2103 129
2104 122
2105 123
2106 260
2107 122
2108 122
2109 123
2110 129
2111 122
2112 192
2113 193
2114 70
2115 260
2116 122
2117 90
2118 122
2119 123
2120 194
2121 260
2122 90
2123 90
2124 195
2125 196
2126 129
2127 260
2128 129
2129 122
2130 122
2131 94
2132 197
2133 261
2134 4
2135 59
2136 8
2137 129
2138 260
2139 8
2140 90
2141 8
2142 8
2143 129
2144 259
2145 122
2146 8
2147 8
2148 260
2149 200
2150 122
2151 122
2152 8
2153 129
2154 122
2155 260
2156 184
2157 122
2158 90
2159 64
2160 122
2161 122
2162 8
2163 260
2164 209
2165 260
2166 8
2167 198
2168 122
2169 199
2170 31
2171 8
2172 122
2173 8
2174 260
2175 129
2176 122
2177 129
2178 122
2179 8
2180 248
2181 129
2182 8
2183 8
2184 122
2185 122
2186 129
2187 260
2188 122
2189 260
2190 129
2191 122
2192 206
2193 260
2194 122
2195 123
2196 200
2197 260
2198 260
2199 102
2200 261
2201 260
2202 260
2203 199
2204 260
2205 122
2206 122
2207 122
2208 156
2209 129
2210 8
2211 123
2212 129
2213 123
2214 122
2215 129
2216 260
2217 129
2218 8
2219 8
2220 201
2221 8
2222 129
2223 123
2224 122
2225 122
2226 260
2227 122
2228 129
2229 260
2230 129
2231 8
2232 142
2233 23
2234 129
2235 129
2236 283
2237 252
2238 129
2239 123
2240 8
2241 8
2242 122
2243 129
2244 268
2245 21
2246 129
2247 202
2248 260
2249 122
2250 122
2251 122
2252 122
2253 122
2254 122
2255 123
2256 123
2257 122
2258 122
2259 172
2260 297
2261 123
2262 5
2263 8
2264 143
2265 123
2266 122
2267 260
2268 123
2269 203
2270 260
2271 122
2272 123
2273 75
2274 250
2275 8
2276 8
2277 122
2278 260
2279 90
2280 129
2281 122
2282 8
2283 90
2284 8
2285 8
2286 16
2287 129
2288 126
2289 260
2290 207
2291 260
2292 75
2293 240
2294 122
2295 122
2296 119
2297 8
2298 122
2299 8
2300 8
2301 129
2302 260
2303 122
2304 123
2305 249
2306 8
2307 8
2308 80
2309 288
2310 129
2311 122
2312 122
2313 129
2314 8
2315 123
2316 204
2317 302
2318 122
2319 229
2320 129
2321 90
2322 129
2323 122
2324 90
2325 122
2326 205
2327 129
2328 206
2329 122
2330 122
2331 122
2332 122
2333 122
2334 129
2335 8
2336 260
2337 129
2338 207
2339 8
2340 122
2341 260
2342 53
2343 122
2344 122
2345 260
2346 290
2347 122
2348 208
2349 129
2350 8
2351 8
2352 38
2353 129
2354 260
2355 129
2356 8
2357 8
2358 90
2359 129
2360 85
2361 122
2362 122
2363 167
2364 8
2365 260
2366 8
2367 8
2368 260
2369 168
2370 123
2371 129
2372 260
2373 122
2374 129
2375 260
2376 260
2377 122
2378 122
2379 260
2380 35
2381 129
2382 129
2383 45
2384 302
2385 260
2386 72
2387 260
2388 27
2389 90
2390 48
2391 260
2392 234
2393 280
2394 122
2395 122
2396 310
2397 260
2398 105
2399 25
2400 8
2401 122
2402 122
2403 8
2404 122
2405 260
2406 8
2407 260
2408 122
2409 260
2410 260
2411 260
2412 129
2413 8
2414 241
2415 8
2416 260
2417 209
2418 122
2419 122
2420 260
2421 122
2422 206
2423 122
2424 8
2425 8
2426 122
2427 210
2428 123
2429 122
2430 8
2431 131
2432 202
2433 260
2434 274
2435 90
2436 260
2437 3
2438 211
2439 97
2440 8
2441 8
2442 260
2443 122
2444 122
2445 129
2446 122
2447 262
2448 123
2449 129
2450 8
2451 123
2452 212
2453 122
2454 260
2455 260
2456 8
2457 8
2458 213
2459 213
2460 122
2461 122
2462 129
2463 43
2464 122
2465 90
2466 129
2467 260
2468 123
2469 122
2470 214
2471 90
2472 8
2473 122
2474 129
2475 260
2476 129
2477 122
2478 25
2479 260
2480 129
2481 185
2482 185
2483 122
2484 176
2485 8
2486 129
2487 8
2488 122
2489 260
2490 122
2491 215
2492 90
2493 94
2494 8
2495 129
2496 30
2497 122
2498 122
2499 144
2500 129
2501 90
2502 122
2503 260
2504 123
2505 129
2506 8
2507 216
2508 263
2509 129
2510 122
2511 8
2512 123
2513 8
2514 90
2515 8
2516 123
2517 129
2518 260
2519 90
2520 122
2521 122
2522 260
2523 260
2524 232
2525 8
2526 122
2527 260
2528 260
2529 217
2530 122
2531 123
2532 129
2533 123
2534 39
2535 147
2536 199
2537 129
2538 90
2539 122
2540 122
2541 123
2542 122
2543 129
2544 260
2545 129
2546 122
2547 122
2548 122
2549 218
2550 8
2551 260
2552 122
2553 8
2554 8
2555 260
2556 90
2557 247
2558 219
2559 8
2560 260
2561 90
2562 122
2563 122
2564 122
2565 8
2566 123
2567 260
2568 220
2569 90
2570 260
2571 129
2572 260
2573 129
2574 25
2575 8
2576 122
2577 123
2578 27
2579 122
2580 17
2581 90
2582 260
2583 123
2584 122
2585 260
2586 260
2587 221
2588 122
2589 222
2590 123
2591 122
2592 224
2593 122
2594 260
2595 122
2596 129
2597 260
2598 122
2599 122
2600 90
2601 260
2602 260
2603 129
2604 8
2605 122
2606 18
2607 129
2608 260
2609 260
2610 123
2611 122
2612 260
2613 122
2614 89
2615 123
2616 123
2617 129
2618 129
2619 260
2620 129
2621 123
2622 122
2623 123
2624 260
2625 122
2626 123
2627 129
2628 8
2629 223
2630 129
2631 122
2632 224
2633 260
2634 8
2635 260
2636 301
2637 123
2638 8
2639 129
2640 129
2641 122
2642 129
2643 260
2644 122
2645 181
2646 260
2647 122
2648 225
2649 140
2650 8
2651 260
2652 122
2653 8
2654 129
2655 8
2656 123
2657 268
2658 226
2659 129
2660 122
2661 122
2662 123
2663 90
2664 122
2665 122
2666 8
2667 8
2668 260
2669 8
2670 8
2671 274
2672 122
2673 129
2674 8
2675 129
2676 123
2677 129
2678 8
2679 224
2680 303
2681 122
2682 260
2683 122
2684 290
2685 260
2686 260
2687 8
2688 8
2689 123
2690 123
2691 122
2692 122
2693 90
2694 8
2695 92
2696 227
2697 129
2698 122
2699 122
2700 8
2701 260
2702 129
2703 261
2704 129
2705 129
2706 8
2707 129
2708 123
2709 228
2710 260
2711 47
2712 260
2713 260
2714 109
2715 122
2716 252
2717 122
2718 122
2719 122
2720 123
2721 90
2722 122
2723 129
2724 122
2725 122
2726 122
2727 235
2728 90
2729 129
2730 129
2731 260
2732 123
2733 8
2734 8
2735 122
2736 260
2737 90
2738 122
2739 123
2740 123
2741 123
2742 260
2743 90
2744 260
2745 260
2746 122
2747 260
2748 8
2749 8
2750 260
2751 229
2752 35
2753 129
2754 8
2755 260
2756 78
2757 12
2758 241
2759 310
2760 249
2761 8
2762 129
2763 8
2764 101
2765 129
2766 143
2767 230
2768 129
2769 212
2770 122
2771 122
2772 231
2773 8
2774 199
2775 122
2776 232
2777 8
2778 122
2779 122
2780 122
2781 122
2782 8
2783 8
2784 279
2785 233
2786 134
2787 123
2788 8
2789 260
2790 90
2791 57
2792 122
2793 112
2794 8
2795 134
2796 129
2797 122
2798 8
2799 260
2800 122
2801 122
2802 260
2803 129
2804 234
2805 260
2806 122
2807 260
2808 123
2809 260
2810 129
2811 260
2812 129
2813 123
2814 123
2815 123
2816 235
2817 260
2818 223
2819 122
2820 260
2821 122
2822 8
2823 260
2824 236
2825 123
2826 260
2827 122
2828 8
2829 260
2830 63
2831 8
2832 122
2833 123
2834 122
2835 129
2836 129
2837 90
2838 129
2839 122
2840 260
2841 260
2842 260
2843 129
2844 122
2845 90
2846 129
2847 90
2848 249
2849 260
2850 129
2851 122
2852 260
2853 8
2854 260
2855 260
2856 260
2857 123
2858 122
2859 260
2860 237
2861 90
2862 123
2863 304
2864 296
2865 260
2866 122
2867 25
2868 122
2869 122
2870 260
2871 186
2872 260
2873 300
2874 123
2875 185
2876 238
2877 122
2878 129
2879 8
2880 50
2881 123
2882 8
2883 8
2884 57
2885 239
2886 122
2887 260
2888 260
2889 260
2890 122
2891 123
2892 122
2893 8
2894 8
2895 129
2896 129
2897 122
2898 311
2899 122
2900 122
2901 123
2902 134
2903 8
2904 90
2905 90
2906 240
2907 90
2908 122
2909 123
2910 123
2911 122
2912 122
2913 8
2914 8
2915 260
2916 8
2917 8
2918 241
2919 260
2920 8
2921 8
2922 8
2923 122
2924 122
2925 129
2926 129
2927 25
2928 260
2929 242
2930 151
2931 123
2932 122
2933 70
2934 118
2935 25
2936 122
2937 260
2938 123
2939 129
2940 122
2941 129
2942 122
2943 260
2944 123
2945 260
2946 291
2947 122
2948 129
2949 8
2950 266
2951 206
2952 16
2953 90
2954 90
2955 90
2956 290
2957 129
2958 129
2959 243
2960 122
2961 8
2962 122
2963 260
2964 123
2965 244
2966 8
2967 123
2968 129
2969 8
2970 260
2971 123
2972 123
2973 119
2974 260
2975 8
2976 260
2977 8
2978 271
2979 129
2980 8
2981 123
2982 248
2983 123
2984 123
2985 8
2986 140
2987 245
2988 245
2989 8
2990 246
2991 129
2992 8
2993 247
2994 129
2995 129
2996 260
2997 300
2998 122
2999 129
3000 129
3001 123
3002 80
3003 273
3004 129
3005 122
3006 90
3007 129
3008 260
3009 122
3010 18
3011 129
3012 122
3013 90
3014 260
3015 122
3016 122
3017 122
3018 248
3019 260
3020 260
3021 260
3022 260
3023 133
3024 122
3025 260
3026 249
3027 122
3028 122
3029 260
3030 260
3031 129
3032 250
3033 122
3034 260
3035 122
3036 123
3037 243
3038 122
3039 129
3040 219
3041 258
3042 260
3043 122
3044 122
3045 90
3046 8
3047 123
3048 123
3049 261
3050 122
3051 122
3052 251
3053 260
3054 123
3055 129
3056 8
3057 278
3058 259
3059 14
3060 260
3061 251
3062 260
3063 260
3064 260
3065 90
3066 8
3067 90
3068 123
3069 122
3070 260
3071 8
3072 43
3073 8
3074 260
3075 122
3076 122
3077 260
3078 273
3079 129
3080 8
3081 9
3082 122
3083 260
3084 129
3085 260
3086 260
3087 223
3088 123
3089 122
3090 122
3091 8
3092 260
3093 122
3094 122
3095 122
3096 90
3097 122
3098 122
3099 8
3100 122
3101 123
3102 129
3103 123
3104 122
3105 122
3106 122
3107 252
3108 260
3109 122
3110 122
3111 122
3112 260
3113 129
3114 25
3115 122
3116 122
3117 122
3118 122
3119 290
3120 282
3121 8
3122 123
3123 123
3124 129
3125 280
3126 260
3127 123
3128 90
3129 260
3130 122
3131 129
3132 122
3133 122
3134 8
3135 122
3136 122
3137 260
3138 8
3139 90
3140 122
3141 260
3142 66
3143 122
3144 122
3145 8
3146 263
3147 122
3148 0
3149 122
3150 90
3151 8
3152 122
3153 260
3154 8
3155 122
3156 260
3157 122
3158 260
3159 122
3160 66
3161 122
3162 50
3163 8
3164 260
3165 134
3166 260
3167 260
3168 122
3169 8
3170 8
3171 260
3172 123
3173 260
3174 216
3175 8
3176 260
3177 129
3178 122
3179 253
3180 129
3181 254
3182 254
3183 122
3184 260
3185 122
3186 8
3187 8
3188 260
3189 122
3190 267
3191 201
3192 260
3193 8
3194 8
3195 123
3196 209
3197 122
3198 19
3199 122
3200 122
3201 122
3202 122
3203 260
3204 122
3205 8
3206 90
3207 269
3208 260
3209 260
3210 8
3211 8
3212 153
3213 129
3214 260
3215 122
3216 260
3217 122
3218 129
3219 90
3220 8
3221 122
3222 122
3223 87
3224 122
3225 8
3226 122
3227 123
3228 122
3229 122
3230 8
3231 8
3232 8
3233 90
3234 8
3235 122
3236 134
3237 122
3238 8
3239 8
3240 8
3241 165
3242 122
3243 255
3244 255
3245 256
3246 8
3247 122
3248 257
3249 260
3250 260
3251 249
3252 122
3253 185
3254 90
3255 16
3256 122
3257 123
3258 260
3259 8
3260 260
3261 260
3262 89
3263 260
3264 123
3265 122
3266 260
3267 122
3268 122
3269 8
3270 151
3271 123
3272 134
3273 122
3274 129
3275 122
3276 129
3277 122
3278 122
3279 260
3280 260
3281 129
3282 129
3283 122
3284 122
3285 122
3286 260
3287 258
3288 260
3289 122
3290 20
3291 129
3292 260
3293 119
3294 122
3295 175
3296 109
3297 172
3298 8
3299 129
3300 260
3301 122
3302 129
3303 129
3304 122
3305 122
3306 8
3307 122
3308 260
3309 241
3310 122
3311 90
3312 122
3313 189
3314 71
3315 129
3316 260
3317 8
3318 122
3319 264
3320 129
3321 126
3322 260
3323 122
3324 90
3325 129
3326 8
3327 122
3328 260
3329 123
3330 77
3331 129
3332 260
3333 260
3334 260
3335 103
3336 8
3337 122
3338 260
3339 129
3340 261
3341 260
3342 260
3343 122
3344 123
3345 260
3346 122
3347 129
3348 122
3349 129
3350 129
3351 122
3352 129
3353 122
3354 122
3355 129
3356 260
3357 129
3358 260
3359 259
3360 122
3361 8
3362 122
3363 123
3364 122
3365 260
3366 122
3367 122
3368 122
3369 122
3370 122
3371 122
3372 8
3373 260
3374 8
3375 260
3376 8
3377 260
3378 122
3379 255
3380 260
3381 284
3382 178
3383 129
3384 122
3385 260
3386 260
3387 90
3388 90
3389 8
3390 90
3391 129
3392 122
3393 122
3394 260
3395 260
3396 97
3397 260
3398 260
3399 8
3400 90
3401 123
3402 260
3403 280
3404 8
3405 8
3406 8
3407 260
3408 260
3409 180
3410 90
3411 67
3412 122
3413 129
3414 122
3415 260
3416 81
3417 261
3418 90
3419 8
3420 260
3421 260
3422 262
3423 260
3424 8
3425 123
3426 123
3427 8
3428 90
3429 129
3430 8
3431 260
3432 171
3433 129
3434 129
3435 260
3436 260
3437 263
3438 129
3439 122
3440 122
3441 8
3442 8
3443 90
3444 123
3445 8
3446 123
3447 260
3448 129
3449 123
3450 8
3451 129
3452 261
3453 7
3454 260
3455 123
3456 260
3457 129
3458 73
3459 245
3460 264
3461 260
3462 129
3463 123
3464 265
3465 129
3466 231
3467 8
3468 8
3469 123
3470 122
3471 217
3472 258
3473 122
3474 260
3475 8
3476 260
3477 122
3478 8
3479 260
3480 266
3481 54
3482 30
3483 123
3484 123
3485 27
3486 260
3487 129
3488 122
3489 8
3490 123
3491 8
3492 90
3493 122
3494 90
3495 90
3496 129
3497 8
3498 90
3499 267
3500 122
3501 87
3502 260
3503 310
3504 260
3505 8
3506 8
3507 260
3508 123
3509 122
3510 268
3511 260
3512 8
3513 122
3514 122
3515 8
3516 86
3517 249
3518 90
3519 123
3520 8
3521 8
3522 90
3523 90
3524 129
3525 122
3526 8
3527 129
3528 269
3529 8
3530 8
3531 129
3532 122
3533 122
3534 260
3535 260
3536 122
3537 201
3538 123
3539 260
3540 8
3541 129
3542 296
3543 260
3544 122
3545 122
3546 310
3547 129
3548 260
3549 260
3550 8
3551 260
3552 122
3553 199
3554 122
3555 48
3556 304
3557 122
3558 8
3559 260
3560 260
3561 22
3562 260
3563 8
3564 129
3565 8
3566 122
3567 129
3568 8
3569 8
3570 122
3571 260
3572 91
3573 260
3574 123
3575 122
3576 8
3577 8
3578 270
3579 122
3580 260
3581 260
3582 122
3583 111
3584 271
3585 122
3586 123
3587 122
3588 122
3589 260
3590 8
3591 122
3592 122
3593 123
3594 122
3595 260
3596 260
3597 272
3598 260
3599 260
3600 129
3601 8
3602 8
3603 32
3604 122
3605 122
3606 280
3607 260
3608 273
3609 129
3610 16
3611 260
3612 129
3613 274
3614 260
3615 260
3616 260
3617 260
3618 2
3619 122
3620 8
3621 275
3622 260
3623 122
3624 123
3625 270
3626 129
3627 260
3628 260
3629 90
3630 122
3631 129
3632 122
3633 182
3634 90
3635 90
3636 90
3637 86
3638 122
3639 122
3640 260
3641 8
3642 246
3643 192
3644 123
3645 260
3646 123
3647 260
3648 260
3649 122
3650 129
3651 121
3652 122
3653 8
3654 90
3655 227
3656 129
3657 260
3658 122
3659 122
3660 123
3661 271
3662 260
3663 122
3664 129
3665 260
3666 122
3667 260
3668 129
3669 123
3670 129
3671 180
3672 262
3673 220
3674 260
3675 8
3676 8
3677 129
3678 122
3679 119
3680 239
3681 129
3682 8
3683 129
3684 8
3685 90
3686 256
3687 122
3688 129
3689 123
3690 123
3691 129
3692 129
3693 129
3694 8
3695 260
3696 8
3697 129
3698 8
3699 240
3700 260
3701 129
3702 129
3703 122
3704 207
3705 260
3706 122
3707 260
3708 68
3709 8
3710 8
3711 8
3712 260
3713 122
3714 129
3715 90
3716 8
3717 260
3718 195
3719 129
3720 233
3721 90
3722 123
3723 8
3724 30
3725 8
3726 260
3727 8
3728 122
3729 241
3730 249
3731 8
3732 129
3733 122
3734 260
3735 129
3736 129
3737 122
3738 241
3739 260
3740 260
3741 260
3742 129
3743 123
3744 226
3745 122
3746 122
3747 241
3748 8
3749 8
3750 122
3751 8
3752 123
3753 122
3754 260
3755 129
3756 129
3757 8
3758 123
3759 129
3760 260
3761 8
3762 129
3763 90
3764 122
3765 260
3766 8
3767 122
3768 122
3769 122
3770 122
3771 122
3772 8
3773 122
3774 123
3775 8
3776 122
3777 122
3778 148
3779 260
3780 260
3781 260
3782 242
3783 8
3784 122
3785 8
3786 260
3787 8
3788 122
3789 260
3790 25
3791 260
3792 260
3793 260
3794 56
3795 123
3796 260
3797 123
3798 122
3799 58
3800 260
3801 45
3802 122
3803 24
3804 8
3805 260
3806 229
3807 242
3808 129
3809 8
3810 129
3811 8
3812 8
3813 8
3814 146
3815 8
3816 129
3817 169
3818 187
3819 246
3820 260
3821 260
3822 8
3823 129
3824 122
3825 122
3826 123
3827 123
3828 129
3829 122
3830 122
3831 129
3832 90
3833 90
3834 310
3835 129
3836 122
3837 8
3838 129
3839 244
3840 8
3841 129
3842 8
3843 8
3844 122
3845 8
3846 210
3847 122
3848 260
3849 129
3850 142
3851 122
3852 260
3853 122
3854 122
3855 123
3856 123
3857 122
3858 123
3859 8
3860 245
3861 213
3862 90
3863 8
3864 90
3865 260
3866 260
3867 8
3868 129
3869 245
3870 8
3871 136
3872 8
3873 8
3874 129
3875 307
3876 122
3877 260
3878 8
3879 260
3880 123
3881 8
3882 122
3883 260
3884 122
3885 185
3886 8
3887 40
3888 8
3889 260
3890 260
3891 122
3892 90
3893 122
3894 260
3895 122
3896 8
3897 242
3898 90
3899 90
3900 122
3901 8
3902 126
3903 129
3904 260
3905 260
3906 260
3907 260
3908 138
3909 122
3910 293
3911 122
3912 129
3913 260
3914 90
3915 129
3916 294
3917 247
3918 248
3919 248
3920 90
3921 214
3922 238
3923 8
3924 260
3925 129
3926 123
3927 123
3928 219
3929 129
3930 109
3931 114
3932 8
3933 249
3934 90
3935 122
3936 122
3937 71
3938 260
3939 250
3940 122
3941 123
3942 8
3943 5
3944 122
3945 260
3946 251
3947 252
3948 123
3949 260
3950 122
3951 122
3952 260
3953 260
3954 90
3955 8
3956 123
3957 260
3958 129
3959 90
3960 260
3961 8
3962 260
3963 260
3964 260
3965 8
3966 129
3967 260
3968 122
3969 260
3970 25
3971 260
3972 260
3973 90
3974 284
3975 260
3976 90
3977 129
3978 123
3979 129
3980 122
3981 8
3982 260
3983 260
3984 8
3985 260
3986 122
3987 129
3988 123
3989 122
3990 122
3991 260
3992 241
3993 123
3994 260
3995 129
3996 111
3997 307
3998 260
3999 122
4000 239
4001 129
4002 122
4003 123
4004 260
4005 122
4006 304
4007 122
4008 123
4009 260
4010 260
4011 214
4012 260
4013 260
4014 90
4015 122
4016 253
4017 122
4018 122
4019 8
4020 67
4021 134
4022 122
4023 8
4024 122
4025 8
4026 260
4027 8
4028 260
4029 8
4030 129
4031 122
4032 122
4033 122
4034 123
4035 122
4036 129
4037 260
4038 260
4039 262
4040 122
4041 257
4042 129
4043 260
4044 122
4045 123
4046 8
4047 122
4048 122
4049 260
4050 8
4051 274
4052 260
4053 260
4054 129
4055 122
4056 122
4057 122
4058 122
4059 129
4060 260
4061 122
4062 122
4063 8
4064 254
4065 260
4066 206
4067 90
4068 122
4069 103
4070 129
4071 8
4072 8
4073 123
4074 260
4075 260
4076 122
4077 122
4078 51
4079 260
4080 8
4081 8
4082 260
4083 201
4084 129
4085 122
4086 129
4087 25
4088 260
4089 129
4090 122
4091 122
4092 122
4093 122
4094 123
4095 8
4096 90
4097 132
4098 123
4099 8
4100 123
4101 171
4102 95
4103 8
4104 122
4105 290
4106 258
4107 129
4108 122
4109 122
4110 235
4111 90
4112 122
4113 8
4114 259
4115 260
4116 260
4117 143
4118 260
4119 259
4120 90
4121 260
4122 8
4123 106
4124 122
4125 122
4126 122
4127 122
4128 260
4129 129
4130 123
4131 8
4132 122
4133 122
4134 8
4135 122
4136 123
4137 123
4138 122
4139 123
4140 129
4141 260
4142 129
4143 260
4144 129
4145 122
4146 260
4147 260
4148 260
4149 260
4150 8
4151 261
4152 122
4153 129
4154 123
4155 123
4156 90
4157 90
4158 129
4159 260
4160 8
4161 129
4162 260
4163 8
4164 8
4165 122
4166 122
4167 260
4168 123
4169 123
4170 122
4171 8
4172 260
4173 262
4174 260
4175 123
4176 122
4177 123
4178 260
4179 129
4180 8
4181 260
4182 300
4183 260
4184 8
4185 205
4186 122
4187 122
4188 122
4189 14
4190 260
4191 260
4192 8
4193 8
4194 8
4195 8
4196 129
4197 251
4198 120
4199 194
4200 122
4201 263
4202 122
4203 34
4204 122
4205 123
4206 8
4207 129
4208 260
4209 17
4210 260
4211 260
4212 260
4213 122
4214 260
4215 179
4216 8
4217 260
4218 264
4219 223
4220 123
4221 8
4222 129
4223 221
4224 260
4225 8
4226 260
4227 44
4228 8
4229 123
4230 129
4231 119
4232 122
4233 260
4234 8
4235 107
4236 284
4237 8
4238 150
4239 8
4240 25
4241 123
4242 260
4243 260
4244 8
4245 260
4246 260
4247 8
4248 260
4249 129
4250 260
4251 8
4252 8
4253 122
4254 31
4255 8
4256 123
4257 122
4258 260
4259 8
4260 129
4261 8
4262 90
4263 122
4264 122
4265 260
4266 102
4267 260
4268 90
4269 8
4270 85
4271 8
4272 46
4273 8
4274 129
4275 129
4276 122
4277 8
4278 265
4279 122
4280 236
4281 122
4282 129
4283 159
4284 122
4285 260
4286 8
4287 266
4288 259
4289 85
4290 85
4291 261
4292 123
4293 129
4294 260
4295 123
4296 8
4297 90
4298 122
4299 260
4300 195
4301 122
4302 206
4303 122
4304 6
4305 8
4306 267
4307 90
4308 8
4309 122
4310 122
4311 122
4312 122
4313 122
4314 122
4315 122
4316 129
4317 260
4318 122
4319 122
4320 122
4321 123
4322 129
4323 122
4324 267
4325 267
4326 268
4327 38
4328 129
4329 8
4330 129
4331 90
4332 123
4333 122
4334 260
4335 122
4336 8
4337 122
4338 260
4339 260
4340 13
4341 122
4342 90
4343 8
4344 129
4345 129
4346 274
4347 129
4348 240
4349 122
4350 122
4351 260
4352 122
4353 8
4354 277
4355 90
4356 260
4357 8
4358 123
4359 129
4360 122
4361 90
4362 122
4363 90
4364 123
4365 122
4366 123
4367 90
4368 268
4369 8
4370 260
4371 217
4372 8
4373 8
4374 123
4375 129
4376 274
4377 122
4378 304
4379 123
4380 8
4381 260
4382 122
4383 129
4384 8
4385 260
4386 122
4387 260
4388 122
4389 129
4390 260
4391 129
4392 122
4393 122
4394 66
4395 250
4396 123
4397 8
4398 122
4399 260
4400 268
4401 8
4402 123
4403 25
4404 260
4405 8
4406 8
4407 122
4408 134
4409 8
4410 29
4411 123
4412 260
4413 123
4414 8
4415 260
4416 8
4417 122
4418 129
4419 260
4420 123
4421 122
4422 122
4423 270
4424 122
4425 122
4426 123
4427 122
4428 244
4429 122
4430 270
4431 8
4432 129
4433 122
4434 260
4435 129
4436 129
4437 129
4438 260
4439 129
4440 260
4441 123
4442 260
4443 122
4444 260
4445 129
4446 260
4447 260
4448 271
4449 260
4450 90
4451 260
4452 129
4453 129
4454 8
4455 122
4456 122
4457 122
4458 129
4459 90
4460 249
4461 123
4462 122
4463 122
4464 123
4465 122
4466 90
4467 129
4468 8
4469 8
4470 260
4471 89
4472 122
4473 8
4474 8
4475 260
4476 123
4477 273
4478 260
4479 8
4480 123
4481 129
4482 129
4483 274
4484 254
4485 274
4486 151
4487 134
4488 8
4489 8
4490 274
4491 90
4492 129
4493 123
4494 260
4495 122
4496 8
4497 123
4498 122
4499 275
4500 123
4501 126
4502 129
4503 260
4504 8
4505 122
4506 211
4507 90
4508 260
4509 134
4510 8
4511 59
4512 260
4513 275
4514 8
4515 122
4516 122
4517 129
4518 8
4519 8
4520 123
4521 122
4522 8
4523 90
4524 260
4525 260
4526 123
4527 90
4528 260
4529 90
4530 8
4531 129
4532 123
4533 8
4534 90
4535 260
4536 123
4537 8
4538 129
4539 129
4540 122
4541 260
4542 122
4543 277
4544 90
4545 123
4546 122
4547 260
4548 129
4549 122
4550 260
4551 123
4552 122
4553 278
4554 122
4555 122
4556 8
4557 268
4558 268
4559 122
4560 260
4561 260
4562 122
4563 122
4564 8
4565 279
4566 102
4567 90
4568 129
4569 260
4570 8
4571 260
4572 8
4573 8
4574 122
4575 280
4576 123
4577 129
4578 129
4579 123
4580 122
4581 8
4582 260
4583 122
4584 122
4585 122
4586 122
4587 233
4588 122
4589 104
4590 122
4591 8
4592 8
4593 122
4594 8
4595 123
4596 260
4597 8
4598 129
4599 8
4600 122
4601 123
4602 122
4603 281
4604 8
4605 122
4606 129
4607 8
4608 260
4609 122
4610 7
4611 239
4612 122
4613 122
4614 282
4615 122
4616 122
4617 260
4618 136
4619 122
4620 122
4621 122
4622 268
4623 260
4624 212
4625 90
4626 206
4627 122
4628 122
4629 8
4630 122
4631 8
4632 260
4633 308
4634 214
4635 122
4636 260
4637 61
4638 122
4639 122
4640 8
4641 260
4642 122
4643 122
4644 260
4645 129
4646 260
4647 123
4648 123
4649 122
4650 260
4651 8
4652 129
4653 35
4654 283
4655 90
4656 260
4657 223
4658 280
4659 265
4660 260
4661 122
4662 227
4663 260
4664 284
4665 90
4666 122
4667 129
4668 260
4669 26
4670 90
4671 129
4672 260
4673 260
4674 122
4675 260
4676 122
4677 122
4678 123
4679 129
4680 122
4681 260
4682 260
4683 8
4684 8
4685 122
4686 260
4687 122
4688 129
4689 260
4690 129
4691 129
4692 260
4693 122
4694 123
4695 8
4696 122
4697 123
4698 122
4699 122
4700 260
4701 260
4702 286
4703 129
4704 129
4705 8
4706 260
4707 129
4708 151
4709 122
4710 129
4711 122
4712 129
4713 260
4714 304
4715 8
4716 8
4717 287
4718 123
4719 206
4720 122
4721 8
4722 129
4723 289
4724 122
4725 123
4726 122
4727 123
4728 8
4729 122
4730 122
4731 122
4732 122
4733 122
4734 260
4735 129
4736 249
4737 122
4738 214
4739 214
4740 260
4741 129
4742 123
4743 260
4744 123
4745 8
4746 122
4747 122
4748 288
4749 8
4750 123
4751 122
4752 90
4753 129
4754 119
4755 123
4756 289
4757 122
4758 122
4759 290
4760 8
4761 260
4762 260
4763 260
4764 8
4765 248
4766 260
4767 8
4768 90
4769 290
4770 90
4771 129
4772 8
4773 260
4774 8
4775 90
4776 122
4777 8
4778 260
4779 123
4780 20
4781 122
4782 291
4783 244
4784 129
4785 90
4786 292
4787 122
4788 293
4789 129
4790 129
4791 122
4792 122
4793 122
4794 84
4795 293
4796 8
4797 8
4798 122
4799 297
4800 260
4801 8
4802 260
4803 122
4804 129
4805 8
4806 260
4807 110
4808 122
4809 122
4810 8
4811 123
4812 8
4813 122
4814 8
4815 122
4816 183
4817 8
4818 122
4819 260
4820 129
4821 122
4822 260
4823 261
4824 122
4825 90
4826 260
4827 294
4828 260
4829 260
4830 8
4831 122
4832 122
4833 122
4834 122
4835 123
4836 129
4837 122
4838 8
4839 122
4840 8
4841 123
4842 90
4843 260
4844 129
4845 90
4846 260
4847 129
4848 296
4849 138
4850 122
4851 79
4852 122
4853 157
4854 123
4855 260
4856 300
4857 296
4858 8
4859 66
4860 123
4861 268
4862 260
4863 129
4864 260
4865 62
4866 260
4867 129
4868 30
4869 8
4870 88
4871 260
4872 260
4873 8
4874 297
4875 122
4876 64
4877 63
4878 90
4879 122
4880 260
4881 249
4882 260
4883 123
4884 260
4885 123
4886 123
4887 122
4888 263
4889 129
4890 260
4891 90
4892 129
4893 123
4894 260
4895 129
4896 129
4897 122
4898 260
4899 122
4900 297
4901 90
4902 260
4903 123
4904 204
4905 44
4906 154
4907 129
4908 122
4909 8
4910 260
4911 90
4912 8
4913 8
4914 260
4915 122
4916 129
4917 299
4918 129
4919 8
4920 260
4921 300
4922 122
4923 122
4924 122
4925 129
4926 8
4927 129
4928 8
4929 55
4930 129
4931 67
4932 260
4933 260
4934 8
4935 260
4936 260
4937 8
4938 300
4939 8
4940 8
4941 129
4942 260
4943 8
4944 129
4945 90
4946 122
4947 8
4948 253
4949 260
4950 280
4951 128
4952 90
4953 260
4954 260
4955 122
4956 8
4957 8
4958 178
4959 260
4960 300
4961 8
4962 260
4963 260
4964 123
4965 284
4966 101
4967 260
4968 260
4969 260
4970 8
4971 114
4972 260
4973 274
4974 260
4975 129
4976 260
4977 129
4978 122
4979 122
4980 122
4981 82
4982 260
4983 8
4984 197
4985 129
4986 260
4987 122
4988 260
4989 8
4990 122
4991 129
4992 8
4993 191
4994 123
4995 300
4996 8
4997 123
4998 260
4999 122
5000 260
5001 123
5002 170
5003 8
5004 123
5005 25
5006 8
5007 8
5008 122
5009 301
5010 217
5011 260
5012 236
5013 244
5014 260
5015 242
5016 129
5017 122
5018 129
5019 123
5020 260
5021 90
5022 260
5023 260
5024 129
5025 122
5026 123
5027 8
5028 123
5029 123
5030 302
5031 8
5032 260
5033 8
5034 123
5035 260
5036 254
5037 122
5038 8
5039 302
5040 120
5041 260
5042 123
5043 122
5044 90
5045 122
5046 122
5047 123
5048 8
5049 30
5050 123
5051 122
5052 8
5053 129
5054 260
5055 122
5056 8
5057 260
5058 123
5059 90
5060 123
5061 8
5062 260
5063 90
5064 303
5065 123
5066 260
5067 8
5068 122
5069 8
5070 122
5071 260
5072 260
5073 123
5074 129
5075 8
5076 260
5077 111
5078 252
5079 129
5080 123
5081 304
5082 8
5083 188
5084 129
5085 304
5086 8
5087 306
5088 307
5089 76
5090 306
5091 122
5092 260
5093 122
5094 242
5095 129
5096 129
5097 8
5098 8
5099 307
5100 241
5101 260
5102 260
5103 122
5104 122
5105 260
5106 122
5107 122
5108 122
5109 122
5110 122
5111 122
5112 122
5113 191
5114 200
5115 122
5116 122
5117 122
5118 129
5119 260
5120 268
5121 122
5122 261
5123 261
5124 122
5125 8
5126 308
5127 8
5128 129
5129 129
5130 122
5131 122
5132 265
5133 129
5134 93
5135 167
5136 260
5137 8
5138 10
5139 308
5140 122
5141 129
5142 122
5143 260
5144 122
5145 129
5146 122
5147 122
5148 122
5149 122
5150 122
5151 260
5152 129
5153 260
5154 122
5155 129
5156 8
5157 260
5158 122
5159 301
5160 309
5161 260
5162 122
5163 129
5164 260
5165 129
5166 122
5167 260
5168 260
5169 8
5170 129
5171 90
5172 260
5173 8
5174 90
5175 260
5176 122
5177 129
5178 123
5179 122
5180 260
5181 260
5182 129
5183 260
5184 260
5185 310
5186 310
5187 123
5188 90
5189 311
5190 8
5191 8
5192 129
5193 129
5194 260
5195 260
5196 129
5197 260
5198 261
5199 260
5200 307
5201 122
5202 260
5203 83
5204 123
5205 122
5206 8
5207 122
5208 122
5209 307
5210 123
5211 122
5212 122
5213 122
5214 123
5215 8
5216 85
5217 260
5218 123
5219 260
5220 260
5221 122
5222 260
5223 90
5224 122
5225 129
5226 122
5227 122
5228 122
5229 122
5230 122
5231 122
5232 260
5233 122
5234 246
5235 129
5236 122
5237 159
5238 122
5239 122
5240 8
