303
0 114
1 91
2 49
3 114
4 302
5 101
6 49
7 101
8 121
9 114
10 294
11 84
12 114
13 114
14 238
15 118
16 84
17 84
18 43
19 101
20 284
21 84
22 49
23 84
24 84
25 112
26 114
27 114
28 49
29 49
30 7
31 84
32 269
33 7
34 7
35 101
36 49
37 7
38 84
39 7
40 7
41 7
42 84
43 49
44 0
45 100
46 84
47 7
48 158
49 1
50 100
51 43
52 7
53 7
54 7
55 7
56 49
57 49
58 49
59 100
60 2
61 7
62 49
63 77
64 100
65 7
66 101
67 91
68 7
69 262
70 7
71 49
72 7
73 100
74 7
75 101
76 114
77 49
78 49
79 49
80 7
81 114
82 114
83 7
84 3
85 112
86 112
87 91
88 91
89 91
90 49
91 9
92 84
93 100
94 49
95 7
96 7
97 4
98 84
99 84
100 38
101 84
102 49
103 84
104 101
105 112
106 239
107 31
108 84
109 84
110 101
111 49
112 5
113 84
114 49
115 49
116 49
117 91
118 114
119 113
120 6
121 49
122 101
123 101
124 49
125 7
126 250
127 84
128 7
129 100
130 100
131 7
132 100
133 84
134 231
135 101
136 49
137 49
138 7
139 114
140 84
141 7
142 49
143 91
144 84
145 84
146 7
147 114
148 7
149 297
150 7
151 91
152 114
153 134
154 91
155 277
156 7
157 7
158 7
159 84
160 100
161 91
162 49
163 258
164 43
165 91
166 38
167 7
168 49
169 84
170 7
171 101
172 101
173 299
174 49
175 43
176 100
177 114
178 114
179 114
180 91
181 7
182 7
183 84
184 7
185 49
186 91
187 107
188 112
189 112
190 7
191 7
192 7
193 49
194 49
195 114
196 112
197 84
198 7
199 8
200 259
201 7
202 7
203 91
204 49
205 84
206 91
207 91
208 7
209 49
210 91
211 84
212 49
213 100
214 78
215 7
216 7
217 7
218 114
219 101
220 7
221 49
222 84
223 49
224 84
225 62
226 38
227 7
228 9
229 7
230 84
231 100
232 271
233 7
234 66
235 49
236 100
237 49
238 277
239 7
240 284
241 7
242 84
243 114
244 84
245 49
246 38
247 84
248 49
249 49
250 49
251 49
252 100
253 7
254 7
255 7
256 114
257 7
258 49
259 49
260 84
261 7
262 101
263 49
264 49
265 7
266 112
267 10
268 7
269 49
270 274
271 11
272 12
273 49
274 49
275 49
276 49
277 49
278 49
279 49
280 7
281 84
282 201
283 49
284 84
285 43
286 49
287 49
288 114
289 49
290 7
291 269
292 41
293 43
294 43
295 7
296 100
297 101
298 49
299 91
300 43
301 49
302 91
303 91
304 13
305 91
306 49
307 49
308 91
309 49
310 91
311 7
312 7
313 49
314 101
315 91
316 101
317 101
318 84
319 7
320 14
321 7
322 49
323 114
324 49
325 84
326 15
327 114
328 84
329 100
330 16
331 49
332 290
333 7
334 7
335 253
336 91
337 112
338 7
339 27
340 27
341 49
342 27
343 91
344 7
345 49
346 84
347 101
348 7
349 43
350 7
351 7
352 84
353 91
354 7
355 114
356 100
357 242
358 84
359 49
360 84
361 49
362 7
363 84
364 7
365 49
366 142
367 101
368 101
369 101
370 101
371 7
372 49
373 7
374 100
375 100
376 49
377 91
378 49
379 124
380 17
381 18
382 49
383 100
384 49
385 7
386 7
387 19
388 114
389 7
390 49
391 84
392 112
393 101
394 84
395 20
396 49
397 21
398 101
399 91
400 49
401 49
402 84
403 114
404 84
405 112
406 84
407 84
408 100
409 77
410 49
411 49
412 91
413 49
414 114
415 101
416 100
417 7
418 49
419 143
420 91
421 7
422 22
423 49
424 112
425 282
426 91
427 101
428 101
429 100
430 101
431 7
432 91
433 114
434 100
435 114
436 84
437 84
438 7
439 7
440 49
441 84
442 7
443 7
444 49
445 91
446 91
447 84
448 84
449 7
450 84
451 49
452 100
453 49
454 91
455 49
456 84
457 49
458 23
459 91
460 38
461 91
462 100
463 24
464 49
465 49
466 114
467 84
468 100
469 100
470 49
471 84
472 49
473 7
474 112
475 7
476 112
477 38
478 84
479 84
480 7
481 49
482 91
483 114
484 84
485 114
486 25
487 91
488 49
489 91
490 49
491 84
492 49
493 297
494 91
495 49
496 91
497 114
498 112
499 84
500 91
501 281
502 138
503 100
504 60
505 7
506 84
507 7
508 7
509 112
510 100
511 49
512 7
513 84
514 84
515 91
516 49
517 49
518 7
519 43
520 7
521 91
522 49
523 114
524 127
525 114
526 49
527 100
528 2
529 91
530 84
531 91
532 101
533 84
534 112
535 112
536 7
537 91
538 49
539 49
540 7
541 114
542 7
543 7
544 7
545 7
546 49
547 7
548 49
549 49
550 49
551 7
552 7
553 7
554 91
555 49
556 38
557 91
558 84
559 114
560 91
561 43
562 7
563 49
564 100
565 7
566 49
567 49
568 7
569 100
570 7
571 112
572 7
573 49
574 100
575 84
576 286
577 91
578 7
579 49
580 26
581 114
582 49
583 84
584 49
585 291
586 49
587 7
588 7
589 84
590 7
591 84
592 84
593 91
594 91
595 27
596 100
597 7
598 43
599 7
600 49
601 7
602 49
603 101
604 49
605 91
606 49
607 7
608 84
609 101
610 7
611 91
612 49
613 49
614 28
615 7
616 7
617 101
618 91
619 51
620 101
621 38
622 100
623 114
624 101
625 43
626 29
627 7
628 101
629 297
630 77
631 77
632 49
633 100
634 30
635 49
636 7
637 91
638 49
639 49
640 49
641 84
642 7
643 7
644 100
645 38
646 84
647 91
648 7
649 7
650 101
651 49
652 84
653 7
654 7
655 31
656 100
657 49
658 49
659 7
660 290
661 84
662 114
663 7
664 115
665 91
666 7
667 7
668 7
669 7
670 7
671 7
672 7
673 7
674 91
675 49
676 101
677 49
678 84
679 112
680 7
681 91
682 100
683 49
684 49
685 49
686 49
687 7
688 84
689 7
690 7
691 100
692 91
693 84
694 84
695 17
696 290
697 290
698 91
699 91
700 43
701 84
702 31
703 84
704 49
705 84
706 7
707 114
708 49
709 100
710 7
711 49
712 7
713 269
714 7
715 7
716 91
717 49
718 49
719 238
720 38
721 7
722 295
723 100
724 49
725 7
726 49
727 49
728 49
729 7
730 7
731 247
732 49
733 32
734 84
735 49
736 101
737 49
738 100
739 49
740 49
741 7
742 7
743 91
744 77
745 49
746 49
747 197
748 7
749 7
750 7
751 49
752 112
753 7
754 100
755 7
756 7
757 49
758 100
759 100
760 114
761 23
762 7
763 49
764 49
765 7
766 7
767 7
768 7
769 49
770 49
771 100
772 7
773 84
774 49
775 7
776 49
777 84
778 49
779 49
780 101
781 49
782 84
783 84
784 49
785 7
786 7
787 290
788 114
789 49
790 281
791 100
792 49
793 100
794 101
795 84
796 7
797 49
798 49
799 7
800 294
801 49
802 91
803 84
804 168
805 84
806 49
807 7
808 49
809 49
810 33
811 84
812 34
813 91
814 7
815 114
816 49
817 49
818 100
819 77
820 114
821 91
822 49
823 49
824 49
825 49
826 84
827 7
828 49
829 35
830 84
831 7
832 114
833 91
834 273
835 37
836 7
837 223
838 38
839 7
840 112
841 7
842 7
843 192
844 7
845 130
846 49
847 248
848 101
849 7
850 84
851 101
852 100
853 240
854 7
855 49
856 43
857 49
858 39
859 49
860 100
861 49
862 77
863 100
864 100
865 49
866 7
867 7
868 100
869 49
870 7
871 49
872 7
873 114
874 91
875 49
876 49
877 114
878 101
879 40
880 91
881 114
882 100
883 152
884 43
885 84
886 114
887 100
888 7
889 7
890 100
891 100
892 114
893 114
894 7
895 7
896 67
897 114
898 7
899 77
900 7
901 49
902 53
903 49
904 100
905 49
906 91
907 84
908 49
909 7
910 49
911 49
912 7
913 84
914 84
915 100
916 38
917 100
918 91
919 114
920 100
921 114
922 7
923 84
924 112
925 49
926 114
927 91
928 7
929 49
930 114
931 43
932 91
933 41
934 84
935 49
936 49
937 101
938 84
939 77
940 114
941 91
942 91
943 7
944 84
945 42
946 100
947 49
948 84
949 77
950 7
951 7
952 100
953 112
954 91
955 7
956 7
957 100
958 7
959 43
960 114
961 84
962 95
963 31
964 101
965 43
966 7
967 49
968 290
969 49
970 84
971 7
972 49
973 91
974 49
975 84
976 49
977 91
978 112
979 100
980 84
981 84
982 100
983 91
984 100
985 49
986 44
987 49
988 45
989 43
990 46
991 47
992 91
993 271
994 91
995 7
996 84
997 49
998 48
999 100
1000 43
1001 91
1002 84
1003 7
1004 91
1005 114
1006 100
1007 49
1008 7
1009 84
1010 114
1011 114
1012 7
1013 114
1014 49
1015 91
1016 38
1017 7
1018 91
1019 91
1020 49
1021 171
1022 123
1023 49
1024 49
1025 84
1026 49
1027 49
1028 50
1029 7
1030 38
1031 49
1032 168
1033 7
1034 100
1035 91
1036 51
1037 91
1038 101
1039 7
1040 7
1041 7
1042 49
1043 100
1044 84
1045 84
1046 49
1047 52
1048 43
1049 114
1050 49
1051 84
1052 114
1053 49
1054 7
1055 49
1056 7
1057 100
1058 84
1059 84
1060 7
1061 49
1062 27
1063 43
1064 7
1065 53
1066 49
1067 54
1068 84
1069 7
1070 114
1071 49
1072 100
1073 7
1074 55
1075 100
1076 112
1077 49
1078 48
1079 114
1080 56
1081 7
1082 100
1083 7
1084 7
1085 100
1086 91
1087 16
1088 49
1089 43
1090 114
1091 7
1092 100
1093 114
1094 43
1095 49
1096 84
1097 7
1098 84
1099 7
1100 101
1101 256
1102 84
1103 43
1104 91
1105 91
1106 49
1107 91
1108 91
1109 49
1110 7
1111 100
1112 114
1113 49
1114 168
1115 100
1116 57
1117 84
1118 49
1119 49
1120 84
1121 114
1122 49
1123 114
1124 58
1125 59
1126 7
1127 100
1128 38
1129 84
1130 112
1131 91
1132 7
1133 84
1134 100
1135 114
1136 91
1137 43
1138 153
1139 60
1140 7
1141 91
1142 84
1143 114
1144 49
1145 84
1146 61
1147 49
1148 43
1149 100
1150 91
1151 114
1152 38
1153 62
1154 7
1155 91
1156 84
1157 49
1158 38
1159 49
1160 49
1161 49
1162 100
1163 7
1164 38
1165 100
1166 63
1167 205
1168 49
1169 7
1170 84
1171 239
1172 295
1173 49
1174 7
1175 7
1176 112
1177 49
1178 114
1179 91
1180 7
1181 7
1182 49
1183 49
1184 64
1185 84
1186 49
1187 7
1188 65
1189 91
1190 49
1191 7
1192 91
1193 91
1194 3
1195 49
1196 91
1197 112
1198 91
1199 7
1200 7
1201 66
1202 7
1203 91
1204 49
1205 84
1206 49
1207 112
1208 91
1209 49
1210 49
1211 112
1212 245
1213 49
1214 49
1215 7
1216 100
1217 49
1218 114
1219 91
1220 84
1221 7
1222 100
1223 49
1224 7
1225 49
1226 7
1227 49
1228 49
1229 112
1230 49
1231 91
1232 67
1233 91
1234 49
1235 84
1236 84
1237 100
1238 84
1239 49
1240 258
1241 49
1242 7
1243 112
1244 91
1245 49
1246 7
1247 7
1248 68
1249 114
1250 114
1251 91
1252 7
1253 38
1254 7
1255 101
1256 84
1257 7
1258 84
1259 43
1260 100
1261 91
1262 91
1263 100
1264 7
1265 49
1266 49
1267 168
1268 38
1269 168
1270 7
1271 7
1272 49
1273 7
1274 7
1275 7
1276 7
1277 7
1278 100
1279 7
1280 7
1281 84
1282 112
1283 112
1284 7
1285 100
1286 49
1287 91
1288 297
1289 69
1290 7
1291 49
1292 100
1293 7
1294 7
1295 49
1296 91
1297 84
1298 49
1299 84
1300 7
1301 84
1302 70
1303 91
1304 91
1305 91
1306 168
1307 114
1308 101
1309 91
1310 84
1311 7
1312 84
1313 71
1314 112
1315 84
1316 38
1317 7
1318 7
1319 279
1320 49
1321 168
1322 112
1323 91
1324 7
1325 49
1326 49
1327 101
1328 7
1329 72
1330 112
1331 112
1332 238
1333 38
1334 7
1335 84
1336 49
1337 91
1338 7
1339 49
1340 49
1341 91
1342 84
1343 84
1344 7
1345 49
1346 73
1347 84
1348 290
1349 49
1350 7
1351 114
1352 49
1353 84
1354 49
1355 49
1356 7
1357 43
1358 7
1359 7
1360 49
1361 84
1362 7
1363 49
1364 49
1365 49
1366 84
1367 43
1368 49
1369 49
1370 49
1371 84
1372 114
1373 114
1374 49
1375 7
1376 49
1377 49
1378 7
1379 49
1380 91
1381 49
1382 49
1383 256
1384 49
1385 7
1386 84
1387 74
1388 49
1389 75
1390 112
1391 7
1392 84
1393 49
1394 49
1395 100
1396 49
1397 49
1398 84
1399 247
1400 84
1401 58
1402 7
1403 49
1404 114
1405 84
1406 49
1407 49
1408 7
1409 100
1410 49
1411 7
1412 7
1413 38
1414 114
1415 114
1416 100
1417 7
1418 7
1419 112
1420 84
1421 49
1422 100
1423 7
1424 91
1425 100
1426 91
1427 7
1428 49
1429 49
1430 7
1431 43
1432 7
1433 91
1434 114
1435 91
1436 49
1437 267
1438 7
1439 49
1440 49
1441 43
1442 7
1443 91
1444 209
1445 43
1446 49
1447 100
1448 7
1449 100
1450 238
1451 112
1452 91
1453 43
1454 91
1455 7
1456 100
1457 91
1458 84
1459 49
1460 84
1461 84
1462 84
1463 49
1464 7
1465 84
1466 49
1467 84
1468 264
1469 7
1470 84
1471 49
1472 49
1473 84
1474 49
1475 49
1476 252
1477 7
1478 77
1479 43
1480 114
1481 91
1482 100
1483 7
1484 114
1485 84
1486 7
1487 257
1488 114
1489 49
1490 49
1491 49
1492 49
1493 7
1494 76
1495 101
1496 84
1497 84
1498 7
1499 84
1500 38
1501 84
1502 114
1503 7
1504 7
1505 7
1506 7
1507 7
1508 84
1509 84
1510 7
1511 7
1512 101
1513 84
1514 35
1515 282
1516 84
1517 84
1518 245
1519 43
1520 114
1521 175
1522 7
1523 67
1524 67
1525 114
1526 77
1527 79
1528 154
1529 49
1530 7
1531 7
1532 91
1533 49
1534 7
1535 7
1536 7
1537 91
1538 49
1539 148
1540 84
1541 49
1542 77
1543 7
1544 49
1545 84
1546 7
1547 91
1548 52
1549 49
1550 100
1551 77
1552 38
1553 272
1554 7
1555 7
1556 91
1557 84
1558 100
1559 7
1560 7
1561 100
1562 7
1563 100
1564 7
1565 43
1566 7
1567 49
1568 49
1569 101
1570 100
1571 38
1572 38
1573 84
1574 100
1575 7
1576 301
1577 172
1578 200
1579 61
1580 7
1581 84
1582 38
1583 114
1584 49
1585 7
1586 112
1587 7
1588 49
1589 112
1590 84
1591 49
1592 7
1593 35
1594 100
1595 7
1596 7
1597 7
1598 84
1599 100
1600 49
1601 78
1602 91
1603 7
1604 101
1605 56
1606 7
1607 49
1608 84
1609 7
1610 7
1611 91
1612 7
1613 49
1614 7
1615 49
1616 43
1617 91
1618 100
1619 49
1620 100
1621 49
1622 14
1623 49
1624 7
1625 84
1626 7
1627 7
1628 79
1629 49
1630 49
1631 114
1632 7
1633 114
1634 84
1635 114
1636 112
1637 114
1638 91
1639 91
1640 91
1641 112
1642 101
1643 7
1644 80
1645 49
1646 114
1647 114
1648 288
1649 91
1650 49
1651 84
1652 7
1653 49
1654 100
1655 7
1656 7
1657 91
1658 100
1659 112
1660 7
1661 49
1662 84
1663 100
1664 84
1665 84
1666 49
1667 7
1668 81
1669 114
1670 84
1671 49
1672 49
1673 49
1674 100
1675 82
1676 77
1677 83
1678 7
1679 114
1680 43
1681 49
1682 43
1683 49
1684 268
1685 112
1686 100
1687 292
1688 91
1689 114
1690 7
1691 91
1692 84
1693 91
1694 91
1695 49
1696 7
1697 84
1698 114
1699 7
1700 101
1701 49
1702 49
1703 91
1704 7
1705 84
1706 49
1707 7
1708 91
1709 49
1710 7
1711 49
1712 49
1713 7
1714 30
1715 49
1716 100
1717 7
1718 91
1719 114
1720 7
1721 84
1722 49
1723 49
1724 7
1725 84
1726 219
1727 84
1728 63
1729 49
1730 49
1731 84
1732 84
1733 49
1734 84
1735 112
1736 43
1737 7
1738 91
1739 101
1740 7
1741 49
1742 49
1743 100
1744 101
1745 7
1746 49
1747 43
1748 84
1749 7
1750 100
1751 114
1752 30
1753 84
1754 85
1755 49
1756 7
1757 84
1758 114
1759 86
1760 49
1761 84
1762 7
1763 49
1764 100
1765 232
1766 100
1767 7
1768 7
1769 114
1770 299
1771 7
1772 91
1773 87
1774 279
1775 7
1776 214
1777 91
1778 49
1779 49
1780 49
1781 49
1782 49
1783 49
1784 84
1785 7
1786 101
1787 49
1788 88
1789 88
1790 49
1791 49
1792 100
1793 100
1794 49
1795 49
1796 84
1797 49
1798 49
1799 101
1800 114
1801 84
1802 7
1803 49
1804 7
1805 114
1806 7
1807 100
1808 43
1809 49
1810 84
1811 7
1812 84
1813 5
1814 112
1815 91
1816 84
1817 84
1818 49
1819 7
1820 49
1821 91
1822 7
1823 49
1824 7
1825 100
1826 49
1827 49
1828 7
1829 84
1830 112
1831 101
1832 43
1833 114
1834 84
1835 22
1836 84
1837 101
1838 114
1839 84
1840 49
1841 77
1842 49
1843 84
1844 49
1845 49
1846 84
1847 7
1848 7
1849 91
1850 49
1851 49
1852 89
1853 114
1854 237
1855 91
1856 7
1857 49
1858 7
1859 49
1860 7
1861 38
1862 90
1863 90
1864 114
1865 91
1866 7
1867 7
1868 49
1869 112
1870 38
1871 49
1872 91
1873 100
1874 101
1875 101
1876 91
1877 49
1878 7
1879 49
1880 91
1881 43
1882 49
1883 91
1884 7
1885 114
1886 114
1887 7
1888 7
1889 84
1890 91
1891 100
1892 49
1893 7
1894 7
1895 49
1896 84
1897 91
1898 7
1899 49
1900 49
1901 10
1902 7
1903 49
1904 49
1905 91
1906 49
1907 49
1908 49
1909 84
1910 7
1911 91
1912 7
1913 84
1914 7
1915 7
1916 101
1917 91
1918 84
1919 49
1920 7
1921 7
1922 101
1923 91
1924 92
1925 229
1926 49
1927 114
1928 93
1929 49
1930 49
1931 112
1932 7
1933 112
1934 49
1935 100
1936 7
1937 114
1938 47
1939 7
1940 49
1941 49
1942 49
1943 101
1944 43
1945 49
1946 84
1947 7
1948 43
1949 7
1950 118
1951 114
1952 49
1953 49
1954 114
1955 7
1956 114
1957 91
1958 94
1959 91
1960 49
1961 7
1962 95
1963 96
1964 97
1965 98
1966 99
1967 100
1968 7
1969 38
1970 49
1971 49
1972 100
1973 38
1974 132
1975 178
1976 114
1977 49
1978 38
1979 101
1980 114
1981 91
1982 84
1983 84
1984 7
1985 100
1986 49
1987 139
1988 91
1989 7
1990 49
1991 91
1992 49
1993 112
1994 49
1995 65
1996 233
1997 278
1998 7
1999 91
2000 91
2001 7
2002 91
2003 102
2004 100
2005 100
2006 84
2007 84
2008 114
2009 7
2010 84
2011 100
2012 91
2013 7
2014 7
2015 112
2016 84
2017 112
2018 91
2019 246
2020 7
2021 207
2022 84
2023 100
2024 84
2025 84
2026 49
2027 7
2028 49
2029 84
2030 49
2031 100
2032 91
2033 91
2034 49
2035 7
2036 292
2037 49
2038 98
2039 145
2040 100
2041 91
2042 7
2043 49
2044 49
2045 7
2046 100
2047 112
2048 103
2049 101
2050 49
2051 43
2052 104
2053 49
2054 7
2055 49
2056 105
2057 43
2058 7
2059 268
2060 7
2061 229
2062 7
2063 49
2064 84
2065 238
2066 238
2067 7
2068 114
2069 7
2070 100
2071 49
2072 49
2073 38
2074 91
2075 114
2076 106
2077 107
2078 7
2079 7
2080 7
2081 49
2082 112
2083 84
2084 7
2085 84
2086 49
2087 241
2088 84
2089 7
2090 7
2091 84
2092 91
2093 7
2094 100
2095 49
2096 7
2097 112
2098 299
2099 7
2100 7
2101 43
2102 7
2103 100
2104 38
2105 38
2106 49
2107 100
2108 112
2109 7
2110 49
2111 7
2112 7
2113 7
2114 43
2115 108
2116 49
2117 109
2118 36
2119 7
2120 49
2121 91
2122 7
2123 49
2124 112
2125 7
2126 110
2127 7
2128 49
2129 43
2130 84
2131 49
2132 111
2133 7
2134 101
2135 101
2136 100
2137 49
2138 91
2139 7
2140 84
2141 49
2142 114
2143 114
2144 49
2145 100
2146 49
2147 49
2148 49
2149 114
2150 7
2151 43
2152 49
2153 43
2154 100
2155 283
2156 100
2157 140
2158 100
2159 49
2160 49
2161 91
2162 100
2163 101
2164 7
2165 84
2166 43
2167 7
2168 49
2169 49
2170 7
2171 43
2172 7
2173 114
2174 49
2175 100
2176 114
2177 84
2178 7
2179 114
2180 7
2181 49
2182 91
2183 49
2184 84
2185 101
2186 49
2187 7
2188 49
2189 101
2190 100
2191 49
2192 49
2193 38
2194 114
2195 7
2196 49
2197 49
2198 49
2199 91
2200 228
2201 100
2202 112
2203 49
2204 114
2205 91
2206 100
2207 100
2208 49
2209 49
2210 112
2211 49
2212 91
2213 7
2214 207
2215 49
2216 91
2217 7
2218 112
2219 49
2220 7
2221 91
2222 7
2223 100
2224 114
2225 91
2226 77
2227 7
2228 7
2229 91
2230 101
2231 91
2232 49
2233 157
2234 101
2235 100
2236 49
2237 7
2238 7
2239 7
2240 7
2241 7
2242 114
2243 49
2244 49
2245 84
2246 7
2247 84
2248 49
2249 49
2250 156
2251 49
2252 84
2253 49
2254 49
2255 101
2256 112
2257 49
2258 49
2259 101
2260 91
2261 7
2262 100
2263 114
2264 112
2265 7
2266 7
2267 114
2268 43
2269 7
2270 100
2271 114
2272 43
2273 42
2274 91
2275 38
2276 84
2277 258
2278 38
2279 7
2280 91
2281 7
2282 49
2283 91
2284 91
2285 7
2286 7
2287 84
2288 91
2289 7
2290 38
2291 7
2292 7
2293 91
2294 91
2295 84
2296 77
2297 7
2298 7
2299 100
2300 84
2301 7
2302 113
2303 114
2304 7
2305 100
2306 84
2307 84
2308 114
2309 84
2310 7
2311 49
2312 7
2313 49
2314 7
2315 38
2316 250
2317 77
2318 7
2319 49
2320 115
2321 116
2322 168
2323 100
2324 49
2325 114
2326 117
2327 49
2328 49
2329 101
2330 49
2331 113
2332 7
2333 49
2334 43
2335 118
2336 114
2337 84
2338 49
2339 49
2340 7
2341 114
2342 7
2343 84
2344 91
2345 38
2346 84
2347 114
2348 7
2349 49
2350 101
2351 114
2352 49
2353 84
2354 49
2355 7
2356 84
2357 7
2358 298
2359 7
2360 84
2361 7
2362 77
2363 49
2364 91
2365 91
2366 49
2367 7
2368 84
2369 112
2370 112
2371 114
2372 43
2373 7
2374 43
2375 84
2376 49
2377 49
2378 91
2379 7
2380 84
2381 49
2382 7
2383 91
2384 38
2385 43
2386 119
2387 84
2388 100
2389 114
2390 38
2391 49
2392 51
2393 49
2394 168
2395 84
2396 49
2397 49
2398 49
2399 49
2400 112
2401 7
2402 49
2403 112
2404 49
2405 7
2406 84
2407 7
2408 114
2409 91
2410 49
2411 100
2412 49
2413 7
2414 38
2415 120
2416 91
2417 114
2418 91
2419 7
2420 49
2421 49
2422 7
2423 7
2424 100
2425 100
2426 112
2427 112
2428 84
2429 114
2430 84
2431 49
2432 7
2433 112
2434 49
2435 49
2436 7
2437 7
2438 28
2439 100
2440 54
2441 114
2442 84
2443 49
2444 101
2445 49
2446 49
2447 7
2448 7
2449 112
2450 101
2451 49
2452 213
2453 100
2454 84
2455 101
2456 84
2457 49
2458 7
2459 49
2460 7
2461 84
2462 84
2463 7
2464 100
2465 114
2466 112
2467 49
2468 91
2469 114
2470 91
2471 25
2472 49
2473 84
2474 7
2475 7
2476 279
2477 49
2478 91
2479 7
2480 49
2481 49
2482 49
2483 49
2484 49
2485 49
2486 114
2487 114
2488 55
2489 49
2490 84
2491 7
2492 7
2493 101
2494 7
2495 84
2496 112
2497 84
2498 43
2499 91
2500 7
2501 84
2502 112
2503 43
2504 7
2505 7
2506 84
2507 100
2508 7
2509 84
2510 112
2511 49
2512 49
2513 49
2514 100
2515 114
2516 7
2517 49
2518 49
2519 49
2520 49
2521 100
2522 84
2523 49
2524 7
2525 114
2526 49
2527 49
2528 49
2529 7
2530 49
2531 49
2532 114
2533 112
2534 84
2535 101
2536 91
2537 84
2538 49
2539 49
2540 49
2541 100
2542 114
2543 84
2544 100
2545 49
2546 7
2547 49
2548 114
2549 100
2550 91
2551 114
2552 43
2553 49
2554 84
2555 103
2556 84
2557 49
2558 114
2559 7
2560 112
2561 43
2562 49
2563 49
2564 114
2565 114
2566 49
2567 7
2568 7
2569 7
2570 7
2571 84
2572 101
2573 101
2574 91
2575 101
2576 91
2577 101
2578 7
2579 49
2580 101
2581 91
2582 36
2583 91
2584 101
2585 91
2586 101
2587 84
2588 101
2589 242
2590 101
2591 43
2592 121
2593 49
2594 91
2595 91
2596 7
2597 49
2598 91
2599 38
2600 7
2601 84
2602 114
2603 101
2604 137
2605 101
2606 49
2607 43
2608 263
2609 7
2610 253
2611 49
2612 100
2613 100
2614 84
2615 84
2616 100
2617 114
2618 122
2619 49
2620 7
2621 49
2622 49
2623 299
2624 49
2625 168
2626 7
2627 91
2628 49
2629 7
2630 49
2631 123
2632 91
2633 124
2634 112
2635 112
2636 51
2637 84
2638 44
2639 91
2640 84
2641 114
2642 84
2643 49
2644 255
2645 7
2646 49
2647 100
2648 49
2649 7
2650 7
2651 7
2652 112
2653 49
2654 91
2655 91
2656 49
2657 91
2658 114
2659 84
2660 77
2661 125
2662 49
2663 49
2664 49
2665 7
2666 49
2667 112
2668 91
2669 49
2670 49
2671 114
2672 100
2673 7
2674 84
2675 191
2676 43
2677 100
2678 114
2679 43
2680 91
2681 84
2682 91
2683 242
2684 91
2685 91
2686 7
2687 100
2688 7
2689 43
2690 91
2691 49
2692 278
2693 91
2694 126
2695 114
2696 7
2697 7
2698 7
2699 7
2700 114
2701 49
2702 77
2703 91
2704 114
2705 43
2706 7
2707 7
2708 7
2709 100
2710 91
2711 7
2712 49
2713 49
2714 84
2715 84
2716 277
2717 91
2718 91
2719 7
2720 49
2721 84
2722 49
2723 49
2724 100
2725 7
2726 114
2727 49
2728 114
2729 63
2730 101
2731 7
2732 43
2733 43
2734 7
2735 49
2736 101
2737 127
2738 101
2739 7
2740 91
2741 7
2742 7
2743 114
2744 49
2745 49
2746 114
2747 49
2748 43
2749 49
2750 49
2751 128
2752 101
2753 84
2754 166
2755 101
2756 91
2757 7
2758 114
2759 114
2760 114
2761 49
2762 49
2763 114
2764 7
2765 49
2766 43
2767 7
2768 49
2769 49
2770 77
2771 43
2772 49
2773 84
2774 7
2775 129
2776 7
2777 77
2778 84
2779 84
2780 7
2781 7
2782 7
2783 84
2784 100
2785 91
2786 49
2787 7
2788 49
2789 112
2790 100
2791 101
2792 101
2793 114
2794 38
2795 91
2796 7
2797 84
2798 91
2799 49
2800 49
2801 7
2802 100
2803 84
2804 49
2805 49
2806 7
2807 84
2808 49
2809 84
2810 84
2811 49
2812 7
2813 114
2814 84
2815 112
2816 43
2817 91
2818 49
2819 49
2820 43
2821 7
2822 49
2823 101
2824 49
2825 112
2826 7
2827 100
2828 91
2829 49
2830 7
2831 292
2832 112
2833 66
2834 242
2835 7
2836 49
2837 91
2838 49
2839 114
2840 91
2841 7
2842 49
2843 252
2844 40
2845 112
2846 49
2847 7
2848 114
2849 114
2850 112
2851 7
2852 91
2853 7
2854 101
2855 7
2856 49
2857 7
2858 100
2859 38
2860 7
2861 49
2862 49
2863 7
2864 49
2865 49
2866 84
2867 84
2868 49
2869 114
2870 100
2871 7
2872 7
2873 7
2874 84
2875 7
2876 7
2877 38
2878 91
2879 84
2880 256
2881 84
2882 49
2883 91
2884 91
2885 91
2886 84
2887 100
2888 84
2889 7
2890 100
2891 91
2892 7
2893 43
2894 49
2895 38
2896 49
2897 91
2898 7
2899 91
2900 49
2901 114
2902 49
2903 49
2904 91
2905 43
2906 100
2907 114
2908 100
2909 91
2910 229
2911 130
2912 49
2913 49
2914 91
2915 91
2916 114
2917 49
2918 237
2919 101
2920 114
2921 131
2922 7
2923 243
2924 84
2925 49
2926 7
2927 101
2928 114
2929 84
2930 114
2931 43
2932 91
2933 49
2934 49
2935 38
2936 49
2937 49
2938 91
2939 114
2940 43
2941 49
2942 91
2943 7
2944 101
2945 132
2946 49
2947 114
2948 133
2949 49
2950 112
2951 7
2952 49
2953 49
2954 91
2955 7
2956 114
2957 8
2958 241
2959 7
2960 84
2961 49
2962 7
2963 114
2964 49
2965 84
2966 49
2967 49
2968 7
2969 49
2970 84
2971 7
2972 7
2973 7
2974 84
2975 7
2976 49
2977 49
2978 49
2979 77
2980 77
2981 77
2982 49
2983 43
2984 112
2985 7
2986 49
2987 49
2988 38
2989 49
2990 49
2991 100
2992 114
2993 84
2994 49
2995 7
2996 91
2997 91
2998 258
2999 100
3000 84
3001 91
3002 49
3003 199
3004 49
3005 134
3006 7
3007 7
3008 100
3009 114
3010 91
3011 91
3012 91
3013 7
3014 91
3015 84
3016 101
3017 43
3018 114
3019 114
3020 7
3021 84
3022 84
3023 100
3024 135
3025 49
3026 100
3027 49
3028 7
3029 49
3030 91
3031 84
3032 100
3033 91
3034 114
3035 49
3036 49
3037 114
3038 114
3039 91
3040 84
3041 100
3042 100
3043 230
3044 84
3045 91
3046 43
3047 49
3048 112
3049 237
3050 100
3051 49
3052 7
3053 100
3054 49
3055 7
3056 84
3057 49
3058 49
3059 49
3060 136
3061 43
3062 49
3063 49
3064 49
3065 49
3066 84
3067 49
3068 43
3069 7
3070 84
3071 137
3072 84
3073 9
3074 91
3075 112
3076 49
3077 7
3078 7
3079 100
3080 49
3081 49
3082 112
3083 7
3084 84
3085 114
3086 7
3087 7
3088 7
3089 91
3090 84
3091 49
3092 138
3093 139
3094 140
3095 49
3096 112
3097 141
3098 7
3099 101
3100 43
3101 91
3102 100
3103 49
3104 38
3105 49
3106 84
3107 7
3108 7
3109 49
3110 49
3111 84
3112 100
3113 84
3114 114
3115 7
3116 114
3117 49
3118 49
3119 49
3120 112
3121 84
3122 49
3123 49
3124 49
3125 84
3126 100
3127 49
3128 7
3129 49
3130 49
3131 84
3132 244
3133 100
3134 49
3135 91
3136 112
3137 91
3138 49
3139 100
3140 7
3141 142
3142 143
3143 144
3144 49
3145 114
3146 49
3147 97
3148 49
3149 7
3150 49
3151 7
3152 49
3153 100
3154 114
3155 51
3156 91
3157 100
3158 49
3159 114
3160 84
3161 84
3162 7
3163 7
3164 43
3165 91
3166 145
3167 195
3168 84
3169 91
3170 84
3171 49
3172 91
3173 49
3174 146
3175 7
3176 49
3177 147
3178 7
3179 7
3180 84
3181 43
3182 101
3183 84
3184 169
3185 49
3186 148
3187 49
3188 101
3189 43
3190 149
3191 101
3192 274
3193 49
3194 150
3195 16
3196 97
3197 100
3198 95
3199 49
3200 84
3201 84
3202 84
3203 84
3204 49
3205 38
3206 84
3207 49
3208 91
3209 151
3210 112
3211 43
3212 77
3213 84
3214 152
3215 49
3216 100
3217 100
3218 276
3219 91
3220 100
3221 114
3222 31
3223 101
3224 101
3225 84
3226 7
3227 43
3228 43
3229 7
3230 84
3231 126
3232 49
3233 2
3234 49
3235 49
3236 7
3237 7
3238 100
3239 112
3240 100
3241 49
3242 7
3243 49
3244 112
3245 84
3246 84
3247 114
3248 7
3249 84
3250 153
3251 7
3252 38
3253 84
3254 154
3255 49
3256 155
3257 43
3258 49
3259 91
3260 156
3261 283
3262 49
3263 43
3264 112
3265 7
3266 112
3267 101
3268 49
3269 84
3270 84
3271 84
3272 49
3273 49
3274 114
3275 114
3276 84
3277 112
3278 7
3279 49
3280 7
3281 101
3282 49
3283 101
3284 43
3285 43
3286 101
3287 91
3288 114
3289 144
3290 101
3291 7
3292 7
3293 49
3294 84
3295 114
3296 157
3297 100
3298 91
3299 158
3300 114
3301 84
3302 112
3303 49
3304 101
3305 101
3306 101
3307 84
3308 159
3309 114
3310 91
3311 112
3312 7
3313 160
3314 49
3315 84
3316 7
3317 7
3318 7
3319 34
3320 7
3321 84
3322 161
3323 49
3324 49
3325 43
3326 7
3327 49
3328 91
3329 7
3330 254
3331 206
3332 112
3333 91
3334 242
3335 91
3336 7
3337 100
3338 101
3339 7
3340 100
3341 7
3342 212
3343 226
3344 247
3345 7
3346 49
3347 49
3348 91
3349 91
3350 84
3351 49
3352 49
3353 84
3354 49
3355 210
3356 7
3357 7
3358 49
3359 7
3360 100
3361 112
3362 7
3363 100
3364 49
3365 100
3366 49
3367 38
3368 49
3369 49
3370 107
3371 91
3372 84
3373 49
3374 162
3375 7
3376 7
3377 7
3378 7
3379 49
3380 38
3381 163
3382 49
3383 49
3384 7
3385 49
3386 7
3387 49
3388 49
3389 18
3390 49
3391 7
3392 112
3393 7
3394 7
3395 7
3396 49
3397 162
3398 101
3399 84
3400 114
3401 7
3402 43
3403 101
3404 164
3405 114
3406 101
3407 91
3408 101
3409 101
3410 101
3411 77
3412 91
3413 112
3414 106
3415 49
3416 49
3417 49
3418 168
3419 7
3420 49
3421 43
3422 165
3423 43
3424 91
3425 7
3426 49
3427 49
3428 7
3429 84
3430 91
3431 36
3432 101
3433 43
3434 101
3435 43
3436 91
3437 101
3438 49
3439 84
3440 247
3441 101
3442 49
3443 49
3444 84
3445 77
3446 49
3447 7
3448 49
3449 269
3450 7
3451 91
3452 7
3453 84
3454 100
3455 248
3456 7
3457 7
3458 38
3459 49
3460 112
3461 100
3462 7
3463 112
3464 49
3465 84
3466 49
3467 100
3468 91
3469 84
3470 49
3471 91
3472 7
3473 114
3474 7
3475 166
3476 49
3477 49
3478 100
3479 114
3480 49
3481 84
3482 84
3483 84
3484 49
3485 100
3486 49
3487 114
3488 49
3489 49
3490 91
3491 91
3492 167
3493 114
3494 49
3495 49
3496 84
3497 84
3498 101
3499 84
3500 49
3501 49
3502 7
3503 7
3504 84
3505 49
3506 114
3507 91
3508 111
3509 49
3510 49
3511 7
3512 49
3513 43
3514 84
3515 91
3516 43
3517 49
3518 7
3519 49
3520 7
3521 49
3522 100
3523 49
3524 49
3525 7
3526 49
3527 43
3528 112
3529 100
3530 49
3531 112
3532 112
3533 112
3534 100
3535 101
3536 49
3537 7
3538 56
3539 7
3540 49
3541 49
3542 84
3543 7
3544 100
3545 7
3546 100
3547 49
3548 112
3549 49
3550 7
3551 100
3552 49
3553 91
3554 77
3555 114
3556 91
3557 290
3558 49
3559 84
3560 7
3561 49
3562 100
3563 49
3564 49
3565 7
3566 84
3567 38
3568 84
3569 169
3570 170
3571 7
3572 114
3573 100
3574 171
3575 49
3576 49
3577 49
3578 49
3579 49
3580 84
3581 7
3582 7
3583 7
3584 91
3585 192
3586 84
3587 84
3588 38
3589 114
3590 49
3591 49
3592 7
3593 49
3594 49
3595 71
3596 91
3597 91
3598 237
3599 49
3600 100
3601 49
3602 49
3603 49
3604 140
3605 172
3606 7
3607 43
3608 7
3609 114
3610 100
3611 101
3612 49
3613 84
3614 77
3615 7
3616 100
3617 91
3618 7
3619 49
3620 84
3621 49
3622 127
3623 173
3624 101
3625 49
3626 84
3627 84
3628 91
3629 101
3630 43
3631 101
3632 91
3633 49
3634 7
3635 91
3636 91
3637 49
3638 49
3639 49
3640 285
3641 84
3642 43
3643 7
3644 84
3645 7
3646 272
3647 91
3648 49
3649 43
3650 101
3651 112
3652 43
3653 101
3654 101
3655 43
3656 7
3657 100
3658 49
3659 49
3660 7
3661 84
3662 84
3663 112
3664 43
3665 43
3666 91
3667 7
3668 7
3669 7
3670 49
3671 43
3672 101
3673 49
3674 49
3675 38
3676 49
3677 49
3678 7
3679 91
3680 101
3681 91
3682 100
3683 114
3684 174
3685 49
3686 49
3687 84
3688 112
3689 49
3690 297
3691 7
3692 49
3693 43
3694 265
3695 112
3696 101
3697 114
3698 49
3699 49
3700 101
3701 49
3702 274
3703 7
3704 277
3705 7
3706 114
3707 49
3708 114
3709 91
3710 112
3711 84
3712 7
3713 114
3714 49
3715 237
3716 100
3717 100
3718 91
3719 43
3720 91
3721 101
3722 43
3723 84
3724 49
3725 101
3726 91
3727 36
3728 49
3729 101
3730 91
3731 7
3732 84
3733 289
3734 112
3735 101
3736 175
3737 43
3738 114
3739 49
3740 101
3741 101
3742 84
3743 101
3744 101
3745 101
3746 49
3747 101
3748 101
3749 49
3750 91
3751 7
3752 7
3753 49
3754 176
3755 112
3756 91
3757 101
3758 84
3759 177
3760 49
3761 38
3762 91
3763 112
3764 84
3765 91
3766 36
3767 100
3768 101
3769 101
3770 7
3771 49
3772 114
3773 112
3774 7
3775 91
3776 84
3777 178
3778 7
3779 91
3780 84
3781 49
3782 262
3783 114
3784 37
3785 49
3786 114
3787 19
3788 77
3789 7
3790 7
3791 43
3792 100
3793 214
3794 214
3795 112
3796 7
3797 84
3798 114
3799 91
3800 43
3801 7
3802 84
3803 49
3804 179
3805 84
3806 43
3807 84
3808 27
3809 100
3810 49
3811 7
3812 114
3813 91
3814 84
3815 7
3816 265
3817 49
3818 84
3819 49
3820 91
3821 49
3822 49
3823 49
3824 43
3825 180
3826 49
3827 7
3828 84
3829 49
3830 91
3831 84
3832 84
3833 84
3834 114
3835 43
3836 84
3837 84
3838 49
3839 84
3840 49
3841 7
3842 7
3843 84
3844 43
3845 34
3846 49
3847 84
3848 49
3849 43
3850 38
3851 181
3852 43
3853 182
3854 101
3855 91
3856 84
3857 49
3858 260
3859 91
3860 101
3861 38
3862 7
3863 7
3864 49
3865 49
3866 183
3867 114
3868 49
3869 84
3870 49
3871 7
3872 7
3873 84
3874 84
3875 84
3876 49
3877 7
3878 274
3879 49
3880 112
3881 84
3882 7
3883 100
3884 49
3885 49
3886 7
3887 7
3888 84
3889 269
3890 84
3891 43
3892 7
3893 7
3894 234
3895 114
3896 7
3897 183
3898 49
3899 7
3900 43
3901 49
3902 220
3903 7
3904 49
3905 100
3906 184
3907 100
3908 91
3909 101
3910 49
3911 221
3912 7
3913 286
3914 185
3915 84
3916 91
3917 84
3918 49
3919 49
3920 7
3921 49
3922 100
3923 252
3924 269
3925 7
3926 94
3927 100
3928 84
3929 84
3930 7
3931 101
3932 101
3933 49
3934 49
3935 101
3936 290
3937 49
3938 277
3939 91
3940 91
3941 84
3942 84
3943 7
3944 7
3945 43
3946 49
3947 84
3948 101
3949 101
3950 36
3951 112
3952 49
3953 7
3954 186
3955 7
3956 270
3957 91
3958 114
3959 187
3960 43
3961 264
3962 49
3963 91
3964 43
3965 49
3966 100
3967 49
3968 91
3969 49
3970 188
3971 114
3972 43
3973 91
3974 84
3975 125
3976 91
3977 250
3978 43
3979 7
3980 49
3981 100
3982 84
3983 38
3984 43
3985 101
3986 7
3987 7
3988 43
3989 84
3990 49
3991 84
3992 7
3993 101
3994 227
3995 101
3996 43
3997 49
3998 7
3999 91
4000 84
4001 114
4002 84
4003 7
4004 100
4005 101
4006 7
4007 7
4008 49
4009 43
4010 49
4011 7
4012 49
4013 49
4014 49
4015 49
4016 91
4017 49
4018 101
4019 7
4020 7
4021 49
4022 91
4023 49
4024 101
4025 141
4026 84
4027 84
4028 189
4029 49
4030 204
4031 91
4032 49
4033 7
4034 49
4035 84
4036 49
4037 114
4038 114
4039 49
4040 49
4041 114
4042 43
4043 91
4044 115
4045 91
4046 84
4047 114
4048 7
4049 91
4050 190
4051 249
4052 114
4053 49
4054 91
4055 101
4056 43
4057 13
4058 100
4059 237
4060 114
4061 91
4062 114
4063 49
4064 114
4065 100
4066 91
4067 84
4068 101
4069 84
4070 101
4071 49
4072 91
4073 84
4074 91
4075 49
4076 7
4077 49
4078 84
4079 7
4080 191
4081 49
4082 112
4083 101
4084 114
4085 49
4086 100
4087 101
4088 84
4089 101
4090 101
4091 84
4092 101
4093 43
4094 91
4095 49
4096 164
4097 101
4098 49
4099 100
4100 49
4101 91
4102 100
4103 100
4104 49
4105 101
4106 49
4107 91
4108 7
4109 101
4110 7
4111 43
4112 18
4113 284
4114 7
4115 84
4116 114
4117 84
4118 38
4119 84
4120 7
4121 192
4122 101
4123 100
4124 49
4125 193
4126 65
4127 101
4128 112
4129 7
4130 84
4131 114
4132 114
4133 114
4134 84
4135 84
4136 49
4137 290
4138 91
4139 49
4140 114
4141 91
4142 238
4143 84
4144 7
4145 7
4146 194
4147 7
4148 91
4149 49
4150 84
4151 49
4152 49
4153 195
4154 196
4155 49
4156 49
4157 49
4158 38
4159 114
4160 7
4161 49
4162 38
4163 84
4164 43
4165 38
4166 114
4167 100
4168 91
4169 49
4170 114
4171 114
4172 49
4173 263
4174 7
4175 91
4176 101
4177 197
4178 84
4179 49
4180 198
4181 49
4182 7
4183 7
4184 7
4185 49
4186 7
4187 112
4188 49
4189 49
4190 7
4191 7
4192 43
4193 114
4194 84
4195 100
4196 199
4197 49
4198 114
4199 49
4200 7
4201 43
4202 7
4203 112
4204 101
4205 84
4206 84
4207 84
4208 84
4209 84
4210 84
4211 84
4212 7
4213 84
4214 84
4215 84
4216 43
4217 84
4218 84
4219 91
4220 84
4221 84
4222 91
4223 101
4224 101
4225 7
4226 49
4227 49
4228 49
4229 7
4230 7
4231 7
4232 84
4233 101
4234 49
4235 91
4236 91
4237 84
4238 91
4239 91
4240 180
4241 100
4242 101
4243 15
4244 200
4245 7
4246 84
4247 7
4248 49
4249 101
4250 101
4251 101
4252 101
4253 7
4254 101
4255 84
4256 43
4257 7
4258 84
4259 114
4260 114
4261 101
4262 100
4263 49
4264 7
4265 49
4266 84
4267 91
4268 84
4269 49
4270 84
4271 84
4272 84
4273 91
4274 201
4275 16
4276 49
4277 49
4278 84
4279 91
4280 202
4281 101
4282 114
4283 84
4284 7
4285 7
4286 203
4287 204
4288 49
4289 205
4290 84
4291 84
4292 114
4293 84
4294 91
4295 101
4296 7
4297 49
4298 101
4299 7
4300 43
4301 100
4302 84
4303 56
4304 7
4305 49
4306 49
4307 206
4308 256
4309 84
4310 91
4311 84
4312 91
4313 91
4314 101
4315 91
4316 114
4317 49
4318 7
4319 84
4320 49
4321 49
4322 84
4323 100
4324 91
4325 91
4326 84
4327 89
4328 207
4329 84
4330 43
4331 49
4332 114
4333 49
4334 49
4335 49
4336 7
4337 43
4338 43
4339 101
4340 84
4341 84
4342 84
4343 84
4344 84
4345 7
4346 101
4347 208
4348 43
4349 49
4350 43
4351 101
4352 101
4353 101
4354 49
4355 7
4356 49
4357 112
4358 49
4359 7
4360 114
4361 7
4362 49
4363 110
4364 49
4365 114
4366 7
4367 7
4368 7
4369 7
4370 49
4371 49
4372 101
4373 209
4374 210
4375 43
4376 57
4377 100
4378 49
4379 283
4380 49
4381 114
4382 49
4383 7
4384 101
4385 49
4386 101
4387 43
4388 49
4389 49
4390 114
4391 114
4392 38
4393 100
4394 43
4395 49
4396 112
4397 112
4398 211
4399 7
4400 7
4401 84
4402 43
4403 259
4404 49
4405 43
4406 101
4407 84
4408 7
4409 49
4410 112
4411 84
4412 100
4413 49
4414 49
4415 7
4416 7
4417 84
4418 91
4419 84
4420 84
4421 7
4422 49
4423 114
4424 7
4425 49
4426 49
4427 114
4428 7
4429 137
4430 43
4431 100
4432 49
4433 152
4434 91
4435 84
4436 84
4437 212
4438 49
4439 283
4440 91
4441 114
4442 7
4443 7
4444 7
4445 7
4446 7
4447 91
4448 100
4449 7
4450 196
4451 7
4452 84
4453 84
4454 84
4455 84
4456 38
4457 84
4458 7
4459 7
4460 38
4461 114
4462 112
4463 49
4464 84
4465 84
4466 49
4467 100
4468 84
4469 114
4470 49
4471 43
4472 49
4473 7
4474 127
4475 49
4476 84
4477 100
4478 100
4479 49
4480 168
4481 213
4482 91
4483 49
4484 49
4485 49
4486 100
4487 49
4488 43
4489 114
4490 84
4491 91
4492 7
4493 91
4494 260
4495 101
4496 38
4497 49
4498 49
4499 116
4500 32
4501 49
4502 7
4503 7
4504 49
4505 114
4506 112
4507 7
4508 91
4509 288
4510 84
4511 214
4512 189
4513 100
4514 215
4515 101
4516 49
4517 49
4518 49
4519 91
4520 84
4521 49
4522 164
4523 7
4524 91
4525 7
4526 216
4527 94
4528 49
4529 43
4530 112
4531 217
4532 27
4533 218
4534 36
4535 7
4536 114
4537 103
4538 7
4539 91
4540 43
4541 49
4542 114
4543 49
4544 49
4545 49
4546 100
4547 49
4548 91
4549 46
4550 219
4551 7
4552 49
4553 101
4554 91
4555 49
4556 49
4557 100
4558 7
4559 84
4560 7
4561 87
4562 100
4563 84
4564 100
4565 7
4566 261
4567 91
4568 49
4569 7
4570 43
4571 84
4572 38
4573 220
4574 91
4575 91
4576 101
4577 49
4578 101
4579 39
4580 113
4581 7
4582 49
4583 49
4584 49
4585 221
4586 114
4587 222
4588 91
4589 84
4590 49
4591 43
4592 114
4593 91
4594 223
4595 91
4596 84
4597 84
4598 84
4599 84
4600 185
4601 84
4602 173
4603 84
4604 84
4605 49
4606 49
4607 114
4608 7
4609 49
4610 7
4611 84
4612 84
4613 91
4614 49
4615 84
4616 224
4617 100
4618 7
4619 49
4620 49
4621 49
4622 114
4623 114
4624 49
4625 7
4626 49
4627 114
4628 49
4629 49
4630 49
4631 255
4632 49
4633 49
4634 49
4635 112
4636 7
4637 49
4638 168
4639 84
4640 49
4641 91
4642 290
4643 114
4644 112
4645 49
4646 100
4647 7
4648 84
4649 7
4650 84
4651 49
4652 7
4653 225
4654 49
4655 49
4656 114
4657 7
4658 100
4659 114
4660 49
4661 226
4662 84
4663 84
4664 91
4665 7
4666 77
4667 112
4668 114
4669 7
4670 49
4671 49
4672 84
4673 43
4674 100
4675 91
4676 240
4677 11
4678 84
4679 91
4680 91
4681 63
4682 84
4683 91
4684 101
4685 91
4686 49
4687 91
4688 49
4689 101
4690 84
4691 101
4692 49
4693 100
4694 49
4695 7
4696 101
4697 91
4698 49
4699 26
4700 49
4701 49
4702 114
4703 84
4704 84
4705 227
4706 91
4707 49
4708 49
4709 7
4710 49
4711 91
4712 49
4713 49
4714 228
4715 7
4716 49
4717 91
4718 7
4719 49
4720 38
4721 7
4722 84
4723 84
4724 84
4725 91
4726 7
4727 91
4728 7
4729 49
4730 84
4731 7
4732 100
4733 100
4734 84
4735 91
4736 7
4737 22
4738 49
4739 91
4740 49
4741 101
4742 38
4743 49
4744 84
4745 84
4746 100
4747 84
4748 100
4749 84
4750 84
4751 84
4752 84
4753 84
4754 7
4755 84
4756 114
4757 84
4758 84
4759 84
4760 100
4761 49
4762 229
4763 112
4764 224
4765 84
4766 84
4767 7
4768 91
4769 238
4770 49
4771 114
4772 84
4773 7
4774 7
4775 230
4776 114
4777 7
4778 7
4779 7
4780 84
4781 7
4782 84
4783 116
4784 7
4785 112
4786 43
4787 231
4788 7
4789 7
4790 238
4791 91
4792 7
4793 112
4794 84
4795 91
4796 84
4797 7
4798 101
4799 91
4800 49
4801 7
4802 100
4803 7
4804 49
4805 49
4806 91
4807 49
4808 91
4809 43
4810 7
4811 168
4812 7
4813 100
4814 100
4815 49
4816 100
4817 84
4818 49
4819 49
4820 91
4821 7
4822 259
4823 91
4824 91
4825 196
4826 112
4827 7
4828 7
4829 232
4830 233
4831 7
4832 49
4833 49
4834 49
4835 100
4836 7
4837 84
4838 84
4839 114
4840 91
4841 17
4842 100
4843 49
4844 49
4845 100
4846 49
4847 7
4848 131
4849 49
4850 43
4851 38
4852 49
4853 7
4854 49
4855 7
4856 49
4857 84
4858 114
4859 114
4860 38
4861 43
4862 114
4863 49
4864 234
4865 7
4866 114
4867 49
4868 7
4869 7
4870 258
4871 91
4872 84
4873 91
4874 49
4875 49
4876 7
4877 235
4878 7
4879 7
4880 49
4881 7
4882 91
4883 91
4884 114
4885 49
4886 7
4887 49
4888 84
4889 114
4890 100
4891 49
4892 91
4893 91
4894 43
4895 43
4896 100
4897 84
4898 91
4899 236
4900 49
4901 7
4902 7
4903 7
4904 114
4905 49
4906 84
4907 49
4908 112
4909 100
4910 280
4911 49
4912 249
4913 101
4914 49
4915 170
4916 49
4917 269
4918 100
4919 49
4920 43
4921 49
4922 49
4923 100
4924 100
4925 7
4926 274
4927 7
4928 49
4929 274
4930 7
4931 49
4932 49
4933 49
4934 237
4935 49
4936 49
4937 84
4938 43
4939 49
4940 7
4941 91
4942 7
4943 162
4944 100
4945 101
4946 91
4947 49
4948 100
4949 128
4950 100
4951 235
4952 264
4953 7
4954 84
4955 7
4956 49
4957 7
4958 91
4959 84
4960 49
4961 84
4962 7
4963 49
4964 7
4965 100
4966 7
4967 49
4968 91
4969 49
4970 91
4971 7
4972 49
4973 7
4974 114
4975 49
4976 7
4977 7
4978 91
4979 38
4980 7
4981 7
4982 258
4983 49
4984 295
4985 49
4986 100
4987 49
4988 100
4989 238
4990 91
4991 49
4992 114
4993 49
4994 77
4995 49
4996 84
4997 49
4998 49
4999 49
5000 7
5001 49
5002 101
5003 49
5004 101
5005 7
5006 49
5007 49
5008 49
5009 49
5010 84
5011 84
5012 114
5013 239
5014 7
5015 100
5016 203
5017 7
5018 147
5019 84
5020 114
5021 84
5022 49
5023 84
5024 7
5025 49
5026 7
5027 49
5028 7
5029 240
5030 91
5031 91
5032 84
5033 49
5034 84
5035 7
5036 43
5037 7
5038 38
5039 49
5040 285
5041 7
5042 241
5043 7
5044 84
5045 271
5046 49
5047 114
5048 114
5049 49
5050 91
5051 91
5052 242
5053 91
5054 84
5055 243
5056 38
5057 49
5058 49
5059 101
5060 7
5061 244
5062 245
5063 246
5064 7
5065 49
5066 43
5067 7
5068 49
5069 49
5070 7
5071 7
5072 43
5073 91
5074 7
5075 49
5076 7
5077 7
5078 91
5079 49
5080 91
5081 49
5082 84
5083 84
5084 84
5085 114
5086 7
5087 7
5088 49
5089 114
5090 84
5091 91
5092 43
5093 43
5094 91
5095 43
5096 49
5097 91
5098 101
5099 49
5100 114
5101 7
5102 7
5103 91
5104 49
5105 112
5106 118
5107 112
5108 7
5109 49
5110 7
5111 7
5112 49
5113 49
5114 49
5115 49
5116 49
5117 84
5118 91
5119 49
5120 91
5121 7
5122 7
5123 7
5124 49
5125 270
5126 7
5127 101
5128 7
5129 7
5130 31
5131 7
5132 84
5133 49
5134 7
5135 84
5136 49
5137 49
5138 7
5139 100
5140 100
5141 7
5142 43
5143 49
5144 43
5145 84
5146 7
5147 7
5148 7
5149 49
5150 247
5151 7
5152 91
5153 49
5154 68
5155 114
5156 7
5157 49
5158 49
5159 49
5160 7
5161 84
5162 299
5163 91
5164 6
5165 100
5166 49
5167 7
5168 211
5169 112
5170 43
5171 91
5172 49
5173 114
5174 49
5175 49
5176 49
5177 133
5178 100
5179 77
5180 114
5181 129
5182 91
5183 91
5184 84
5185 7
5186 7
5187 100
5188 91
5189 91
5190 7
5191 49
5192 49
5193 49
5194 101
5195 114
5196 7
5197 49
5198 7
5199 7
5200 242
5201 101
5202 91
5203 84
5204 49
5205 12
5206 253
5207 49
5208 114
5209 91
5210 7
5211 114
5212 114
5213 49
5214 7
5215 112
5216 7
5217 84
5218 7
5219 49
5220 49
5221 91
5222 100
5223 49
5224 49
5225 84
5226 100
5227 274
5228 114
5229 7
5230 49
5231 100
5232 7
5233 119
5234 91
5235 49
5236 91
5237 38
5238 49
5239 91
5240 85
5241 91
5242 84
5243 84
5244 7
5245 84
5246 120
5247 84
5248 49
5249 127
5250 112
5251 84
5252 290
5253 84
5254 100
5255 248
5256 7
5257 49
5258 84
5259 49
5260 49
5261 91
5262 100
5263 38
5264 49
5265 49
5266 290
5267 100
5268 49
5269 91
5270 100
5271 84
5272 249
5273 247
5274 237
5275 49
5276 100
5277 100
5278 49
5279 49
5280 7
5281 49
5282 91
5283 114
5284 7
5285 91
5286 84
5287 7
5288 7
5289 100
5290 100
5291 49
5292 49
5293 49
5294 7
5295 7
5296 84
5297 49
5298 263
5299 114
5300 49
5301 7
5302 7
5303 114
5304 43
5305 101
5306 7
5307 84
5308 77
5309 84
5310 7
5311 49
5312 77
5313 250
5314 49
5315 101
5316 43
5317 208
5318 91
5319 91
5320 84
5321 7
5322 114
5323 77
5324 49
5325 7
5326 84
5327 91
5328 49
5329 49
5330 100
5331 114
5332 112
5333 49
5334 100
5335 227
5336 7
5337 168
5338 49
5339 49
5340 49
5341 7
5342 84
5343 7
5344 49
5345 43
5346 7
5347 114
5348 100
5349 7
5350 84
5351 228
5352 91
5353 91
5354 49
5355 84
5356 49
5357 229
5358 84
5359 100
5360 84
5361 7
5362 91
5363 43
5364 114
5365 49
5366 114
5367 43
5368 144
5369 101
5370 284
5371 91
5372 7
5373 91
5374 49
5375 101
5376 36
5377 230
5378 49
5379 101
5380 144
5381 84
5382 101
5383 7
5384 84
5385 231
5386 49
5387 7
5388 7
5389 84
5390 100
5391 91
5392 112
5393 49
5394 43
5395 49
5396 49
5397 84
5398 114
5399 49
5400 38
5401 77
5402 84
5403 7
5404 7
5405 7
5406 43
5407 207
5408 7
5409 84
5410 38
5411 7
5412 49
5413 49
5414 7
5415 49
5416 114
5417 100
5418 7
5419 84
5420 91
5421 7
5422 100
5423 7
5424 43
5425 7
5426 101
5427 91
5428 100
5429 49
5430 112
5431 168
5432 84
5433 49
5434 77
5435 100
5436 49
5437 49
5438 84
5439 43
5440 276
5441 214
5442 100
5443 161
5444 91
5445 100
5446 168
5447 228
5448 49
5449 91
5450 7
5451 49
5452 232
5453 49
5454 31
5455 84
5456 101
5457 7
5458 49
5459 84
5460 112
5461 91
5462 91
5463 112
5464 100
5465 100
5466 84
5467 49
5468 112
5469 84
5470 112
5471 49
5472 49
5473 201
5474 114
5475 23
5476 7
5477 7
5478 101
5479 294
5480 91
5481 77
5482 43
5483 7
5484 233
5485 84
5486 7
5487 38
5488 7
5489 7
5490 234
5491 235
5492 84
5493 7
5494 7
5495 49
5496 267
5497 101
5498 84
5499 106
5500 7
5501 114
5502 7
5503 7
5504 7
5505 49
5506 7
5507 91
5508 49
5509 100
5510 7
5511 114
5512 251
5513 7
5514 7
5515 7
5516 7
5517 49
5518 270
5519 112
5520 101
5521 84
5522 43
5523 49
5524 7
5525 7
5526 236
5527 236
5528 91
5529 100
5530 50
5531 128
5532 84
5533 114
5534 237
5535 84
5536 91
5537 100
5538 7
5539 114
5540 84
5541 7
5542 7
5543 84
5544 84
5545 43
5546 91
5547 84
5548 84
5549 91
5550 49
5551 49
5552 100
5553 84
5554 35
5555 237
5556 91
5557 49
5558 49
5559 84
5560 7
5561 100
5562 114
5563 91
5564 100
5565 114
5566 114
5567 91
5568 77
5569 91
5570 91
5571 49
5572 114
5573 7
5574 7
5575 38
5576 84
5577 49
5578 207
5579 49
5580 238
5581 101
5582 49
5583 114
5584 7
5585 114
5586 100
5587 7
5588 7
5589 49
5590 100
5591 66
5592 91
5593 7
5594 49
5595 91
5596 298
5597 49
5598 114
5599 91
5600 49
5601 84
5602 49
5603 49
5604 49
5605 7
5606 49
5607 49
5608 238
5609 239
5610 43
5611 149
5612 7
5613 49
5614 91
5615 253
5616 7
5617 238
5618 84
5619 84
5620 100
5621 84
5622 49
5623 269
5624 84
5625 84
5626 91
5627 114
5628 43
5629 91
5630 240
5631 114
5632 49
5633 101
5634 91
5635 7
5636 146
5637 114
5638 241
5639 242
5640 49
5641 7
5642 7
5643 7
5644 100
5645 100
5646 69
5647 101
5648 43
5649 49
5650 43
5651 243
5652 91
5653 36
5654 101
5655 43
5656 112
5657 84
5658 84
5659 112
5660 49
5661 114
5662 91
5663 144
5664 43
5665 35
5666 7
5667 7
5668 238
5669 49
5670 7
5671 49
5672 91
5673 49
5674 7
5675 7
5676 101
5677 114
5678 71
5679 112
5680 49
5681 244
5682 7
5683 49
5684 49
5685 114
5686 43
5687 114
5688 101
5689 114
5690 7
5691 114
5692 38
5693 49
5694 101
5695 7
5696 7
5697 7
5698 112
5699 84
5700 49
5701 7
5702 7
5703 114
5704 275
5705 49
5706 84
5707 245
5708 49
5709 107
5710 49
5711 43
5712 38
5713 84
5714 112
5715 49
5716 49
5717 84
5718 114
5719 91
5720 249
5721 246
5722 7
5723 91
5724 7
5725 7
5726 43
5727 84
5728 91
5729 100
5730 7
5731 114
5732 100
5733 77
5734 84
5735 84
5736 84
5737 49
5738 264
5739 91
5740 91
5741 49
5742 7
5743 7
5744 91
5745 247
5746 49
5747 91
5748 91
5749 49
5750 43
5751 7
5752 7
5753 7
5754 100
5755 91
5756 84
5757 43
5758 7
5759 7
5760 49
5761 49
5762 91
5763 7
5764 49
5765 248
5766 84
5767 38
5768 168
5769 7
5770 84
5771 49
5772 43
5773 7
5774 249
5775 101
5776 114
5777 101
5778 221
5779 84
5780 114
5781 250
5782 49
5783 112
5784 49
5785 7
5786 7
5787 114
5788 84
5789 43
5790 49
5791 49
5792 43
5793 114
5794 100
5795 84
5796 84
5797 100
5798 7
5799 147
5800 84
5801 91
5802 7
5803 7
5804 91
5805 112
5806 84
5807 114
5808 91
5809 114
5810 49
5811 251
5812 280
5813 7
5814 100
5815 49
5816 22
5817 21
5818 43
5819 49
5820 7
5821 7
5822 112
5823 100
5824 84
5825 91
5826 114
5827 100
5828 116
5829 101
5830 7
5831 84
5832 43
5833 84
5834 84
5835 100
5836 84
5837 49
5838 7
5839 84
5840 100
5841 112
5842 100
5843 91
5844 100
5845 91
5846 49
5847 84
5848 91
5849 91
5850 218
5851 4
5852 140
5853 112
5854 101
5855 91
5856 7
5857 49
5858 7
5859 7
5860 7
5861 49
5862 49
5863 49
5864 43
5865 49
5866 49
5867 49
5868 49
5869 43
5870 252
5871 49
5872 84
5873 7
5874 84
5875 49
5876 100
5877 91
5878 112
5879 49
5880 84
5881 91
5882 7
5883 114
5884 214
5885 100
5886 253
5887 49
5888 254
5889 109
5890 49
5891 84
5892 91
5893 84
5894 115
5895 7
5896 277
5897 49
5898 101
5899 43
5900 101
5901 49
5902 36
5903 7
5904 49
5905 7
5906 49
5907 7
5908 100
5909 49
5910 43
5911 43
5912 91
5913 255
5914 49
5915 84
5916 49
5917 49
5918 91
5919 101
5920 49
5921 7
5922 7
5923 49
5924 84
5925 114
5926 256
5927 256
5928 73
5929 84
5930 49
5931 7
5932 7
5933 49
5934 287
5935 91
5936 49
5937 7
5938 91
5939 101
5940 91
5941 84
5942 84
5943 7
5944 7
5945 256
5946 230
5947 19
5948 101
5949 257
5950 114
5951 84
5952 114
5953 49
5954 100
5955 84
5956 101
5957 284
5958 49
5959 49
5960 101
5961 112
5962 44
5963 43
5964 43
5965 43
5966 99
5967 43
5968 149
5969 49
5970 101
5971 149
5972 100
5973 101
5974 49
5975 283
5976 43
5977 101
5978 101
5979 101
5980 43
5981 43
5982 101
5983 7
5984 101
5985 192
5986 49
5987 269
5988 84
5989 7
5990 192
5991 291
5992 7
5993 114
5994 7
5995 299
5996 7
5997 49
5998 49
5999 49
6000 49
6001 43
6002 49
6003 7
6004 49
6005 7
6006 84
6007 91
6008 7
6009 49
6010 43
6011 112
6012 115
6013 49
6014 84
6015 7
6016 7
6017 114
6018 7
6019 100
6020 114
6021 7
6022 49
6023 7
6024 258
6025 49
6026 7
6027 101
6028 38
6029 114
6030 114
6031 49
6032 219
6033 259
6034 91
6035 43
6036 49
6037 84
6038 84
6039 7
6040 84
6041 84
6042 84
6043 49
6044 91
6045 7
6046 49
6047 114
6048 49
6049 49
6050 91
6051 290
6052 299
6053 7
6054 101
6055 91
6056 84
6057 249
6058 245
6059 84
6060 43
6061 49
6062 91
6063 186
6064 43
6065 7
6066 7
6067 35
6068 84
6069 49
6070 49
6071 49
6072 114
6073 49
6074 7
6075 260
6076 49
6077 239
6078 84
6079 49
6080 7
6081 49
6082 84
6083 114
6084 7
6085 91
6086 7
6087 98
6088 49
6089 106
6090 84
6091 284
6092 91
6093 91
6094 261
6095 84
6096 49
6097 262
6098 7
6099 7
6100 7
6101 7
6102 7
6103 7
6104 77
6105 91
6106 7
6107 263
6108 84
6109 84
6110 7
6111 7
6112 7
6113 49
6114 264
6115 100
6116 7
6117 7
6118 100
6119 84
6120 100
6121 84
6122 49
6123 114
6124 49
6125 49
6126 84
6127 193
6128 181
6129 23
6130 165
6131 49
6132 7
6133 77
6134 49
6135 91
6136 7
6137 84
6138 49
6139 7
6140 114
6141 49
6142 112
6143 112
6144 7
6145 270
6146 91
6147 84
6148 49
6149 91
6150 91
6151 91
6152 100
6153 114
6154 101
6155 91
6156 163
6157 91
6158 91
6159 7
6160 49
6161 49
6162 49
6163 49
6164 101
6165 114
6166 49
6167 203
6168 203
6169 184
6170 265
6171 91
6172 7
6173 49
6174 135
6175 100
6176 49
6177 49
6178 7
6179 91
6180 101
6181 49
6182 84
6183 84
6184 114
6185 84
6186 101
6187 101
6188 91
6189 91
6190 101
6191 104
6192 266
6193 49
6194 84
6195 267
6196 101
6197 7
6198 43
6199 244
6200 100
6201 91
6202 7
6203 49
6204 268
6205 112
6206 101
6207 49
6208 7
6209 7
6210 91
6211 7
6212 101
6213 286
6214 36
6215 91
6216 49
6217 114
6218 84
6219 106
6220 49
6221 100
6222 49
6223 7
6224 112
6225 265
6226 72
6227 84
6228 101
6229 7
6230 7
6231 269
6232 84
6233 94
6234 49
6235 114
6236 114
6237 49
6238 43
6239 7
6240 151
6241 43
6242 84
6243 84
6244 77
6245 49
6246 84
6247 114
6248 84
6249 101
6250 91
6251 91
6252 91
6253 100
6254 84
6255 49
6256 84
6257 7
6258 7
6259 91
6260 49
6261 100
6262 270
6263 91
6264 49
6265 7
6266 7
6267 7
6268 100
6269 49
6270 6
6271 91
6272 101
6273 84
6274 91
6275 91
6276 43
6277 91
6278 100
6279 7
6280 49
6281 101
6282 101
6283 49
6284 101
6285 248
6286 101
6287 49
6288 91
6289 91
6290 91
6291 91
6292 270
6293 91
6294 84
6295 7
6296 49
6297 271
6298 91
6299 7
6300 7
6301 100
6302 100
6303 49
6304 36
6305 49
6306 91
6307 91
6308 91
6309 84
6310 84
6311 84
6312 84
6313 84
6314 36
6315 7
6316 236
6317 101
6318 49
6319 137
6320 91
6321 101
6322 101
6323 114
6324 101
6325 101
6326 49
6327 101
6328 101
6329 84
6330 36
6331 100
6332 91
6333 49
6334 101
6335 101
6336 149
6337 49
6338 49
6339 43
6340 7
6341 101
6342 84
6343 91
6344 84
6345 251
6346 290
6347 43
6348 101
6349 91
6350 49
6351 249
6352 7
6353 91
6354 7
6355 114
6356 7
6357 7
6358 66
6359 49
6360 112
6361 84
6362 38
6363 84
6364 7
6365 7
6366 7
6367 7
6368 272
6369 91
6370 7
6371 49
6372 84
6373 100
6374 273
6375 7
6376 49
6377 38
6378 49
6379 7
6380 49
6381 101
6382 101
6383 112
6384 7
6385 38
6386 91
6387 91
6388 49
6389 7
6390 101
6391 91
6392 100
6393 274
6394 43
6395 49
6396 7
6397 49
6398 49
6399 49
6400 9
6401 49
6402 7
6403 222
6404 91
6405 91
6406 112
6407 274
6408 84
6409 101
6410 100
6411 49
6412 49
6413 43
6414 43
6415 49
6416 101
6417 49
6418 101
6419 114
6420 100
6421 49
6422 49
6423 49
6424 7
6425 84
6426 275
6427 91
6428 101
6429 101
6430 7
6431 100
6432 7
6433 7
6434 49
6435 49
6436 276
6437 100
6438 38
6439 7
6440 91
6441 49
6442 49
6443 49
6444 84
6445 7
6446 235
6447 101
6448 49
6449 49
6450 91
6451 114
6452 49
6453 7
6454 49
6455 112
6456 91
6457 49
6458 84
6459 7
6460 7
6461 49
6462 7
6463 84
6464 277
6465 84
6466 7
6467 297
6468 84
6469 49
6470 112
6471 7
6472 84
6473 7
6474 84
6475 49
6476 91
6477 122
6478 252
6479 84
6480 7
6481 84
6482 49
6483 49
6484 84
6485 7
6486 49
6487 38
6488 84
6489 43
6490 43
6491 49
6492 7
6493 49
6494 49
6495 49
6496 49
6497 49
6498 84
6499 7
6500 7
6501 7
6502 112
6503 294
6504 7
6505 91
6506 100
6507 100
6508 114
6509 112
6510 112
6511 49
6512 49
6513 101
6514 114
6515 100
6516 49
6517 49
6518 84
6519 49
6520 7
6521 112
6522 7
6523 7
6524 112
6525 7
6526 16
6527 91
6528 49
6529 7
6530 43
6531 84
6532 7
6533 101
6534 84
6535 49
6536 91
6537 112
6538 43
6539 7
6540 112
6541 112
6542 7
6543 49
6544 100
6545 43
6546 84
6547 91
6548 84
6549 84
6550 84
6551 84
6552 49
6553 84
6554 278
6555 84
6556 84
6557 84
6558 84
6559 84
6560 100
6561 91
6562 49
6563 114
6564 7
6565 114
6566 100
6567 49
6568 238
6569 7
6570 112
6571 112
6572 7
6573 112
6574 49
6575 49
6576 7
6577 114
6578 43
6579 7
6580 49
6581 77
6582 7
6583 192
6584 91
6585 7
6586 7
6587 7
6588 7
6589 91
6590 7
6591 91
6592 100
6593 100
6594 91
6595 49
6596 114
6597 49
6598 43
6599 43
6600 121
6601 7
6602 112
6603 114
6604 7
6605 112
6606 7
6607 84
6608 100
6609 114
6610 7
6611 49
6612 43
6613 7
6614 43
6615 84
6616 114
6617 7
6618 7
6619 7
6620 7
6621 112
6622 84
6623 49
6624 270
6625 7
6626 259
6627 84
6628 49
6629 7
6630 112
6631 49
6632 49
6633 7
6634 101
6635 221
6636 49
6637 84
6638 84
6639 80
6640 114
6641 7
6642 7
6643 49
6644 49
6645 49
6646 230
6647 7
6648 38
6649 255
6650 49
6651 7
6652 100
6653 2
6654 91
6655 112
6656 84
6657 91
6658 49
6659 43
6660 91
6661 7
6662 7
6663 49
6664 38
6665 49
6666 7
6667 91
6668 114
6669 49
6670 49
6671 7
6672 7
6673 84
6674 100
6675 84
6676 84
6677 49
6678 84
6679 49
6680 43
6681 7
6682 114
6683 49
6684 7
6685 7
6686 7
6687 7
6688 49
6689 7
6690 7
6691 7
6692 49
6693 84
6694 49
6695 84
6696 7
6697 7
6698 7
6699 100
6700 7
6701 49
6702 20
6703 112
6704 7
6705 279
6706 91
6707 7
6708 49
6709 49
6710 7
6711 100
6712 49
6713 49
6714 91
6715 7
6716 49
6717 112
6718 49
6719 49
6720 49
6721 280
6722 7
6723 7
6724 7
6725 43
6726 70
6727 112
6728 100
6729 7
6730 7
6731 43
6732 101
6733 84
6734 176
6735 7
6736 49
6737 101
6738 114
6739 7
6740 49
6741 100
6742 56
6743 49
6744 49
6745 7
6746 7
6747 84
6748 100
6749 100
6750 91
6751 7
6752 7
6753 84
6754 49
6755 21
6756 93
6757 49
6758 101
6759 84
6760 84
6761 100
6762 101
6763 84
6764 77
6765 49
6766 91
6767 100
6768 49
6769 114
6770 7
6771 91
6772 112
6773 49
6774 7
6775 184
6776 91
6777 100
6778 101
6779 112
6780 7
6781 114
6782 51
6783 31
6784 7
6785 77
6786 100
6787 7
6788 7
6789 7
6790 84
6791 101
6792 91
6793 49
6794 49
6795 7
6796 175
6797 7
6798 84
6799 49
6800 7
6801 114
6802 91
6803 7
6804 43
6805 100
6806 238
6807 49
6808 112
6809 49
6810 84
6811 7
6812 101
6813 49
6814 112
6815 7
6816 84
6817 7
6818 7
6819 281
6820 84
6821 7
6822 7
6823 112
6824 114
6825 43
6826 7
6827 7
6828 7
6829 49
6830 49
6831 281
6832 49
6833 7
6834 7
6835 49
6836 49
6837 43
6838 282
6839 91
6840 101
6841 91
6842 77
6843 114
6844 100
6845 112
6846 100
6847 100
6848 43
6849 114
6850 7
6851 7
6852 7
6853 242
6854 91
6855 84
6856 160
6857 49
6858 49
6859 49
6860 49
6861 91
6862 7
6863 114
6864 84
6865 112
6866 283
6867 84
6868 43
6869 7
6870 77
6871 91
6872 153
6873 49
6874 49
6875 49
6876 49
6877 43
6878 49
6879 38
6880 49
6881 7
6882 49
6883 49
6884 7
6885 91
6886 255
6887 7
6888 114
6889 112
6890 84
6891 49
6892 114
6893 114
6894 49
6895 118
6896 7
6897 284
6898 49
6899 43
6900 49
6901 84
6902 114
6903 7
6904 91
6905 114
6906 49
6907 112
6908 49
6909 100
6910 49
6911 49
6912 49
6913 7
6914 100
6915 285
6916 91
6917 7
6918 114
6919 7
6920 114
6921 49
6922 49
6923 91
6924 84
6925 49
6926 91
6927 7
6928 7
6929 49
6930 286
6931 7
6932 91
6933 7
6934 112
6935 49
6936 239
6937 7
6938 7
6939 49
6940 7
6941 49
6942 7
6943 244
6944 295
6945 49
6946 287
6947 49
6948 84
6949 274
6950 7
6951 114
6952 74
6953 7
6954 84
6955 147
6956 91
6957 114
6958 49
6959 91
6960 100
6961 114
6962 240
6963 7
6964 49
6965 7
6966 84
6967 91
6968 49
6969 49
6970 7
6971 43
6972 7
6973 114
6974 100
6975 101
6976 114
6977 112
6978 112
6979 84
6980 269
6981 84
6982 112
6983 77
6984 114
6985 91
6986 43
6987 84
6988 84
6989 7
6990 101
6991 288
6992 289
6993 49
6994 7
6995 7
6996 91
6997 49
6998 91
6999 7
7000 194
7001 91
7002 100
7003 114
7004 100
7005 7
7006 7
7007 101
7008 49
7009 114
7010 7
7011 84
7012 91
7013 7
7014 112
7015 7
7016 101
7017 227
7018 112
7019 112
7020 7
7021 7
7022 84
7023 91
7024 114
7025 49
7026 49
7027 168
7028 67
7029 49
7030 91
7031 49
7032 49
7033 49
7034 84
7035 7
7036 49
7037 290
7038 49
7039 112
7040 91
7041 100
7042 84
7043 84
7044 253
7045 114
7046 291
7047 7
7048 49
7049 188
7050 100
7051 49
7052 49
7053 100
7054 7
7055 7
7056 84
7057 114
7058 49
7059 49
7060 49
7061 91
7062 7
7063 49
7064 84
7065 38
7066 84
7067 7
7068 114
7069 7
7070 49
7071 49
7072 91
7073 49
7074 49
7075 91
7076 49
7077 7
7078 100
7079 114
7080 211
7081 49
7082 49
7083 49
7084 214
7085 292
7086 49
7087 49
7088 49
7089 49
7090 242
7091 49
7092 91
7093 100
7094 114
7095 49
7096 49
7097 250
7098 7
7099 91
7100 293
7101 84
7102 49
7103 49
7104 49
7105 49
7106 49
7107 114
7108 7
7109 77
7110 49
7111 7
7112 112
7113 7
7114 100
7115 7
7116 49
7117 114
7118 84
7119 49
7120 91
7121 114
7122 49
7123 49
7124 114
7125 49
7126 49
7127 100
7128 114
7129 49
7130 7
7131 49
7132 112
7133 49
7134 114
7135 114
7136 49
7137 49
7138 114
7139 43
7140 228
7141 7
7142 49
7143 294
7144 84
7145 49
7146 49
7147 49
7148 7
7149 7
7150 91
7151 7
7152 213
7153 114
7154 77
7155 100
7156 84
7157 7
7158 49
7159 49
7160 38
7161 91
7162 91
7163 7
7164 100
7165 7
7166 7
7167 49
7168 7
7169 91
7170 295
7171 7
7172 108
7173 84
7174 100
7175 84
7176 84
7177 84
7178 63
7179 7
7180 7
7181 7
7182 84
7183 100
7184 84
7185 300
7186 49
7187 49
7188 91
7189 114
7190 91
7191 7
7192 7
7193 49
7194 101
7195 7
7196 114
7197 7
7198 101
7199 84
7200 91
7201 91
7202 7
7203 49
7204 114
7205 114
7206 43
7207 49
7208 100
7209 290
7210 49
7211 84
7212 7
7213 114
7214 100
7215 296
7216 114
7217 297
7218 7
7219 7
7220 84
7221 7
7222 7
7223 84
7224 112
7225 91
7226 77
7227 7
7228 114
7229 298
7230 84
7231 299
7232 299
7233 112
7234 100
7235 84
7236 300
7237 84
7238 49
7239 49
7240 301
7241 49
7242 113
7243 33
7244 112
7245 114
7246 49
7247 62
7248 84
7249 243
7250 84
7251 101
7252 101
7253 7
7254 112
7255 7
7256 251
7257 302
7258 7
7259 7
7260 7
7261 7
7262 114
7263 120
7264 84
7265 49
7266 91
7267 7
7268 49
7269 49
7270 49
7271 84
7272 114
7273 118
7274 91
7275 49
7276 7
7277 246
7278 237
7279 237
7280 49
7281 237
7282 7
7283 114
7284 49
7285 91
7286 114
7287 112
7288 100
7289 84
7290 114
7291 43
7292 49
7293 91
7294 84
7295 133
7296 49
7297 7
7298 49
7299 77
7300 84
7301 237
7302 101
7303 49
7304 91
7305 49
7306 7
7307 7
7308 84
7309 49
7310 7
7311 238
7312 91
7313 43
7314 7
7315 84
7316 49
7317 84
7318 176
7319 38
7320 7
7321 84
7322 114
7323 112
7324 49
7325 49
7326 49
7327 7
7328 211
7329 238
7330 49
7331 114
7332 49
7333 114
7334 49
7335 7
7336 100
7337 7
7338 100
7339 114
7340 91
7341 7
7342 7
7343 7
7344 49
7345 7
7346 84
7347 7
7348 84
7349 109
7350 7
7351 100
7352 91
7353 49
7354 49
7355 49
7356 101
7357 112
7358 49
7359 91
7360 77
7361 114
7362 238
7363 7
7364 239
7365 49
7366 100
7367 100
7368 155
7369 7
7370 49
7371 112
7372 49
7373 114
7374 91
7375 7
7376 7
7377 168
7378 91
7379 84
7380 7
7381 49
7382 7
7383 49
7384 114
7385 84
7386 49
7387 7
7388 49
7389 84
7390 112
7391 49
7392 7
7393 7
7394 84
7395 112
7396 7
7397 240
7398 269
7399 91
7400 7
7401 227
7402 238
7403 7
7404 7
7405 43
7406 49
7407 114
7408 49
7409 100
7410 49
7411 84
7412 100
7413 49
7414 100
7415 49
7416 49
7417 84
7418 91
7419 49
7420 49
7421 49
7422 49
7423 49
7424 101
7425 7
7426 49
7427 82
7428 100
7429 49
7430 49
7431 120
7432 91
7433 38
7434 49
7435 49
7436 114
7437 114
7438 49
7439 100
7440 84
7441 91
7442 91
7443 7
7444 7
7445 49
7446 91
7447 91
7448 77
7449 91
7450 84
7451 84
7452 84
7453 84
7454 100
7455 91
7456 49
7457 112
7458 49
7459 114
7460 114
7461 100
7462 43
7463 7
7464 49
7465 49
7466 7
7467 91
7468 76
7469 49
7470 49
7471 91
7472 100
7473 84
7474 84
7475 84
7476 91
7477 49
7478 84
7479 84
7480 91
7481 114
7482 84
7483 114
7484 235
7485 91
7486 49
7487 91
7488 261
7489 49
7490 49
7491 263
7492 7
7493 84
7494 114
7495 4
7496 114
7497 114
7498 49
7499 216
7500 49
7501 114
7502 49
7503 7
7504 7
7505 100
7506 239
7507 101
7508 7
7509 43
7510 241
7511 112
7512 49
7513 49
7514 114
7515 114
7516 100
7517 43
7518 290
7519 84
7520 290
7521 91
7522 114
7523 49
7524 43
7525 84
7526 49
7527 43
7528 49
7529 101
7530 43
7531 84
7532 43
7533 101
7534 101
7535 101
7536 91
7537 49
7538 242
7539 43
7540 49
7541 101
7542 49
7543 7
7544 38
7545 49
7546 101
7547 43
7548 49
7549 91
7550 49
7551 49
7552 7
7553 91
7554 91
7555 133
7556 242
7557 114
7558 7
7559 114
7560 213
7561 49
7562 100
7563 91
7564 91
7565 7
7566 91
7567 35
7568 35
7569 49
7570 51
7571 100
7572 7
7573 7
7574 49
7575 114
7576 49
7577 7
7578 7
7579 100
7580 114
7581 243
7582 49
7583 299
7584 49
7585 7
7586 91
7587 49
7588 49
7589 244
7590 43
7591 91
7592 168
7593 159
7594 245
7595 84
7596 91
7597 38
7598 7
7599 100
7600 43
7601 91
7602 7
7603 84
7604 49
7605 7
7606 114
7607 49
7608 101
7609 84
7610 49
7611 7
7612 7
7613 91
7614 200
7615 7
7616 84
7617 7
7618 7
7619 112
7620 91
7621 84
7622 49
7623 7
7624 49
7625 91
7626 7
7627 7
7628 7
7629 7
7630 255
7631 49
7632 237
7633 65
7634 49
7635 7
7636 91
7637 112
7638 129
7639 100
7640 290
7641 7
7642 7
7643 7
7644 49
7645 49
7646 49
7647 49
7648 49
7649 91
7650 49
7651 7
7652 7
7653 49
7654 43
7655 49
7656 112
7657 49
7658 101
7659 247
7660 247
7661 49
7662 49
7663 84
7664 91
7665 43
7666 43
7667 84
7668 101
7669 248
7670 101
7671 101
7672 49
7673 114
7674 49
7675 49
7676 101
7677 7
7678 84
7679 77
7680 7
7681 84
7682 84
7683 49
7684 49
7685 7
7686 7
7687 7
7688 101
7689 7
7690 49
7691 7
7692 114
7693 49
7694 91
7695 101
7696 38
7697 77
7698 7
7699 7
7700 7
7701 91
7702 49
7703 279
7704 101
7705 101
7706 100
7707 43
7708 7
7709 84
7710 100
7711 114
7712 49
7713 91
7714 7
7715 7
7716 7
7717 249
7718 114
7719 114
7720 114
7721 7
7722 100
7723 114
7724 91
7725 7
7726 7
7727 49
7728 7
7729 101
7730 119
7731 84
7732 114
7733 114
7734 43
7735 7
7736 250
7737 38
7738 7
7739 49
7740 7
7741 91
7742 49
7743 100
7744 49
7745 100
7746 49
7747 100
7748 49
7749 101
7750 100
7751 100
7752 91
7753 49
7754 100
7755 114
7756 7
7757 100
7758 7
7759 49
7760 49
7761 49
7762 49
7763 100
7764 43
7765 112
7766 114
7767 112
7768 251
7769 7
7770 49
7771 49
7772 7
7773 7
7774 112
7775 49
7776 7
7777 147
7778 147
7779 38
7780 43
7781 49
7782 49
7783 7
7784 7
7785 114
7786 43
7787 49
7788 91
7789 84
7790 84
7791 114
7792 49
7793 84
7794 7
7795 7
7796 114
7797 49
7798 91
7799 200
7800 100
7801 84
7802 231
7803 49
7804 251
7805 49
7806 7
7807 91
7808 49
7809 101
7810 7
7811 100
7812 112
7813 252
7814 49
7815 114
7816 252
7817 7
7818 237
7819 101
7820 7
7821 91
7822 253
7823 49
7824 271
7825 84
7826 7
7827 49
7828 49
7829 7
7830 91
7831 7
7832 150
7833 49
7834 114
7835 7
7836 49
7837 49
7838 49
7839 49
7840 49
7841 7
7842 49
7843 247
7844 114
7845 114
7846 7
7847 112
7848 49
7849 49
7850 100
7851 43
7852 7
7853 7
7854 84
7855 279
7856 7
7857 7
7858 84
7859 7
7860 49
7861 94
7862 255
7863 112
7864 49
7865 7
7866 69
7867 114
7868 7
7869 100
7870 49
7871 120
7872 7
7873 49
7874 101
7875 101
7876 7
7877 290
7878 84
7879 84
7880 43
7881 7
7882 91
7883 100
7884 49
7885 49
7886 7
7887 49
7888 91
7889 49
7890 49
7891 114
7892 49
7893 112
7894 91
7895 101
7896 91
7897 36
7898 101
7899 43
7900 7
7901 49
7902 112
7903 168
7904 100
7905 100
7906 49
7907 114
7908 7
7909 91
7910 49
7911 49
7912 49
7913 7
7914 91
7915 84
7916 49
7917 49
7918 49
7919 7
7920 49
7921 49
7922 247
7923 91
7924 84
7925 114
7926 91
7927 101
7928 243
7929 114
7930 114
7931 49
7932 49
7933 84
7934 114
7935 91
7936 49
7937 256
7938 43
7939 49
7940 214
7941 49
7942 114
7943 49
7944 49
7945 49
7946 49
7947 49
7948 77
7949 7
7950 114
7951 49
7952 49
7953 7
7954 114
7955 49
7956 112
7957 114
7958 91
7959 114
7960 91
7961 49
7962 43
7963 100
7964 49
7965 7
7966 49
7967 252
7968 49
7969 7
7970 49
7971 84
7972 91
7973 49
7974 7
7975 49
7976 84
7977 91
7978 114
7979 49
7980 114
7981 100
7982 256
7983 49
7984 256
7985 7
7986 49
7987 49
7988 114
7989 114
7990 114
7991 230
7992 91
7993 271
7994 2
7995 256
7996 240
7997 114
7998 7
7999 91
8000 100
8001 91
8002 114
8003 7
8004 114
8005 215
8006 49
8007 91
8008 49
8009 114
8010 49
8011 232
8012 91
8013 150
8014 100
8015 91
8016 84
8017 43
8018 7
8019 43
8020 101
8021 36
8022 91
8023 7
8024 91
8025 49
8026 84
8027 256
8028 101
8029 91
8030 43
8031 91
8032 264
8033 101
8034 49
8035 7
8036 101
8037 49
8038 43
8039 101
8040 84
8041 7
8042 277
8043 49
8044 84
8045 84
8046 49
8047 49
8048 101
8049 43
8050 49
8051 7
8052 101
8053 101
8054 43
8055 91
8056 49
8057 43
8058 101
8059 7
8060 91
8061 256
8062 101
8063 43
8064 114
8065 114
8066 49
8067 7
8068 257
8069 114
8070 49
8071 100
8072 84
8073 100
8074 49
8075 49
8076 91
8077 7
8078 84
8079 100
8080 84
8081 92
8082 299
8083 49
8084 84
8085 91
8086 101
8087 84
8088 84
8089 49
8090 84
8091 7
8092 43
8093 91
8094 49
8095 101
8096 7
8097 7
8098 49
8099 91
8100 49
8101 114
8102 243
8103 274
8104 49
8105 100
8106 258
8107 84
8108 7
8109 49
8110 7
8111 91
8112 7
8113 43
8114 91
8115 114
8116 49
8117 7
8118 7
8119 7
8120 7
8121 7
8122 49
8123 100
8124 7
8125 7
8126 7
8127 7
8128 84
8129 80
8130 49
8131 49
8132 258
8133 7
8134 49
8135 100
8136 38
8137 112
8138 91
8139 49
8140 84
8141 247
8142 84
8143 49
8144 7
8145 84
8146 259
8147 7
8148 260
8149 84
8150 91
8151 84
8152 257
8153 100
8154 7
8155 49
8156 91
8157 49
8158 91
8159 49
8160 49
8161 114
8162 49
8163 100
8164 7
8165 49
8166 49
8167 49
8168 49
8169 259
8170 112
8171 49
8172 7
8173 84
8174 49
8175 114
8176 91
8177 7
8178 114
8179 49
8180 84
8181 7
8182 91
8183 49
8184 91
8185 168
8186 49
8187 49
8188 91
8189 114
8190 114
8191 49
8192 49
8193 49
8194 117
8195 7
8196 281
8197 84
8198 91
8199 101
8200 7
8201 91
8202 112
8203 84
8204 7
8205 84
8206 84
8207 114
8208 7
8209 43
8210 49
8211 97
8212 49
8213 112
8214 7
8215 43
8216 91
8217 101
8218 100
8219 7
8220 49
8221 100
8222 49
8223 49
8224 92
8225 91
8226 7
8227 84
8228 49
8229 7
8230 261
8231 7
8232 91
8233 236
8234 114
8235 7
8236 7
8237 38
8238 101
8239 49
8240 7
8241 84
8242 7
8243 7
8244 49
8245 91
8246 9
8247 91
8248 84
8249 100
8250 100
8251 91
8252 114
8253 91
8254 84
8255 158
8256 84
8257 84
8258 100
8259 7
8260 49
8261 43
8262 114
8263 91
8264 7
8265 49
8266 91
8267 7
8268 49
8269 49
8270 91
8271 91
8272 84
8273 7
8274 91
8275 262
8276 7
8277 258
8278 43
8279 84
8280 91
8281 234
8282 101
8283 84
8284 114
8285 49
8286 263
8287 49
8288 84
8289 49
8290 114
8291 7
8292 84
8293 264
8294 84
8295 49
8296 84
8297 49
8298 49
8299 49
8300 49
8301 49
8302 49
8303 84
8304 43
8305 7
8306 84
8307 43
8308 112
8309 7
8310 49
8311 91
8312 100
8313 7
8314 7
8315 7
8316 49
8317 84
8318 84
8319 7
8320 114
8321 49
8322 77
8323 114
8324 80
8325 238
8326 7
8327 265
8328 49
8329 49
8330 84
8331 84
8332 7
8333 49
8334 49
8335 49
8336 91
8337 46
8338 114
8339 7
8340 49
8341 43
8342 91
8343 7
8344 104
8345 49
8346 49
8347 264
8348 100
8349 7
8350 264
8351 49
8352 147
8353 84
8354 49
8355 43
8356 7
8357 7
8358 228
8359 252
8360 49
8361 49
8362 252
8363 49
8364 84
8365 7
8366 91
8367 7
8368 49
8369 7
8370 84
8371 267
8372 7
8373 7
8374 43
8375 49
8376 7
8377 43
8378 43
8379 91
8380 49
8381 100
8382 233
8383 7
8384 268
8385 84
8386 43
8387 100
8388 7
8389 207
8390 238
8391 49
8392 269
8393 91
8394 49
8395 270
8396 7
8397 91
8398 91
8399 49
8400 84
8401 114
8402 49
8403 91
8404 114
8405 43
8406 43
8407 100
8408 84
8409 84
8410 7
8411 49
8412 49
8413 84
8414 49
8415 112
8416 7
8417 49
8418 49
8419 114
8420 49
8421 100
8422 112
8423 7
8424 49
8425 49
8426 38
8427 112
8428 49
8429 103
8430 49
8431 114
8432 49
8433 114
8434 64
8435 49
8436 241
8437 7
8438 7
8439 7
8440 84
8441 43
8442 278
8443 49
8444 84
8445 91
8446 7
8447 241
8448 49
8449 7
8450 114
8451 263
8452 84
8453 7
8454 49
8455 101
8456 49
8457 91
8458 7
8459 7
8460 100
8461 84
8462 114
8463 112
8464 49
8465 7
8466 7
8467 114
8468 100
8469 91
8470 114
8471 91
8472 91
8473 100
8474 49
8475 49
8476 49
8477 7
8478 49
8479 7
8480 114
8481 84
8482 7
8483 101
8484 270
8485 49
8486 114
8487 49
8488 114
8489 49
8490 91
8491 43
8492 84
8493 100
8494 91
8495 49
8496 7
8497 84
8498 49
8499 100
8500 43
8501 91
8502 49
8503 101
8504 84
8505 101
8506 101
8507 101
8508 84
8509 101
8510 7
8511 49
8512 84
8513 84
8514 94
8515 49
8516 49
8517 101
8518 100
8519 49
8520 7
8521 101
8522 49
8523 49
8524 49
8525 49
8526 49
8527 84
8528 49
8529 100
8530 7
8531 91
8532 112
8533 100
8534 84
8535 7
8536 43
8537 49
8538 296
8539 7
8540 114
8541 238
8542 84
8543 91
8544 101
8545 49
8546 91
8547 101
8548 249
8549 49
8550 7
8551 7
8552 49
8553 90
8554 7
8555 43
8556 7
8557 84
8558 114
8559 7
8560 7
8561 0
8562 49
8563 49
8564 49
8565 7
8566 271
8567 101
8568 219
8569 100
8570 84
8571 49
8572 114
8573 100
8574 49
8575 73
8576 49
8577 84
8578 91
8579 84
8580 114
8581 101
8582 7
8583 91
8584 84
8585 49
8586 49
8587 43
8588 101
8589 49
8590 49
8591 49
8592 84
8593 4
8594 96
8595 43
8596 112
8597 208
8598 49
8599 101
8600 49
8601 36
8602 272
8603 101
8604 91
8605 49
8606 101
8607 7
8608 7
8609 91
8610 112
8611 49
8612 91
8613 101
8614 101
8615 101
8616 49
8617 101
8618 49
8619 49
8620 101
8621 49
8622 91
8623 91
8624 203
8625 84
8626 31
8627 84
8628 49
8629 7
8630 43
8631 84
8632 84
8633 49
8634 274
8635 43
8636 43
8637 49
8638 101
8639 7
8640 112
8641 7
8642 84
8643 259
8644 43
8645 49
8646 101
8647 49
8648 43
8649 51
8650 275
8651 101
8652 84
8653 84
8654 91
8655 101
8656 101
8657 101
8658 91
8659 91
8660 49
8661 7
8662 112
8663 84
8664 76
8665 114
8666 100
8667 101
8668 276
8669 7
8670 7
8671 7
8672 7
8673 100
8674 102
8675 49
8676 84
8677 84
8678 114
8679 100
8680 112
8681 100
8682 100
8683 7
8684 100
8685 7
8686 114
8687 49
8688 49
8689 38
8690 7
8691 49
8692 49
8693 114
8694 84
8695 112
8696 277
8697 7
8698 7
8699 7
8700 7
8701 91
8702 251
8703 84
8704 38
8705 7
8706 277
8707 49
8708 7
8709 7
8710 91
8711 114
8712 7
8713 7
8714 49
8715 84
8716 71
8717 91
8718 91
8719 91
8720 91
8721 101
8722 49
8723 91
8724 101
8725 112
8726 49
8727 49
8728 114
8729 49
8730 49
8731 49
8732 7
8733 101
8734 91
8735 277
8736 91
8737 49
8738 100
8739 49
8740 114
8741 7
8742 49
8743 114
8744 7
8745 100
8746 157
8747 100
8748 277
8749 248
8750 49
8751 49
8752 49
8753 49
8754 101
8755 101
8756 101
8757 101
8758 101
8759 7
8760 49
8761 84
8762 7
8763 101
8764 49
8765 100
8766 43
8767 49
8768 114
8769 112
8770 7
8771 100
8772 7
8773 7
8774 258
8775 49
8776 49
8777 114
8778 7
8779 112
8780 49
8781 112
8782 91
8783 49
8784 84
8785 7
8786 49
8787 49
8788 7
8789 100
8790 91
8791 49
8792 7
8793 49
8794 91
8795 91
8796 91
8797 43
8798 278
8799 35
8800 59
8801 43
8802 114
8803 100
8804 49
8805 114
8806 10
8807 100
8808 91
8809 22
8810 112
8811 112
8812 275
8813 91
8814 43
8815 43
8816 91
8817 112
8818 84
8819 49
8820 91
8821 49
8822 7
8823 91
8824 114
8825 7
8826 7
8827 101
8828 43
8829 49
8830 91
8831 7
8832 100
8833 1
8834 278
8835 91
8836 49
8837 84
8838 91
8839 49
8840 43
8841 49
8842 7
8843 279
8844 7
8845 43
8846 7
8847 280
8848 101
8849 7
8850 243
8851 101
8852 49
8853 91
8854 86
8855 84
8856 49
8857 84
8858 49
8859 274
8860 43
8861 7
8862 49
8863 49
8864 43
8865 7
8866 49
8867 91
8868 114
8869 84
8870 7
8871 84
8872 239
8873 91
8874 49
8875 7
8876 7
8877 239
8878 112
8879 84
8880 114
8881 49
8882 281
8883 49
8884 49
8885 100
8886 7
8887 7
8888 49
8889 49
8890 84
8891 7
8892 49
8893 100
8894 29
8895 278
8896 91
8897 299
8898 7
8899 49
8900 100
8901 102
8902 7
8903 49
8904 91
8905 49
8906 43
8907 49
8908 7
8909 7
8910 112
8911 49
8912 100
8913 7
8914 49
8915 49
8916 49
8917 77
8918 281
8919 49
8920 118
8921 293
8922 7
8923 7
8924 282
8925 49
8926 49
8927 49
8928 91
8929 91
8930 7
8931 7
8932 49
8933 114
8934 114
8935 49
8936 283
8937 84
8938 84
8939 84
8940 101
8941 101
8942 91
8943 101
8944 101
8945 43
8946 43
8947 101
8948 84
8949 91
8950 84
8951 36
8952 91
8953 101
8954 7
8955 91
8956 101
8957 84
8958 251
8959 7
8960 114
8961 283
8962 91
8963 49
8964 84
8965 177
8966 100
8967 284
8968 49
8969 7
8970 101
8971 43
8972 7
8973 49
8974 91
8975 112
8976 114
8977 49
8978 7
8979 84
8980 7
8981 91
8982 91
8983 7
8984 49
8985 237
8986 236
8987 38
8988 84
8989 49
8990 7
8991 7
8992 49
8993 91
8994 7
8995 7
8996 7
8997 91
8998 84
8999 84
9000 91
9001 101
9002 43
9003 7
9004 84
9005 101
9006 101
9007 91
9008 49
9009 49
9010 84
9011 114
9012 266
9013 43
9014 101
9015 101
9016 101
9017 49
9018 91
9019 101
9020 43
9021 101
9022 91
9023 7
9024 38
9025 43
9026 43
9027 114
9028 7
9029 49
9030 84
9031 101
9032 101
9033 84
9034 284
9035 7
9036 114
9037 114
9038 84
9039 253
9040 7
9041 49
9042 91
9043 91
9044 100
9045 100
9046 118
9047 84
9048 84
9049 203
9050 84
9051 91
9052 7
9053 285
9054 84
9055 7
9056 286
9057 91
9058 101
9059 38
9060 49
9061 100
9062 43
9063 219
9064 84
9065 287
9066 91
9067 7
9068 84
9069 100
9070 100
9071 49
9072 7
9073 84
9074 49
9075 7
9076 100
9077 7
9078 49
9079 7
9080 49
9081 84
9082 257
9083 91
9084 91
9085 91
9086 259
9087 100
9088 101
9089 84
9090 49
9091 7
9092 114
9093 7
9094 7
9095 49
9096 114
9097 7
9098 43
9099 7
9100 49
9101 49
9102 114
9103 7
9104 49
9105 49
9106 7
9107 114
9108 84
9109 43
9110 91
9111 84
9112 7
9113 49
9114 288
9115 49
9116 49
9117 112
9118 262
9119 114
9120 49
9121 100
9122 43
9123 114
9124 176
9125 43
9126 43
9127 91
9128 43
9129 114
9130 49
9131 7
9132 91
9133 49
9134 7
9135 49
9136 91
9137 7
9138 84
9139 114
9140 238
9141 49
9142 49
9143 49
9144 100
9145 84
9146 49
9147 7
9148 114
9149 100
9150 7
9151 49
9152 114
9153 274
9154 7
9155 112
9156 114
9157 7
9158 100
9159 7
9160 49
9161 49
9162 7
9163 7
9164 49
9165 114
9166 7
9167 7
9168 100
9169 43
9170 247
9171 84
9172 91
9173 187
9174 84
9175 269
9176 100
9177 49
9178 100
9179 91
9180 91
9181 91
9182 49
9183 7
9184 91
9185 49
9186 49
9187 114
9188 7
9189 84
9190 7
9191 43
9192 43
9193 112
9194 49
9195 7
9196 7
9197 77
9198 7
9199 7
9200 100
9201 112
9202 100
9203 114
9204 84
9205 49
9206 49
9207 49
9208 7
9209 49
9210 7
9211 7
9212 7
9213 84
9214 114
9215 114
9216 7
9217 49
9218 286
9219 91
9220 84
9221 91
9222 84
9223 49
9224 43
9225 91
9226 100
9227 49
9228 49
9229 112
9230 7
9231 84
9232 7
9233 43
9234 114
9235 100
9236 49
9237 7
9238 84
9239 49
9240 237
9241 7
9242 7
9243 27
9244 290
9245 7
9246 91
9247 84
9248 7
9249 7
9250 43
9251 7
9252 7
9253 291
9254 49
9255 114
9256 49
9257 91
9258 7
9259 7
9260 7
9261 49
9262 84
9263 84
9264 7
9265 49
9266 49
9267 101
9268 91
9269 198
9270 256
9271 91
9272 112
9273 91
9274 7
9275 179
9276 114
9277 49
9278 84
9279 293
9280 91
9281 7
9282 49
9283 43
9284 101
9285 49
9286 83
9287 112
9288 84
9289 101
9290 49
9291 114
9292 38
9293 100
9294 114
9295 91
9296 49
9297 49
9298 49
9299 49
9300 114
9301 7
9302 112
9303 91
9304 100
9305 91
9306 7
9307 84
9308 43
9309 7
9310 7
9311 100
9312 114
9313 91
9314 84
9315 100
9316 7
9317 49
9318 49
9319 84
9320 7
9321 84
9322 114
9323 49
9324 49
9325 49
9326 7
9327 114
9328 174
9329 101
9330 101
9331 49
9332 101
9333 84
9334 7
9335 112
9336 49
9337 84
9338 101
9339 101
9340 49
9341 49
9342 100
9343 7
9344 7
9345 43
9346 112
9347 7
9348 7
9349 7
9350 49
9351 292
9352 7
9353 100
9354 91
9355 168
9356 49
9357 43
9358 49
9359 49
9360 101
9361 91
9362 277
9363 38
9364 292
9365 49
9366 49
9367 217
9368 293
9369 7
9370 84
9371 100
9372 114
9373 49
9374 150
9375 84
9376 49
9377 113
9378 49
9379 91
9380 49
9381 114
9382 235
9383 7
9384 91
9385 7
9386 84
9387 91
9388 100
9389 112
9390 84
9391 84
9392 100
9393 114
9394 49
9395 101
9396 49
9397 84
9398 114
9399 49
9400 114
9401 7
9402 7
9403 7
9404 49
9405 84
9406 49
9407 49
9408 49
9409 49
9410 49
9411 101
9412 84
9413 237
9414 49
9415 49
9416 84
9417 114
9418 84
9419 84
9420 277
9421 81
9422 43
9423 7
9424 49
9425 43
9426 91
9427 49
9428 49
9429 237
9430 7
9431 114
9432 114
9433 7
9434 100
9435 49
9436 49
9437 43
9438 49
9439 100
9440 49
9441 100
9442 100
9443 84
9444 49
9445 7
9446 100
9447 49
9448 7
9449 49
9450 49
9451 295
9452 49
9453 49
9454 75
9455 84
9456 91
9457 91
9458 274
9459 7
9460 49
9461 100
9462 112
9463 38
9464 49
9465 7
9466 100
9467 100
9468 7
9469 100
9470 7
9471 236
9472 114
9473 112
9474 49
9475 84
9476 7
9477 84
9478 43
9479 294
9480 49
9481 91
9482 100
9483 100
9484 49
9485 114
9486 49
9487 49
9488 100
9489 202
9490 49
9491 114
9492 84
9493 84
9494 7
9495 104
9496 19
9497 49
9498 7
9499 7
9500 100
9501 281
9502 91
9503 38
9504 101
9505 7
9506 7
9507 49
9508 84
9509 91
9510 114
9511 100
9512 283
9513 43
9514 140
9515 7
9516 49
9517 100
9518 91
9519 7
9520 49
9521 100
9522 84
9523 7
9524 49
9525 43
9526 297
9527 295
9528 7
9529 100
9530 49
9531 114
9532 295
9533 43
9534 229
9535 49
9536 49
9537 49
9538 114
9539 296
9540 182
9541 49
9542 101
9543 114
9544 7
9545 114
9546 49
9547 131
9548 43
9549 7
9550 297
9551 91
9552 49
9553 298
9554 91
9555 49
9556 43
9557 84
9558 43
9559 164
9560 49
9561 7
9562 7
9563 49
9564 112
9565 49
9566 280
9567 84
9568 101
9569 43
9570 7
9571 49
9572 101
9573 190
9574 43
9575 84
9576 36
9577 91
9578 91
9579 100
9580 36
9581 49
9582 101
9583 101
9584 84
9585 43
9586 7
9587 49
9588 101
9589 84
9590 105
9591 49
9592 84
9593 43
9594 84
9595 114
9596 7
9597 101
9598 7
9599 84
9600 7
9601 49
9602 49
9603 225
9604 49
9605 114
9606 299
9607 91
9608 84
9609 91
9610 167
9611 49
9612 91
9613 7
9614 100
9615 49
9616 114
9617 114
9618 91
9619 43
9620 49
9621 49
9622 49
9623 91
9624 49
9625 84
9626 84
9627 49
9628 100
9629 100
9630 114
9631 112
9632 207
9633 84
9634 84
9635 84
9636 49
9637 84
9638 84
9639 49
9640 34
9641 7
9642 49
9643 100
9644 49
9645 7
9646 49
9647 43
9648 49
9649 101
9650 84
9651 84
9652 84
9653 84
9654 84
9655 49
9656 49
9657 100
9658 43
9659 36
9660 101
9661 49
9662 101
9663 101
9664 49
9665 84
9666 84
9667 49
9668 49
9669 91
9670 100
9671 100
9672 114
9673 84
9674 49
9675 100
9676 7
9677 7
9678 192
9679 136
9680 7
9681 45
9682 101
9683 49
9684 101
9685 7
9686 84
9687 296
9688 91
9689 100
9690 49
9691 49
9692 49
9693 112
9694 84
9695 114
9696 114
9697 114
9698 49
9699 49
9700 114
9701 43
9702 114
9703 114
9704 114
9705 241
9706 49
9707 184
9708 49
9709 112
9710 7
9711 49
9712 84
9713 49
9714 49
9715 100
9716 7
9717 7
9718 84
9719 7
9720 114
9721 7
9722 49
9723 84
9724 84
9725 112
9726 84
9727 112
9728 114
9729 100
9730 49
9731 49
9732 91
9733 49
9734 49
9735 49
9736 49
9737 49
9738 7
9739 296
9740 214
9741 84
9742 84
9743 49
9744 101
9745 43
9746 49
9747 91
9748 101
9749 7
9750 112
9751 7
9752 84
9753 7
9754 140
9755 49
9756 114
9757 26
9758 7
9759 282
9760 91
9761 91
9762 91
9763 290
9764 114
9765 264
9766 84
9767 49
9768 38
9769 114
9770 84
9771 297
9772 49
9773 43
9774 100
9775 7
9776 49
9777 7
9778 91
9779 84
9780 49
9781 49
9782 7
9783 84
9784 84
9785 270
9786 114
9787 38
9788 84
9789 49
9790 49
9791 38
9792 49
9793 84
9794 114
9795 287
9796 7
9797 38
9798 49
9799 49
9800 43
9801 296
9802 84
9803 24
9804 7
9805 45
9806 49
9807 49
9808 84
9809 101
9810 7
9811 49
9812 114
9813 114
9814 49
9815 43
9816 49
9817 100
9818 7
9819 84
9820 92
9821 91
9822 7
9823 7
9824 7
9825 49
9826 84
9827 84
9828 112
9829 84
9830 84
9831 91
9832 84
9833 84
9834 84
9835 114
9836 100
9837 91
9838 49
9839 49
9840 84
9841 114
9842 184
9843 100
9844 7
9845 287
9846 7
9847 7
9848 49
9849 100
9850 91
9851 114
9852 84
9853 101
9854 49
9855 49
9856 101
9857 84
9858 49
9859 84
9860 7
9861 49
9862 49
9863 49
9864 101
9865 49
9866 49
9867 49
9868 84
9869 49
9870 84
9871 114
9872 7
9873 101
9874 7
