141
0 41
1 14
2 41
3 25
4 41
5 41
6 14
7 16
8 41
9 92
10 25
11 14
12 14
13 16
14 16
15 16
16 41
17 25
18 41
19 16
20 16
21 16
22 16
23 41
24 16
25 16
26 41
27 121
28 41
29 25
30 41
31 41
32 16
33 25
34 25
35 41
36 25
37 16
38 41
39 41
40 16
41 16
42 14
43 41
44 41
45 25
46 25
47 25
48 14
49 41
50 25
51 41
52 41
53 14
54 25
55 41
56 16
57 16
58 41
59 41
60 16
61 16
62 41
63 16
64 41
65 41
66 41
67 41
68 25
69 16
70 16
71 16
72 41
73 41
74 25
75 14
76 16
77 14
78 41
79 41
80 16
81 0
82 25
83 25
84 16
85 41
86 41
87 1
88 41
89 41
90 25
91 41
92 16
93 25
94 41
95 14
96 25
97 14
98 41
99 14
100 16
101 41
102 41
103 41
104 14
105 41
106 16
107 41
108 14
109 14
110 14
111 14
112 16
113 41
114 41
115 41
116 41
117 16
118 41
119 41
120 2
121 41
122 25
123 16
124 41
125 131
126 41
127 41
128 41
129 16
130 41
131 16
132 25
133 41
134 27
135 14
136 41
137 25
138 16
139 41
140 16
141 41
142 16
143 16
144 25
145 14
146 41
147 41
148 14
149 41
150 41
151 16
152 41
153 16
154 41
155 41
156 14
157 25
158 14
159 41
160 3
161 108
162 108
163 41
164 41
165 16
166 16
167 112
168 41
169 25
170 41
171 16
172 16
173 41
174 41
175 16
176 16
177 4
178 16
179 41
180 1
181 25
182 41
183 16
184 41
185 41
186 16
187 41
188 41
189 41
190 16
191 41
192 25
193 41
194 41
195 16
196 41
197 25
198 41
199 41
200 16
201 41
202 5
203 25
204 14
205 14
206 41
207 25
208 25
209 16
210 14
211 41
212 25
213 41
214 41
215 41
216 41
217 41
218 14
219 41
220 41
221 41
222 41
223 16
224 25
225 25
226 41
227 41
228 41
229 41
230 41
231 106
232 41
233 41
234 6
235 41
236 41
237 16
238 41
239 25
240 41
241 41
242 25
243 14
244 41
245 41
246 41
247 14
248 16
249 41
250 41
251 41
252 16
253 16
254 7
255 41
256 16
257 41
258 41
259 16
260 41
261 41
262 14
263 41
264 14
265 14
266 41
267 14
268 16
269 16
270 41
271 41
272 41
273 14
274 16
275 41
276 41
277 16
278 41
279 41
280 41
281 25
282 16
283 41
284 41
285 41
286 41
287 41
288 41
289 14
290 93
291 41
292 16
293 41
294 41
295 16
296 14
297 41
298 41
299 41
300 41
301 16
302 41
303 25
304 14
305 16
306 16
307 14
308 41
309 79
310 41
311 16
312 41
313 14
314 14
315 41
316 8
317 41
318 41
319 41
320 41
321 14
322 41
323 41
324 16
325 16
326 25
327 41
328 25
329 41
330 41
331 41
332 41
333 41
334 41
335 41
336 41
337 14
338 14
339 14
340 41
341 41
342 41
343 41
344 16
345 9
346 41
347 41
348 41
349 14
350 41
351 41
352 41
353 16
354 41
355 41
356 14
357 41
358 41
359 41
360 25
361 41
362 16
363 94
364 117
365 41
366 16
367 16
368 41
369 41
370 14
371 16
372 14
373 41
374 14
375 41
376 41
377 41
378 16
379 41
380 14
381 41
382 14
383 41
384 16
385 16
386 10
387 41
388 41
389 14
390 41
391 14
392 41
393 5
394 41
395 109
396 14
397 14
398 25
399 25
400 14
401 41
402 14
403 41
404 41
405 41
406 16
407 41
408 41
409 108
410 41
411 14
412 41
413 14
414 14
415 14
416 41
417 14
418 41
419 41
420 25
421 25
422 14
423 41
424 41
425 41
426 41
427 41
428 41
429 41
430 41
431 14
432 16
433 41
434 41
435 41
436 41
437 41
438 16
439 41
440 41
441 41
442 16
443 14
444 16
445 16
446 41
447 41
448 41
449 41
450 16
451 41
452 16
453 41
454 11
455 16
456 41
457 91
458 25
459 41
460 25
461 25
462 116
463 25
464 16
465 41
466 41
467 10
468 14
469 25
470 25
471 41
472 25
473 14
474 41
475 41
476 41
477 25
478 41
479 25
480 41
481 41
482 25
483 16
484 9
485 25
486 41
487 25
488 25
489 41
490 41
491 12
492 14
493 41
494 41
495 16
496 25
497 14
498 14
499 25
500 14
501 41
502 25
503 41
504 41
505 25
506 14
507 13
508 14
509 16
510 41
511 41
512 41
513 41
514 41
515 14
516 16
517 41
518 14
519 16
520 41
521 14
522 1
523 41
524 41
525 41
526 41
527 41
528 41
529 25
530 41
531 41
532 41
533 14
534 41
535 16
536 14
537 41
538 25
539 41
540 41
541 41
542 41
543 41
544 41
545 41
546 41
547 41
548 41
549 41
550 41
551 41
552 41
553 25
554 14
555 111
556 41
557 41
558 41
559 41
560 41
561 16
562 41
563 41
564 25
565 41
566 41
567 41
568 25
569 41
570 25
571 41
572 92
573 25
574 41
575 41
576 41
577 41
578 41
579 16
580 25
581 14
582 16
583 16
584 25
585 25
586 16
587 41
588 14
589 41
590 41
591 16
592 41
593 14
594 41
595 14
596 41
597 41
598 41
599 41
600 16
601 41
602 41
603 14
604 14
605 25
606 25
607 41
608 41
609 41
610 41
611 16
612 15
613 16
614 41
615 14
616 14
617 16
618 14
619 16
620 16
621 16
622 25
623 41
624 25
625 14
626 16
627 41
628 41
629 17
630 25
631 25
632 38
633 41
634 16
635 41
636 41
637 14
638 16
639 16
640 41
641 25
642 16
643 41
644 16
645 41
646 25
647 41
648 14
649 16
650 18
651 41
652 41
653 41
654 41
655 41
656 41
657 25
658 16
659 41
660 16
661 41
662 41
663 41
664 41
665 16
666 16
667 104
668 41
669 41
670 25
671 120
672 41
673 25
674 41
675 14
676 14
677 14
678 19
679 14
680 25
681 25
682 41
683 14
684 41
685 16
686 14
687 16
688 41
689 41
690 16
691 41
692 14
693 41
694 25
695 41
696 41
697 41
698 25
699 16
700 41
701 41
702 16
703 16
704 25
705 41
706 41
707 41
708 41
709 41
710 41
711 41
712 41
713 100
714 14
715 14
716 20
717 16
718 25
719 25
720 41
721 41
722 16
723 14
724 41
725 16
726 16
727 41
728 16
729 41
730 41
731 16
732 41
733 16
734 41
735 41
736 41
737 100
738 41
739 41
740 41
741 41
742 16
743 41
744 25
745 21
746 14
747 16
748 25
749 41
750 14
751 14
752 41
753 14
754 25
755 41
756 16
757 41
758 14
759 41
760 16
761 25
762 41
763 14
764 41
765 16
766 14
767 14
768 16
769 14
770 41
771 14
772 41
773 41
774 41
775 41
776 41
777 41
778 14
779 41
780 14
781 25
782 41
783 41
784 25
785 14
786 25
787 41
788 25
789 41
790 41
791 41
792 14
793 16
794 14
795 41
796 14
797 41
798 25
799 16
800 41
801 16
802 41
803 41
804 41
805 14
806 41
807 25
808 16
809 41
810 14
811 41
812 16
813 41
814 16
815 41
816 41
817 41
818 41
819 41
820 22
821 14
822 41
823 16
824 25
825 41
826 25
827 14
828 66
829 16
830 25
831 41
832 16
833 25
834 41
835 93
836 23
837 14
838 41
839 41
840 24
841 25
842 41
843 25
844 41
845 41
846 41
847 41
848 14
849 14
850 25
851 41
852 41
853 41
854 41
855 41
856 25
857 41
858 41
859 41
860 41
861 41
862 41
863 16
864 41
865 16
866 41
867 41
868 14
869 41
870 25
871 41
872 41
873 41
874 41
875 41
876 41
877 14
878 16
879 41
880 41
881 16
882 16
883 16
884 41
885 16
886 41
887 41
888 41
889 41
890 16
891 41
892 41
893 41
894 25
895 16
896 16
897 41
898 16
899 41
900 16
901 16
902 41
903 41
904 14
905 41
906 41
907 14
908 41
909 41
910 14
911 41
912 25
913 41
914 16
915 41
916 41
917 14
918 41
919 41
920 41
921 16
922 41
923 41
924 41
925 41
926 41
927 41
928 14
929 14
930 41
931 14
932 14
933 41
934 41
935 41
936 41
937 14
938 41
939 41
940 14
941 25
942 26
943 16
944 25
945 14
946 41
947 16
948 41
949 16
950 14
951 41
952 16
953 16
954 41
955 16
956 16
957 27
958 41
959 41
960 41
961 41
962 41
963 14
964 41
965 41
966 16
967 41
968 41
969 41
970 41
971 41
972 41
973 41
974 41
975 41
976 38
977 41
978 41
979 41
980 41
981 41
982 41
983 41
984 41
985 28
986 41
987 41
988 41
989 41
990 41
991 16
992 16
993 41
994 14
995 41
996 41
997 25
998 16
999 41
1000 41
1001 25
1002 41
1003 41
1004 41
1005 25
1006 14
1007 14
1008 41
1009 41
1010 16
1011 25
1012 41
1013 41
1014 14
1015 41
1016 14
1017 16
1018 14
1019 16
1020 41
1021 25
1022 41
1023 41
1024 25
1025 41
1026 14
1027 41
1028 41
1029 41
1030 25
1031 41
1032 29
1033 41
1034 41
1035 129
1036 25
1037 14
1038 41
1039 41
1040 14
1041 2
1042 41
1043 25
1044 41
1045 41
1046 14
1047 41
1048 41
1049 25
1050 41
1051 41
1052 41
1053 41
1054 30
1055 41
1056 41
1057 25
1058 16
1059 25
1060 25
1061 41
1062 41
1063 41
1064 41
1065 41
1066 41
1067 14
1068 14
1069 41
1070 41
1071 25
1072 25
1073 16
1074 41
1075 25
1076 41
1077 41
1078 41
1079 41
1080 41
1081 41
1082 41
1083 41
1084 46
1085 41
1086 25
1087 41
1088 16
1089 25
1090 16
1091 16
1092 16
1093 41
1094 26
1095 41
1096 14
1097 41
1098 41
1099 41
1100 25
1101 16
1102 41
1103 25
1104 14
1105 25
1106 41
1107 16
1108 25
1109 41
1110 14
1111 14
1112 16
1113 25
1114 41
1115 16
1116 41
1117 14
1118 41
1119 41
1120 26
1121 41
1122 31
1123 41
1124 41
1125 41
1126 25
1127 41
1128 14
1129 25
1130 16
1131 41
1132 41
1133 41
1134 16
1135 41
1136 25
1137 16
1138 41
1139 41
1140 41
1141 14
1142 41
1143 14
1144 14
1145 41
1146 41
1147 25
1148 25
1149 41
1150 25
1151 41
1152 16
1153 16
1154 41
1155 41
1156 41
1157 41
1158 41
1159 16
1160 41
1161 41
1162 16
1163 14
1164 32
1165 14
1166 41
1167 16
1168 16
1169 14
1170 14
1171 14
1172 41
1173 25
1174 41
1175 14
1176 41
1177 41
1178 41
1179 41
1180 41
1181 41
1182 41
1183 41
1184 41
1185 16
1186 25
1187 41
1188 41
1189 14
1190 41
1191 16
1192 41
1193 41
1194 41
1195 41
1196 41
1197 16
1198 14
1199 25
1200 41
1201 41
1202 25
1203 16
1204 25
1205 16
1206 16
1207 41
1208 41
1209 16
1210 41
1211 41
1212 16
1213 41
1214 41
1215 16
1216 41
1217 101
1218 41
1219 16
1220 16
1221 16
1222 16
1223 41
1224 14
1225 25
1226 16
1227 16
1228 14
1229 14
1230 16
1231 41
1232 41
1233 41
1234 41
1235 25
1236 16
1237 41
1238 41
1239 41
1240 25
1241 41
1242 41
1243 14
1244 41
1245 41
1246 41
1247 41
1248 41
1249 41
1250 16
1251 25
1252 25
1253 41
1254 41
1255 41
1256 41
1257 14
1258 14
1259 25
1260 25
1261 41
1262 41
1263 41
1264 41
1265 14
1266 41
1267 41
1268 41
1269 41
1270 41
1271 41
1272 16
1273 25
1274 41
1275 41
1276 14
1277 16
1278 41
1279 41
1280 14
1281 14
1282 14
1283 41
1284 41
1285 14
1286 41
1287 41
1288 83
1289 41
1290 16
1291 41
1292 14
1293 41
1294 14
1295 41
1296 16
1297 41
1298 41
1299 4
1300 41
1301 14
1302 41
1303 16
1304 25
1305 41
1306 41
1307 25
1308 25
1309 41
1310 41
1311 16
1312 16
1313 33
1314 25
1315 41
1316 25
1317 16
1318 41
1319 41
1320 41
1321 25
1322 41
1323 14
1324 16
1325 41
1326 41
1327 14
1328 16
1329 16
1330 25
1331 16
1332 41
1333 25
1334 41
1335 41
1336 25
1337 14
1338 14
1339 14
1340 25
1341 16
1342 16
1343 41
1344 41
1345 25
1346 41
1347 41
1348 16
1349 16
1350 41
1351 41
1352 16
1353 41
1354 25
1355 41
1356 41
1357 25
1358 16
1359 41
1360 41
1361 41
1362 41
1363 14
1364 41
1365 41
1366 14
1367 14
1368 14
1369 16
1370 41
1371 41
1372 25
1373 16
1374 41
1375 16
1376 14
1377 41
1378 41
1379 25
1380 41
1381 41
1382 41
1383 41
1384 41
1385 41
1386 14
1387 25
1388 14
1389 41
1390 41
1391 41
1392 14
1393 41
1394 14
1395 14
1396 16
1397 16
1398 25
1399 41
1400 41
1401 25
1402 14
1403 41
1404 41
1405 41
1406 16
1407 25
1408 41
1409 41
1410 41
1411 25
1412 41
1413 41
1414 25
1415 125
1416 14
1417 25
1418 41
1419 25
1420 41
1421 41
1422 41
1423 41
1424 41
1425 41
1426 41
1427 41
1428 41
1429 41
1430 34
1431 25
1432 41
1433 41
1434 41
1435 41
1436 16
1437 25
1438 16
1439 41
1440 25
1441 41
1442 14
1443 14
1444 16
1445 25
1446 14
1447 41
1448 41
1449 41
1450 41
1451 16
1452 41
1453 25
1454 16
1455 41
1456 16
1457 41
1458 16
1459 14
1460 41
1461 41
1462 41
1463 41
1464 16
1465 16
1466 139
1467 41
1468 41
1469 126
1470 16
1471 41
1472 16
1473 41
1474 41
1475 41
1476 41
1477 41
1478 16
1479 35
1480 41
1481 16
1482 25
1483 41
1484 41
1485 14
1486 41
1487 25
1488 14
1489 16
1490 41
1491 41
1492 41
1493 16
1494 41
1495 41
1496 16
1497 41
1498 106
1499 41
1500 36
1501 14
1502 41
1503 16
1504 25
1505 41
1506 41
1507 14
1508 14
1509 41
1510 41
1511 41
1512 41
1513 41
1514 25
1515 16
1516 41
1517 14
1518 41
1519 16
1520 41
1521 16
1522 41
1523 41
1524 41
1525 25
1526 41
1527 41
1528 25
1529 41
1530 41
1531 41
1532 14
1533 41
1534 41
1535 41
1536 41
1537 41
1538 41
1539 41
1540 14
1541 41
1542 89
1543 14
1544 41
1545 25
1546 41
1547 41
1548 16
1549 41
1550 41
1551 41
1552 16
1553 41
1554 41
1555 16
1556 16
1557 41
1558 41
1559 14
1560 41
1561 41
1562 14
1563 132
1564 41
1565 41
1566 41
1567 14
1568 25
1569 41
1570 16
1571 16
1572 41
1573 25
1574 16
1575 41
1576 41
1577 41
1578 41
1579 16
1580 41
1581 41
1582 16
1583 41
1584 41
1585 14
1586 41
1587 41
1588 25
1589 14
1590 16
1591 41
1592 41
1593 41
1594 16
1595 14
1596 16
1597 14
1598 14
1599 36
1600 41
1601 41
1602 41
1603 41
1604 37
1605 14
1606 41
1607 25
1608 25
1609 16
1610 41
1611 41
1612 41
1613 41
1614 41
1615 41
1616 14
1617 41
1618 41
1619 41
1620 41
1621 41
1622 16
1623 41
1624 9
1625 14
1626 41
1627 41
1628 41
1629 16
1630 41
1631 41
1632 16
1633 41
1634 25
1635 41
1636 41
1637 16
1638 16
1639 25
1640 41
1641 41
1642 16
1643 41
1644 41
1645 41
1646 14
1647 41
1648 41
1649 14
1650 25
1651 16
1652 25
1653 16
1654 41
1655 16
1656 16
1657 41
1658 16
1659 25
1660 14
1661 41
1662 41
1663 41
1664 41
1665 14
1666 41
1667 14
1668 41
1669 41
1670 16
1671 16
1672 41
1673 16
1674 41
1675 41
1676 38
1677 25
1678 41
1679 14
1680 14
1681 16
1682 41
1683 14
1684 14
1685 41
1686 41
1687 41
1688 41
1689 16
1690 41
1691 64
1692 41
1693 41
1694 25
1695 25
1696 41
1697 25
1698 14
1699 41
1700 41
1701 41
1702 41
1703 14
1704 16
1705 41
1706 41
1707 25
1708 41
1709 25
1710 41
1711 41
1712 16
1713 1
1714 41
1715 41
1716 41
1717 14
1718 41
1719 16
1720 41
1721 41
1722 41
1723 16
1724 16
1725 25
1726 41
1727 14
1728 16
1729 25
1730 41
1731 14
1732 41
1733 14
1734 41
1735 106
1736 41
1737 41
1738 25
1739 16
1740 41
1741 16
1742 25
1743 16
1744 41
1745 41
1746 41
1747 16
1748 41
1749 41
1750 22
1751 16
1752 41
1753 41
1754 41
1755 41
1756 41
1757 41
1758 25
1759 16
1760 25
1761 41
1762 41
1763 47
1764 41
1765 41
1766 41
1767 14
1768 25
1769 25
1770 41
1771 16
1772 16
1773 14
1774 41
1775 14
1776 100
1777 39
1778 41
1779 41
1780 14
1781 41
1782 41
1783 41
1784 41
1785 16
1786 41
1787 41
1788 41
1789 40
1790 41
1791 41
1792 41
1793 14
1794 41
1795 25
1796 41
1797 41
1798 41
1799 41
1800 41
1801 41
1802 25
1803 16
1804 41
1805 41
1806 25
1807 1
1808 1
1809 41
1810 41
1811 41
1812 14
1813 14
1814 41
1815 25
1816 25
1817 16
1818 41
1819 16
1820 25
1821 41
1822 41
1823 14
1824 16
1825 41
1826 41
1827 41
1828 118
1829 41
1830 14
1831 25
1832 41
1833 41
1834 41
1835 41
1836 41
1837 41
1838 22
1839 41
1840 41
1841 41
1842 14
1843 41
1844 41
1845 14
1846 16
1847 41
1848 16
1849 41
1850 41
1851 16
1852 14
1853 41
1854 41
1855 25
1856 25
1857 41
1858 41
1859 41
1860 41
1861 41
1862 16
1863 92
1864 41
1865 16
1866 41
1867 41
1868 25
1869 41
1870 16
1871 41
1872 41
1873 41
1874 41
1875 25
1876 41
1877 25
1878 14
1879 16
1880 41
1881 41
1882 16
1883 41
1884 139
1885 92
1886 41
1887 41
1888 41
1889 16
1890 41
1891 41
1892 41
1893 42
1894 41
1895 41
1896 41
1897 41
1898 14
1899 41
1900 16
1901 16
1902 41
1903 16
1904 105
1905 41
1906 41
1907 41
1908 41
1909 41
1910 14
1911 41
1912 41
1913 41
1914 25
1915 41
1916 25
1917 41
1918 41
1919 16
1920 16
1921 41
1922 1
1923 90
1924 41
1925 41
1926 14
1927 41
1928 41
1929 41
1930 89
1931 25
1932 14
1933 41
1934 41
1935 41
1936 16
1937 41
1938 41
1939 16
1940 16
1941 41
1942 41
1943 25
1944 41
1945 41
1946 41
1947 25
1948 41
1949 41
1950 43
1951 16
1952 133
1953 41
1954 25
1955 41
1956 16
1957 25
1958 16
1959 16
1960 16
1961 41
1962 41
1963 41
1964 41
1965 41
1966 41
1967 41
1968 41
1969 41
1970 41
1971 16
1972 16
1973 14
1974 41
1975 41
1976 41
1977 41
1978 16
1979 41
1980 14
1981 41
1982 41
1983 81
1984 41
1985 41
1986 41
1987 41
1988 41
1989 16
1990 41
1991 41
1992 41
1993 25
1994 16
1995 41
1996 41
1997 25
1998 41
1999 23
2000 14
2001 44
2002 25
2003 25
2004 41
2005 25
2006 41
2007 25
2008 25
2009 16
2010 41
2011 41
2012 16
2013 25
2014 41
2015 16
2016 45
2017 41
2018 41
2019 16
2020 41
2021 41
2022 16
2023 41
2024 16
2025 16
2026 41
2027 41
2028 41
2029 14
2030 16
2031 41
2032 16
2033 114
2034 41
2035 41
2036 41
2037 41
2038 14
2039 14
2040 41
2041 14
2042 41
2043 41
2044 14
2045 41
2046 41
2047 25
2048 41
2049 16
2050 41
2051 16
2052 139
2053 41
2054 16
2055 14
2056 41
2057 16
2058 25
2059 14
2060 25
2061 41
2062 41
2063 41
2064 25
2065 14
2066 14
2067 41
2068 41
2069 41
2070 41
2071 41
2072 41
2073 41
2074 16
2075 41
2076 41
2077 41
2078 41
2079 41
2080 14
2081 45
2082 41
2083 41
2084 41
2085 41
2086 14
2087 41
2088 41
2089 14
2090 14
2091 14
2092 41
2093 14
2094 14
2095 14
2096 25
2097 41
2098 41
2099 25
2100 41
2101 14
2102 41
2103 41
2104 16
2105 16
2106 41
2107 14
2108 41
2109 16
2110 41
2111 16
2112 41
2113 41
2114 41
2115 14
2116 25
2117 41
2118 16
2119 41
2120 41
2121 41
2122 41
2123 46
2124 41
2125 41
2126 41
2127 41
2128 41
2129 41
2130 41
2131 41
2132 41
2133 41
2134 16
2135 14
2136 14
2137 41
2138 27
2139 41
2140 41
2141 14
2142 14
2143 93
2144 41
2145 41
2146 41
2147 41
2148 47
2149 41
2150 16
2151 41
2152 41
2153 14
2154 41
2155 41
2156 16
2157 16
2158 41
2159 41
2160 41
2161 41
2162 41
2163 41
2164 41
2165 41
2166 25
2167 41
2168 14
2169 14
2170 14
2171 41
2172 41
2173 41
2174 25
2175 14
2176 26
2177 16
2178 25
2179 48
2180 49
2181 16
2182 50
2183 50
2184 14
2185 14
2186 41
2187 41
2188 16
2189 41
2190 41
2191 41
2192 14
2193 16
2194 51
2195 41
2196 41
2197 16
2198 16
2199 41
2200 52
2201 52
2202 25
2203 41
2204 41
2205 41
2206 41
2207 41
2208 16
2209 14
2210 16
2211 16
2212 16
2213 16
2214 25
2215 16
2216 41
2217 41
2218 41
2219 41
2220 25
2221 53
2222 41
2223 25
2224 16
2225 14
2226 41
2227 41
2228 25
2229 41
2230 14
2231 16
2232 14
2233 41
2234 41
2235 41
2236 41
2237 25
2238 41
2239 16
2240 41
2241 14
2242 16
2243 41
2244 16
2245 41
2246 41
2247 14
2248 54
2249 25
2250 41
2251 41
2252 41
2253 16
2254 41
2255 55
2256 41
2257 16
2258 41
2259 41
2260 25
2261 16
2262 16
2263 14
2264 41
2265 41
2266 41
2267 41
2268 16
2269 41
2270 41
2271 16
2272 41
2273 41
2274 41
2275 41
2276 41
2277 41
2278 25
2279 16
2280 138
2281 16
2282 16
2283 56
2284 41
2285 41
2286 16
2287 41
2288 41
2289 16
2290 14
2291 14
2292 16
2293 41
2294 41
2295 57
2296 41
2297 41
2298 16
2299 25
2300 16
2301 41
2302 41
2303 14
2304 41
2305 14
2306 16
2307 41
2308 25
2309 14
2310 16
2311 58
2312 14
2313 14
2314 41
2315 41
2316 25
2317 41
2318 41
2319 25
2320 14
2321 41
2322 14
2323 41
2324 41
2325 59
2326 16
2327 41
2328 41
2329 16
2330 16
2331 41
2332 41
2333 41
2334 41
2335 41
2336 16
2337 91
2338 132
2339 16
2340 41
2341 14
2342 41
2343 14
2344 41
2345 14
2346 41
2347 16
2348 14
2349 41
2350 16
2351 25
2352 41
2353 16
2354 16
2355 41
2356 41
2357 60
2358 41
2359 16
2360 25
2361 14
2362 25
2363 14
2364 41
2365 25
2366 41
2367 41
2368 16
2369 41
2370 41
2371 61
2372 41
2373 41
2374 1
2375 25
2376 41
2377 25
2378 16
2379 41
2380 25
2381 16
2382 41
2383 16
2384 62
2385 41
2386 41
2387 14
2388 41
2389 41
2390 63
2391 41
2392 41
2393 16
2394 25
2395 41
2396 14
2397 41
2398 41
2399 16
2400 41
2401 41
2402 16
2403 16
2404 41
2405 41
2406 16
2407 16
2408 16
2409 16
2410 16
2411 41
2412 41
2413 14
2414 41
2415 41
2416 43
2417 41
2418 16
2419 16
2420 64
2421 41
2422 25
2423 16
2424 41
2425 41
2426 14
2427 25
2428 25
2429 120
2430 14
2431 41
2432 41
2433 41
2434 16
2435 41
2436 16
2437 102
2438 25
2439 41
2440 41
2441 41
2442 94
2443 14
2444 25
2445 41
2446 14
2447 41
2448 41
2449 102
2450 41
2451 14
2452 25
2453 41
2454 41
2455 41
2456 41
2457 41
2458 41
2459 25
2460 41
2461 41
2462 58
2463 41
2464 41
2465 16
2466 41
2467 41
2468 14
2469 41
2470 16
2471 25
2472 41
2473 16
2474 16
2475 16
2476 16
2477 41
2478 16
2479 16
2480 41
2481 65
2482 41
2483 41
2484 41
2485 16
2486 41
2487 41
2488 16
2489 41
2490 41
2491 41
2492 41
2493 41
2494 41
2495 25
2496 41
2497 41
2498 41
2499 41
2500 41
2501 25
2502 14
2503 25
2504 41
2505 41
2506 25
2507 41
2508 25
2509 25
2510 14
2511 41
2512 66
2513 25
2514 41
2515 41
2516 41
2517 41
2518 16
2519 25
2520 16
2521 16
2522 25
2523 25
2524 67
2525 41
2526 41
2527 41
2528 41
2529 41
2530 14
2531 25
2532 16
2533 92
2534 14
2535 16
2536 41
2537 25
2538 16
2539 41
2540 14
2541 41
2542 25
2543 16
2544 41
2545 16
2546 41
2547 16
2548 41
2549 41
2550 41
2551 14
2552 14
2553 41
2554 41
2555 16
2556 16
2557 41
2558 16
2559 41
2560 41
2561 41
2562 41
2563 41
2564 41
2565 41
2566 14
2567 16
2568 16
2569 14
2570 68
2571 41
2572 16
2573 41
2574 16
2575 16
2576 41
2577 41
2578 41
2579 41
2580 41
2581 16
2582 41
2583 69
2584 41
2585 25
2586 41
2587 89
2588 14
2589 55
2590 41
2591 25
2592 41
2593 25
2594 41
2595 41
2596 25
2597 41
2598 70
2599 16
2600 25
2601 14
2602 25
2603 25
2604 16
2605 41
2606 25
2607 25
2608 25
2609 41
2610 41
2611 16
2612 41
2613 14
2614 41
2615 41
2616 71
2617 41
2618 25
2619 41
2620 41
2621 16
2622 16
2623 41
2624 41
2625 25
2626 112
2627 41
2628 41
2629 41
2630 14
2631 41
2632 14
2633 14
2634 41
2635 41
2636 41
2637 41
2638 16
2639 14
2640 41
2641 89
2642 14
2643 41
2644 41
2645 41
2646 41
2647 14
2648 16
2649 14
2650 41
2651 41
2652 41
2653 25
2654 41
2655 41
2656 41
2657 41
2658 41
2659 72
2660 41
2661 14
2662 41
2663 41
2664 14
2665 25
2666 25
2667 25
2668 41
2669 41
2670 16
2671 41
2672 41
2673 41
2674 41
2675 41
2676 25
2677 16
2678 41
2679 41
2680 14
2681 41
2682 16
2683 14
2684 16
2685 41
2686 41
2687 41
2688 41
2689 41
2690 41
2691 14
2692 25
2693 41
2694 16
2695 41
2696 14
2697 41
2698 16
2699 16
2700 41
2701 41
2702 41
2703 41
2704 41
2705 41
2706 25
2707 41
2708 41
2709 14
2710 14
2711 94
2712 25
2713 14
2714 41
2715 25
2716 41
2717 41
2718 41
2719 16
2720 25
2721 16
2722 41
2723 14
2724 16
2725 16
2726 41
2727 41
2728 14
2729 25
2730 41
2731 41
2732 41
2733 41
2734 14
2735 41
2736 14
2737 41
2738 41
2739 16
2740 40
2741 41
2742 16
2743 25
2744 19
2745 16
2746 41
2747 41
2748 73
2749 16
2750 41
2751 41
2752 41
2753 14
2754 25
2755 41
2756 41
2757 14
2758 41
2759 16
2760 41
2761 16
2762 41
2763 16
2764 41
2765 16
2766 25
2767 14
2768 41
2769 16
2770 41
2771 41
2772 74
2773 41
2774 16
2775 41
2776 41
2777 41
2778 16
2779 41
2780 25
2781 41
2782 41
2783 25
2784 41
2785 14
2786 41
2787 16
2788 16
2789 41
2790 41
2791 41
2792 41
2793 41
2794 16
2795 41
2796 16
2797 41
2798 41
2799 41
2800 110
2801 16
2802 16
2803 41
2804 41
2805 14
2806 41
2807 14
2808 14
2809 1
2810 25
2811 14
2812 16
2813 41
2814 41
2815 90
2816 41
2817 25
2818 11
2819 14
2820 16
2821 41
2822 137
2823 41
2824 41
2825 41
2826 16
2827 75
2828 14
2829 41
2830 41
2831 41
2832 41
2833 41
2834 41
2835 14
2836 14
2837 25
2838 41
2839 16
2840 41
2841 14
2842 41
2843 25
2844 14
2845 41
2846 14
2847 41
2848 14
2849 41
2850 41
2851 41
2852 16
2853 16
2854 14
2855 7
2856 41
2857 41
2858 41
2859 41
2860 76
2861 16
2862 14
2863 25
2864 41
2865 41
2866 14
2867 25
2868 41
2869 41
2870 14
2871 41
2872 41
2873 41
2874 1
2875 1
2876 77
2877 41
2878 16
2879 16
2880 39
2881 16
2882 64
2883 41
2884 25
2885 41
2886 16
2887 14
2888 41
2889 14
2890 16
2891 41
2892 14
2893 41
2894 41
2895 41
2896 78
2897 41
2898 41
2899 14
2900 41
2901 41
2902 41
2903 14
2904 14
2905 41
2906 41
2907 16
2908 14
2909 41
2910 41
2911 41
2912 41
2913 41
2914 25
2915 41
2916 41
2917 41
2918 41
2919 25
2920 41
2921 16
2922 16
2923 41
2924 14
2925 41
2926 79
2927 14
2928 25
2929 41
2930 14
2931 41
2932 41
2933 41
2934 16
2935 41
2936 14
2937 41
2938 41
2939 41
2940 41
2941 16
2942 25
2943 41
2944 14
2945 14
2946 14
2947 14
2948 80
2949 41
2950 41
2951 41
2952 41
2953 41
2954 41
2955 16
2956 16
2957 41
2958 41
2959 81
2960 16
2961 14
2962 25
2963 25
2964 82
2965 83
2966 41
2967 41
2968 41
2969 41
2970 41
2971 25
2972 14
2973 41
2974 41
2975 41
2976 41
2977 41
2978 41
2979 41
2980 16
2981 41
2982 41
2983 25
2984 41
2985 41
2986 41
2987 14
2988 41
2989 41
2990 16
2991 41
2992 25
2993 41
2994 25
2995 41
2996 41
2997 25
2998 41
2999 25
3000 41
3001 41
3002 16
3003 41
3004 25
3005 41
3006 41
3007 14
3008 41
3009 25
3010 16
3011 41
3012 41
3013 16
3014 41
3015 41
3016 41
3017 14
3018 41
3019 41
3020 41
3021 41
3022 16
3023 16
3024 41
3025 25
3026 25
3027 24
3028 14
3029 95
3030 14
3031 41
3032 41
3033 14
3034 16
3035 41
3036 25
3037 41
3038 41
3039 41
3040 41
3041 14
3042 16
3043 41
3044 14
3045 41
3046 84
3047 41
3048 41
3049 16
3050 16
3051 16
3052 14
3053 14
3054 41
3055 41
3056 41
3057 14
3058 41
3059 41
3060 41
3061 41
3062 14
3063 41
3064 25
3065 16
3066 16
3067 25
3068 16
3069 14
3070 41
3071 16
3072 14
3073 16
3074 41
3075 16
3076 41
3077 41
3078 41
3079 41
3080 41
3081 89
3082 16
3083 75
3084 42
3085 41
3086 41
3087 25
3088 41
3089 41
3090 85
3091 14
3092 25
3093 41
3094 41
3095 127
3096 41
3097 41
3098 41
3099 25
3100 41
3101 41
3102 6
3103 85
3104 41
3105 41
3106 41
3107 41
3108 25
3109 41
3110 41
3111 16
3112 41
3113 41
3114 41
3115 41
3116 41
3117 16
3118 25
3119 16
3120 77
3121 41
3122 16
3123 41
3124 14
3125 16
3126 41
3127 41
3128 14
3129 16
3130 41
3131 41
3132 41
3133 41
3134 41
3135 41
3136 41
3137 41
3138 14
3139 41
3140 41
3141 41
3142 14
3143 16
3144 16
3145 41
3146 41
3147 41
3148 16
3149 41
3150 41
3151 41
3152 14
3153 41
3154 16
3155 14
3156 16
3157 41
3158 41
3159 25
3160 14
3161 25
3162 41
3163 41
3164 14
3165 41
3166 16
3167 14
3168 41
3169 41
3170 41
3171 41
3172 41
3173 41
3174 41
3175 16
3176 16
3177 16
3178 41
3179 16
3180 41
3181 86
3182 16
3183 41
3184 41
3185 14
3186 14
3187 41
3188 25
3189 14
3190 87
3191 14
3192 16
3193 16
3194 41
3195 41
3196 14
3197 14
3198 41
3199 124
3200 41
3201 41
3202 14
3203 41
3204 41
3205 41
3206 41
3207 14
3208 41
3209 41
3210 41
3211 41
3212 18
3213 88
3214 25
3215 41
3216 41
3217 41
3218 41
3219 25
3220 41
3221 41
3222 41
3223 16
3224 41
3225 41
3226 41
3227 14
3228 14
3229 25
3230 16
3231 16
3232 41
3233 41
3234 16
3235 41
3236 14
3237 41
3238 41
3239 41
3240 25
3241 41
3242 41
3243 89
3244 41
3245 14
3246 7
3247 25
3248 14
3249 41
3250 14
3251 14
3252 25
3253 41
3254 41
3255 41
3256 41
3257 41
3258 16
3259 41
3260 41
3261 41
3262 14
3263 41
3264 14
3265 41
3266 41
3267 41
3268 25
3269 41
3270 41
3271 66
3272 41
3273 25
3274 90
3275 25
3276 41
3277 41
3278 41
3279 41
3280 41
3281 41
3282 41
3283 41
3284 25
3285 16
3286 41
3287 41
3288 41
3289 41
3290 41
3291 41
3292 16
3293 41
3294 41
3295 14
3296 14
3297 41
3298 25
3299 25
3300 41
3301 41
3302 41
3303 17
3304 71
3305 41
3306 16
3307 41
3308 90
3309 16
3310 41
3311 41
3312 16
3313 16
3314 41
3315 16
3316 25
3317 16
3318 16
3319 41
3320 99
3321 16
3322 41
3323 16
3324 41
3325 14
3326 41
3327 41
3328 41
3329 41
3330 41
3331 41
3332 25
3333 41
3334 41
3335 41
3336 41
3337 41
3338 16
3339 16
3340 41
3341 41
3342 14
3343 41
3344 14
3345 41
3346 89
3347 16
3348 41
3349 14
3350 41
3351 41
3352 41
3353 41
3354 91
3355 41
3356 41
3357 41
3358 25
3359 41
3360 41
3361 41
3362 14
3363 25
3364 16
3365 14
3366 41
3367 16
3368 41
3369 41
3370 105
3371 14
3372 25
3373 25
3374 41
3375 41
3376 41
3377 41
3378 14
3379 41
3380 41
3381 41
3382 61
3383 16
3384 41
3385 41
3386 41
3387 41
3388 16
3389 25
3390 16
3391 16
3392 41
3393 16
3394 16
3395 111
3396 14
3397 14
3398 41
3399 92
3400 41
3401 16
3402 14
3403 41
3404 16
3405 25
3406 14
3407 41
3408 41
3409 16
3410 41
3411 41
3412 14
3413 16
3414 12
3415 41
3416 14
3417 41
3418 14
3419 41
3420 41
3421 16
3422 41
3423 41
3424 93
3425 41
3426 41
3427 16
3428 41
3429 41
3430 41
3431 16
3432 16
3433 41
3434 41
3435 94
3436 41
3437 41
3438 41
3439 41
3440 41
3441 25
3442 41
3443 41
3444 41
3445 16
3446 41
3447 14
3448 16
3449 25
3450 41
3451 41
3452 41
3453 41
3454 41
3455 16
3456 16
3457 25
3458 41
3459 14
3460 41
3461 14
3462 14
3463 41
3464 3
3465 41
3466 25
3467 41
3468 27
3469 41
3470 41
3471 16
3472 41
3473 16
3474 41
3475 41
3476 25
3477 41
3478 25
3479 41
3480 16
3481 41
3482 41
3483 25
3484 25
3485 14
3486 14
3487 16
3488 14
3489 25
3490 41
3491 41
3492 16
3493 41
3494 41
3495 110
3496 14
3497 41
3498 25
3499 16
3500 41
3501 41
3502 16
3503 122
3504 41
3505 25
3506 41
3507 16
3508 41
3509 41
3510 41
3511 41
3512 95
3513 41
3514 41
3515 16
3516 41
3517 16
3518 41
3519 41
3520 41
3521 41
3522 41
3523 96
3524 25
3525 41
3526 41
3527 14
3528 16
3529 41
3530 41
3531 41
3532 41
3533 41
3534 41
3535 14
3536 41
3537 25
3538 14
3539 25
3540 41
3541 41
3542 41
3543 41
3544 16
3545 13
3546 16
3547 41
3548 41
3549 16
3550 41
3551 41
3552 14
3553 25
3554 41
3555 25
3556 41
3557 16
3558 14
3559 41
3560 16
3561 16
3562 41
3563 41
3564 16
3565 41
3566 41
3567 41
3568 14
3569 41
3570 41
3571 131
3572 25
3573 25
3574 25
3575 41
3576 41
3577 16
3578 41
3579 16
3580 25
3581 16
3582 41
3583 14
3584 14
3585 41
3586 25
3587 14
3588 41
3589 109
3590 25
3591 41
3592 14
3593 41
3594 41
3595 16
3596 41
3597 16
3598 25
3599 25
3600 41
3601 25
3602 41
3603 41
3604 25
3605 41
3606 41
3607 14
3608 16
3609 14
3610 41
3611 41
3612 41
3613 41
3614 41
3615 41
3616 16
3617 16
3618 14
3619 16
3620 41
3621 41
3622 16
3623 25
3624 14
3625 41
3626 16
3627 14
3628 25
3629 41
3630 14
3631 41
3632 41
3633 14
3634 41
3635 41
3636 16
3637 16
3638 25
3639 14
3640 16
3641 41
3642 41
3643 14
3644 16
3645 14
3646 25
3647 16
3648 16
3649 16
3650 14
3651 41
3652 1
3653 25
3654 16
3655 41
3656 41
3657 41
3658 41
3659 16
3660 41
3661 41
3662 41
3663 41
3664 41
3665 14
3666 41
3667 14
3668 25
3669 41
3670 41
3671 41
3672 16
3673 25
3674 14
3675 14
3676 41
3677 41
3678 16
3679 97
3680 25
3681 14
3682 41
3683 16
3684 16
3685 41
3686 41
3687 25
3688 41
3689 16
3690 25
3691 16
3692 41
3693 41
3694 41
3695 25
3696 41
3697 41
3698 16
3699 41
3700 41
3701 16
3702 41
3703 41
3704 25
3705 16
3706 41
3707 25
3708 14
3709 14
3710 41
3711 14
3712 41
3713 16
3714 16
3715 16
3716 16
3717 41
3718 113
3719 41
3720 14
3721 41
3722 41
3723 41
3724 41
3725 16
3726 25
3727 41
3728 25
3729 89
3730 41
3731 14
3732 41
3733 94
3734 41
3735 16
3736 41
3737 41
3738 14
3739 41
3740 16
3741 41
3742 41
3743 41
3744 41
3745 16
3746 41
3747 1
3748 14
3749 41
3750 41
3751 25
3752 41
3753 16
3754 41
3755 41
3756 41
3757 41
3758 41
3759 14
3760 41
3761 25
3762 41
3763 16
3764 41
3765 41
3766 25
3767 14
3768 41
3769 41
3770 41
3771 98
3772 41
3773 98
3774 25
3775 41
3776 41
3777 41
3778 16
3779 41
3780 41
3781 41
3782 25
3783 41
3784 99
3785 41
3786 25
3787 41
3788 16
3789 41
3790 100
3791 41
3792 25
3793 41
3794 41
3795 41
3796 25
3797 41
3798 41
3799 25
3800 14
3801 41
3802 25
3803 101
3804 25
3805 41
3806 16
3807 41
3808 41
3809 25
3810 41
3811 41
3812 16
3813 41
3814 25
3815 41
3816 25
3817 41
3818 41
3819 16
3820 41
3821 16
3822 102
3823 41
3824 41
3825 25
3826 16
3827 25
3828 41
3829 103
3830 25
3831 41
3832 41
3833 41
3834 41
3835 41
3836 16
3837 41
3838 58
3839 41
3840 41
3841 27
3842 14
3843 14
3844 16
3845 14
3846 25
3847 41
3848 41
3849 41
3850 84
3851 41
3852 41
3853 41
3854 25
3855 41
3856 14
3857 94
3858 41
3859 41
3860 16
3861 41
3862 25
3863 41
3864 41
3865 14
3866 41
3867 41
3868 14
3869 14
3870 41
3871 41
3872 25
3873 16
3874 41
3875 41
3876 41
3877 14
3878 41
3879 41
3880 41
3881 14
3882 41
3883 16
3884 41
3885 41
3886 41
3887 41
3888 41
3889 14
3890 41
3891 14
3892 14
3893 41
3894 16
3895 14
3896 41
3897 41
3898 104
3899 41
3900 16
3901 14
3902 41
3903 131
3904 25
3905 16
3906 41
3907 41
3908 41
3909 41
3910 14
3911 41
3912 41
3913 25
3914 41
3915 25
3916 41
3917 16
3918 25
3919 41
3920 41
3921 25
3922 16
3923 25
3924 14
3925 25
3926 41
3927 1
3928 25
3929 41
3930 22
3931 41
3932 14
3933 41
3934 41
3935 41
3936 41
3937 41
3938 41
3939 14
3940 16
3941 41
3942 16
3943 16
3944 41
3945 41
3946 14
3947 41
3948 14
3949 25
3950 93
3951 41
3952 16
3953 14
3954 41
3955 14
3956 41
3957 16
3958 41
3959 41
3960 16
3961 25
3962 41
3963 41
3964 41
3965 41
3966 16
3967 14
3968 41
3969 41
3970 14
3971 16
3972 41
3973 41
3974 41
3975 41
3976 16
3977 16
3978 16
3979 41
3980 71
3981 41
3982 14
3983 41
3984 41
3985 41
3986 105
3987 41
3988 94
3989 16
3990 16
3991 132
3992 25
3993 16
3994 41
3995 14
3996 14
3997 25
3998 14
3999 41
4000 41
4001 41
4002 41
4003 41
4004 41
4005 41
4006 25
4007 41
4008 41
4009 16
4010 41
4011 41
4012 41
4013 41
4014 14
4015 16
4016 16
4017 106
4018 25
4019 41
4020 14
4021 25
4022 16
4023 16
4024 16
4025 14
4026 41
4027 14
4028 14
4029 25
4030 16
4031 41
4032 25
4033 41
4034 114
4035 41
4036 25
4037 41
4038 14
4039 41
4040 16
4041 41
4042 41
4043 41
4044 16
4045 25
4046 41
4047 41
4048 14
4049 41
4050 41
4051 41
4052 16
4053 41
4054 41
4055 41
4056 16
4057 14
4058 99
4059 41
4060 14
4061 41
4062 41
4063 14
4064 41
4065 41
4066 16
4067 14
4068 25
4069 41
4070 16
4071 41
4072 41
4073 25
4074 25
4075 41
4076 16
4077 16
4078 41
4079 16
4080 14
4081 41
4082 14
4083 41
4084 16
4085 14
4086 64
4087 16
4088 16
4089 25
4090 41
4091 41
4092 41
4093 25
4094 25
4095 41
4096 41
4097 41
4098 41
4099 25
4100 25
4101 41
4102 16
4103 41
4104 90
4105 41
4106 16
4107 14
4108 25
4109 25
4110 41
4111 107
4112 41
4113 25
4114 41
4115 41
4116 14
4117 41
4118 25
4119 41
4120 1
4121 41
4122 16
4123 41
4124 16
4125 41
4126 41
4127 16
4128 16
4129 41
4130 14
4131 94
4132 14
4133 41
4134 41
4135 25
4136 42
4137 41
4138 41
4139 41
4140 14
4141 41
4142 41
4143 41
4144 41
4145 41
4146 89
4147 41
4148 41
4149 16
4150 41
4151 25
4152 25
4153 41
4154 41
4155 41
4156 41
4157 41
4158 41
4159 25
4160 41
4161 25
4162 41
4163 41
4164 41
4165 14
4166 14
4167 14
4168 41
4169 14
4170 41
4171 41
4172 41
4173 41
4174 14
4175 41
4176 14
4177 16
4178 16
4179 41
4180 14
4181 14
4182 41
4183 14
4184 14
4185 16
4186 41
4187 41
4188 41
4189 41
4190 41
4191 41
4192 41
4193 25
4194 25
4195 41
4196 41
4197 14
4198 16
4199 25
4200 41
4201 41
4202 16
4203 41
4204 41
4205 25
4206 16
4207 41
4208 41
4209 34
4210 41
4211 41
4212 16
4213 41
4214 41
4215 41
4216 41
4217 41
4218 41
4219 41
4220 41
4221 41
4222 14
4223 16
4224 41
4225 14
4226 25
4227 41
4228 41
4229 41
4230 14
4231 14
4232 41
4233 14
4234 41
4235 16
4236 41
4237 14
4238 41
4239 16
4240 41
4241 41
4242 16
4243 41
4244 41
4245 14
4246 41
4247 41
4248 14
4249 41
4250 14
4251 14
4252 17
4253 25
4254 41
4255 16
4256 41
4257 41
4258 41
4259 16
4260 16
4261 41
4262 41
4263 41
4264 41
4265 41
4266 41
4267 41
4268 25
4269 108
4270 41
4271 14
4272 41
4273 25
4274 14
4275 119
4276 14
4277 14
4278 14
4279 14
4280 41
4281 25
4282 41
4283 41
4284 16
4285 25
4286 14
4287 41
4288 41
4289 41
4290 41
4291 41
4292 41
4293 41
4294 1
4295 41
4296 25
4297 14
4298 14
4299 41
4300 16
4301 41
4302 16
4303 25
4304 14
4305 14
4306 41
4307 93
4308 14
4309 1
4310 14
4311 41
4312 14
4313 41
4314 1
4315 14
4316 14
4317 109
4318 41
4319 14
4320 25
4321 41
4322 41
4323 41
4324 41
4325 41
4326 41
4327 41
4328 41
4329 41
4330 110
4331 111
4332 41
4333 41
4334 16
4335 41
4336 41
4337 16
4338 41
4339 41
4340 41
4341 16
4342 41
4343 41
4344 41
4345 41
4346 41
4347 25
4348 25
4349 69
4350 41
4351 41
4352 41
4353 41
4354 14
4355 41
4356 14
4357 14
4358 41
4359 112
4360 16
4361 41
4362 41
4363 41
4364 41
4365 16
4366 41
4367 41
4368 16
4369 14
4370 16
4371 14
4372 14
4373 41
4374 41
4375 41
4376 25
4377 41
4378 14
4379 41
4380 41
4381 25
4382 25
4383 41
4384 14
4385 41
4386 41
4387 14
4388 41
4389 41
4390 41
4391 25
4392 41
4393 41
4394 41
4395 41
4396 41
4397 41
4398 25
4399 41
4400 16
4401 41
4402 41
4403 41
4404 16
4405 41
4406 1
4407 16
4408 25
4409 25
4410 25
4411 41
4412 41
4413 41
4414 14
4415 25
4416 25
4417 41
4418 14
4419 41
4420 25
4421 25
4422 41
4423 41
4424 41
4425 16
4426 41
4427 41
4428 41
4429 104
4430 14
4431 16
4432 25
4433 41
4434 14
4435 99
4436 41
4437 41
4438 41
4439 41
4440 16
4441 41
4442 25
4443 16
4444 113
4445 41
4446 14
4447 41
4448 41
4449 16
4450 41
4451 41
4452 41
4453 41
4454 41
4455 41
4456 41
4457 41
4458 16
4459 41
4460 25
4461 16
4462 114
4463 41
4464 41
4465 14
4466 41
4467 41
4468 41
4469 16
4470 41
4471 41
4472 41
4473 16
4474 41
4475 16
4476 115
4477 14
4478 41
4479 41
4480 41
4481 41
4482 16
4483 16
4484 16
4485 41
4486 41
4487 41
4488 41
4489 41
4490 41
4491 25
4492 41
4493 41
4494 41
4495 16
4496 16
4497 25
4498 25
4499 41
4500 16
4501 41
4502 41
4503 41
4504 41
4505 41
4506 41
4507 41
4508 14
4509 16
4510 41
4511 16
4512 41
4513 41
4514 16
4515 41
4516 14
4517 41
4518 41
4519 41
4520 41
4521 25
4522 25
4523 41
4524 16
4525 16
4526 16
4527 41
4528 41
4529 41
4530 41
4531 41
4532 25
4533 41
4534 108
4535 25
4536 41
4537 16
4538 41
4539 41
4540 25
4541 14
4542 14
4543 16
4544 25
4545 16
4546 41
4547 41
4548 16
4549 25
4550 41
4551 16
4552 41
4553 14
4554 41
4555 16
4556 14
4557 41
4558 41
4559 109
4560 25
4561 14
4562 41
4563 25
4564 16
4565 16
4566 41
4567 41
4568 41
4569 41
4570 14
4571 25
4572 16
4573 25
4574 25
4575 116
4576 41
4577 16
4578 16
4579 16
4580 41
4581 41
4582 89
4583 41
4584 41
4585 41
4586 41
4587 41
4588 16
4589 41
4590 41
4591 41
4592 14
4593 16
4594 12
4595 12
4596 41
4597 41
4598 41
4599 25
4600 25
4601 16
4602 16
4603 41
4604 16
4605 16
4606 16
4607 41
4608 41
4609 41
4610 41
4611 25
4612 110
4613 41
4614 41
4615 25
4616 25
4617 14
4618 25
4619 25
4620 41
4621 41
4622 41
4623 41
4624 41
4625 25
4626 41
4627 41
4628 14
4629 41
4630 16
4631 41
4632 41
4633 16
4634 14
4635 41
4636 41
4637 41
4638 41
4639 41
4640 41
4641 14
4642 41
4643 41
4644 16
4645 16
4646 16
4647 41
4648 41
4649 111
4650 41
4651 16
4652 41
4653 41
4654 112
4655 41
4656 41
4657 41
4658 41
4659 41
4660 25
4661 14
4662 16
4663 41
4664 14
4665 41
4666 41
4667 41
4668 41
4669 41
4670 25
4671 16
4672 14
4673 16
4674 25
4675 41
4676 25
4677 41
4678 25
4679 41
4680 41
4681 41
4682 14
4683 41
4684 41
4685 41
4686 41
4687 16
4688 41
4689 25
4690 41
4691 41
4692 14
4693 16
4694 41
4695 16
4696 41
4697 41
4698 25
4699 25
4700 16
4701 41
4702 41
4703 41
4704 16
4705 25
4706 41
4707 41
4708 14
4709 25
4710 25
4711 14
4712 41
4713 41
4714 14
4715 41
4716 14
4717 41
4718 25
4719 41
4720 14
4721 108
4722 41
4723 41
4724 41
4725 41
4726 14
4727 41
4728 41
4729 25
4730 41
4731 41
4732 41
4733 59
4734 41
4735 41
4736 41
4737 41
4738 16
4739 16
4740 41
4741 41
4742 41
4743 41
4744 41
4745 14
4746 14
4747 14
4748 41
4749 41
4750 41
4751 14
4752 16
4753 14
4754 41
4755 41
4756 41
4757 41
4758 107
4759 41
4760 41
4761 14
4762 41
4763 25
4764 16
4765 41
4766 41
4767 25
4768 41
4769 41
4770 41
4771 25
4772 41
4773 16
4774 41
4775 25
4776 41
4777 41
4778 41
4779 41
4780 16
4781 41
4782 41
4783 16
4784 41
4785 41
4786 16
4787 41
4788 113
4789 16
4790 16
4791 41
4792 14
4793 16
4794 14
4795 41
4796 41
4797 14
4798 25
4799 25
4800 16
4801 41
4802 25
4803 25
4804 25
4805 25
4806 25
4807 16
4808 41
4809 41
4810 41
4811 14
4812 41
4813 41
4814 14
4815 41
4816 25
4817 14
4818 41
4819 121
4820 41
4821 14
4822 41
4823 14
4824 41
4825 41
4826 41
4827 16
4828 121
4829 41
4830 41
4831 16
4832 41
4833 14
4834 14
4835 14
4836 14
4837 16
4838 16
4839 41
4840 14
4841 14
4842 41
4843 25
4844 16
4845 14
4846 114
4847 114
4848 41
4849 14
4850 41
4851 41
4852 16
4853 25
4854 41
4855 41
4856 14
4857 41
4858 41
4859 16
4860 41
4861 16
4862 16
4863 41
4864 41
4865 41
4866 41
4867 25
4868 14
4869 41
4870 25
4871 88
4872 41
4873 25
4874 41
4875 16
4876 14
4877 16
4878 14
4879 41
4880 41
4881 16
4882 41
4883 14
4884 41
4885 136
4886 16
4887 41
4888 41
4889 41
4890 41
4891 41
4892 41
4893 41
4894 41
4895 14
4896 41
4897 25
4898 14
4899 41
4900 41
4901 25
4902 14
4903 41
4904 41
4905 41
4906 25
4907 41
4908 41
4909 41
4910 14
4911 13
4912 41
4913 41
4914 41
4915 16
4916 41
4917 41
4918 16
4919 16
4920 41
4921 41
4922 41
4923 16
4924 16
4925 41
4926 16
4927 16
4928 16
4929 41
4930 16
4931 41
4932 16
4933 16
4934 41
4935 16
4936 25
4937 41
4938 14
4939 41
4940 14
4941 41
4942 14
4943 41
4944 41
4945 41
4946 14
4947 41
4948 96
4949 41
4950 41
4951 41
4952 115
4953 25
4954 41
4955 41
4956 41
4957 41
4958 41
4959 25
4960 14
4961 41
4962 16
4963 41
4964 41
4965 25
4966 1
4967 41
4968 14
4969 116
4970 16
4971 41
4972 41
4973 14
4974 41
4975 41
4976 16
4977 16
4978 41
4979 16
4980 16
4981 16
4982 41
4983 41
4984 16
4985 14
4986 25
4987 41
4988 25
4989 14
4990 16
4991 16
4992 14
4993 41
4994 41
4995 16
4996 14
4997 25
4998 16
4999 16
5000 25
5001 93
5002 25
5003 41
5004 16
5005 117
5006 14
5007 16
5008 41
5009 16
5010 41
5011 41
5012 80
5013 41
5014 41
5015 17
5016 41
5017 118
5018 14
5019 41
5020 25
5021 41
5022 41
5023 25
5024 14
5025 41
5026 25
5027 41
5028 41
5029 16
5030 41
5031 16
5032 41
5033 16
5034 16
5035 16
5036 41
5037 41
5038 16
5039 93
5040 16
5041 41
5042 41
5043 41
5044 14
5045 119
5046 14
5047 41
5048 41
5049 25
5050 25
5051 41
5052 41
5053 41
5054 41
5055 16
5056 16
5057 41
5058 16
5059 16
5060 41
5061 120
5062 41
5063 41
5064 41
5065 41
5066 14
5067 25
5068 19
5069 121
5070 41
5071 14
5072 41
5073 41
5074 41
5075 41
5076 16
5077 16
5078 41
5079 25
5080 16
5081 16
5082 41
5083 14
5084 16
5085 41
5086 41
5087 25
5088 14
5089 41
5090 25
5091 14
5092 14
5093 10
5094 10
5095 14
5096 41
5097 41
5098 41
5099 14
5100 41
5101 41
5102 25
5103 14
5104 25
5105 16
5106 25
5107 16
5108 16
5109 16
5110 14
5111 41
5112 41
5113 14
5114 16
5115 14
5116 41
5117 16
5118 41
5119 41
5120 41
5121 41
5122 41
5123 41
5124 41
5125 41
5126 25
5127 41
5128 25
5129 41
5130 41
5131 41
5132 16
5133 16
5134 25
5135 16
5136 41
5137 41
5138 41
5139 16
5140 14
5141 41
5142 41
5143 25
5144 16
5145 16
5146 16
5147 89
5148 16
5149 41
5150 41
5151 14
5152 41
5153 41
5154 135
5155 16
5156 16
5157 41
5158 41
5159 41
5160 41
5161 25
5162 25
5163 31
5164 41
5165 41
5166 41
5167 41
5168 41
5169 41
5170 64
5171 25
5172 41
5173 16
5174 41
5175 41
5176 41
5177 93
5178 16
5179 16
5180 41
5181 93
5182 16
5183 41
5184 16
5185 41
5186 41
5187 41
5188 41
5189 41
5190 41
5191 41
5192 41
5193 41
5194 16
5195 16
5196 41
5197 41
5198 41
5199 41
5200 25
5201 122
5202 41
5203 41
5204 41
5205 41
5206 14
5207 41
5208 14
5209 16
5210 25
5211 16
5212 41
5213 14
5214 25
5215 41
5216 25
5217 41
5218 14
5219 25
5220 14
5221 25
5222 41
5223 41
5224 41
5225 25
5226 25
5227 41
5228 26
5229 41
5230 41
5231 14
5232 25
5233 41
5234 41
5235 14
5236 41
5237 41
5238 92
5239 41
5240 33
5241 41
5242 41
5243 41
5244 41
5245 41
5246 41
5247 41
5248 41
5249 14
5250 25
5251 16
5252 41
5253 41
5254 41
5255 41
5256 14
5257 41
5258 41
5259 41
5260 41
5261 16
5262 16
5263 41
5264 41
5265 16
5266 41
5267 41
5268 16
5269 41
5270 41
5271 41
5272 41
5273 16
5274 41
5275 14
5276 41
5277 14
5278 41
5279 41
5280 41
5281 16
5282 14
5283 41
5284 41
5285 41
5286 14
5287 16
5288 41
5289 25
5290 16
5291 41
5292 25
5293 41
5294 16
5295 14
5296 41
5297 41
5298 41
5299 25
5300 41
5301 14
5302 41
5303 16
5304 41
5305 41
5306 14
5307 41
5308 41
5309 41
5310 25
5311 41
5312 14
5313 25
5314 25
5315 14
5316 14
5317 41
5318 41
5319 14
5320 25
5321 41
5322 114
5323 82
5324 41
5325 41
5326 41
5327 16
5328 41
5329 123
5330 41
5331 16
5332 16
5333 41
5334 25
5335 16
5336 41
5337 41
5338 41
5339 41
5340 41
5341 14
5342 41
5343 16
5344 14
5345 41
5346 25
5347 14
5348 16
5349 25
5350 16
5351 41
5352 41
5353 14
5354 41
5355 16
5356 41
5357 14
5358 14
5359 14
5360 124
5361 25
5362 16
5363 41
5364 25
5365 25
5366 14
5367 14
5368 41
5369 118
5370 25
5371 25
5372 41
5373 14
5374 41
5375 76
5376 25
5377 25
5378 110
5379 41
5380 25
5381 41
5382 16
5383 41
5384 115
5385 117
5386 41
5387 16
5388 16
5389 41
5390 125
5391 41
5392 41
5393 41
5394 41
5395 25
5396 25
5397 25
5398 41
5399 41
5400 41
5401 96
5402 60
5403 14
5404 41
5405 14
5406 16
5407 25
5408 41
5409 25
5410 25
5411 41
5412 14
5413 16
5414 41
5415 25
5416 16
5417 16
5418 41
5419 41
5420 41
5421 41
5422 16
5423 25
5424 16
5425 41
5426 41
5427 41
5428 126
5429 126
5430 14
5431 25
5432 16
5433 16
5434 16
5435 41
5436 16
5437 41
5438 16
5439 114
5440 16
5441 94
5442 41
5443 37
5444 16
5445 25
5446 16
5447 14
5448 41
5449 41
5450 41
5451 41
5452 14
5453 41
5454 41
5455 14
5456 102
5457 102
5458 14
5459 16
5460 16
5461 16
5462 16
5463 16
5464 41
5465 41
5466 25
5467 41
5468 41
5469 120
5470 76
5471 14
5472 41
5473 41
5474 41
5475 41
5476 16
5477 14
5478 41
5479 41
5480 25
5481 41
5482 41
5483 41
5484 25
5485 41
5486 41
5487 25
5488 41
5489 41
5490 41
5491 63
5492 41
5493 41
5494 41
5495 41
5496 14
5497 41
5498 25
5499 127
5500 41
5501 41
5502 41
5503 41
5504 41
5505 41
5506 14
5507 41
5508 41
5509 14
5510 14
5511 16
5512 25
5513 41
5514 41
5515 16
5516 41
5517 41
5518 41
5519 16
5520 41
5521 16
5522 16
5523 14
5524 25
5525 41
5526 41
5527 16
5528 41
5529 41
5530 41
5531 14
5532 41
5533 2
5534 16
5535 41
5536 41
5537 25
5538 25
5539 41
5540 14
5541 25
5542 128
5543 41
5544 41
5545 41
5546 41
5547 41
5548 41
5549 41
5550 41
5551 16
5552 14
5553 16
5554 16
5555 25
5556 16
5557 41
5558 41
5559 41
5560 41
5561 41
5562 41
5563 16
5564 41
5565 41
5566 16
5567 41
5568 66
5569 41
5570 41
5571 14
5572 16
5573 16
5574 14
5575 41
5576 41
5577 25
5578 41
5579 25
5580 41
5581 16
5582 101
5583 16
5584 41
5585 16
5586 41
5587 41
5588 129
5589 16
5590 14
5591 14
5592 41
5593 14
5594 41
5595 25
5596 41
5597 41
5598 41
5599 41
5600 41
5601 41
5602 41
5603 14
5604 41
5605 41
5606 41
5607 41
5608 16
5609 14
5610 41
5611 16
5612 14
5613 16
5614 41
5615 41
5616 41
5617 41
5618 121
5619 16
5620 41
5621 25
5622 41
5623 25
5624 41
5625 41
5626 41
5627 41
5628 16
5629 41
5630 41
5631 41
5632 14
5633 16
5634 41
5635 25
5636 41
5637 41
5638 41
5639 16
5640 41
5641 14
5642 14
5643 41
5644 41
5645 41
5646 16
5647 16
5648 41
5649 41
5650 41
5651 41
5652 25
5653 41
5654 41
5655 41
5656 40
5657 14
5658 16
5659 41
5660 41
5661 41
5662 41
5663 41
5664 25
5665 130
5666 41
5667 41
5668 41
5669 41
5670 41
5671 16
5672 25
5673 41
5674 16
5675 14
5676 1
5677 25
5678 1
5679 16
5680 14
5681 41
5682 41
5683 41
5684 41
5685 14
5686 16
5687 14
5688 41
5689 14
5690 14
5691 14
5692 25
5693 16
5694 25
5695 41
5696 41
5697 16
5698 41
5699 14
5700 16
5701 41
5702 41
5703 41
5704 41
5705 16
5706 16
5707 41
5708 14
5709 41
5710 41
5711 16
5712 16
5713 25
5714 16
5715 41
5716 41
5717 25
5718 16
5719 41
5720 14
5721 41
5722 16
5723 41
5724 41
5725 16
5726 41
5727 25
5728 41
5729 41
5730 41
5731 41
5732 41
5733 14
5734 41
5735 25
5736 41
5737 41
5738 41
5739 131
5740 41
5741 41
5742 14
5743 113
5744 25
5745 14
5746 16
5747 41
5748 25
5749 25
5750 25
5751 41
5752 41
5753 41
5754 41
5755 41
5756 41
5757 14
5758 14
5759 1
5760 14
5761 25
5762 16
5763 41
5764 25
5765 41
5766 41
5767 41
5768 122
5769 41
5770 41
5771 16
5772 16
5773 14
5774 41
5775 25
5776 25
5777 16
5778 41
5779 16
5780 41
5781 25
5782 41
5783 1
5784 41
5785 41
5786 25
5787 41
5788 41
5789 41
5790 41
5791 14
5792 16
5793 41
5794 41
5795 41
5796 16
5797 41
5798 41
5799 41
5800 14
5801 16
5802 41
5803 16
5804 41
5805 14
5806 14
5807 41
5808 41
5809 41
5810 41
5811 41
5812 16
5813 16
5814 25
5815 41
5816 41
5817 25
5818 41
5819 16
5820 32
5821 32
5822 14
5823 25
5824 14
5825 64
5826 16
5827 25
5828 25
5829 41
5830 41
5831 41
5832 14
5833 41
5834 25
5835 35
5836 41
5837 16
5838 41
5839 16
5840 41
5841 16
5842 14
5843 16
5844 16
5845 41
5846 41
5847 25
5848 25
5849 25
5850 41
5851 41
5852 41
5853 41
5854 41
5855 41
5856 41
5857 41
5858 41
5859 25
5860 41
5861 41
5862 14
5863 16
5864 41
5865 16
5866 41
5867 41
5868 41
5869 41
5870 41
5871 41
5872 25
5873 41
5874 41
5875 41
5876 41
5877 41
5878 25
5879 16
5880 16
5881 25
5882 25
5883 41
5884 41
5885 41
5886 16
5887 41
5888 41
5889 16
5890 16
5891 41
5892 41
5893 25
5894 41
5895 25
5896 132
5897 16
5898 14
5899 46
5900 41
5901 14
5902 64
5903 41
5904 14
5905 41
5906 14
5907 16
5908 92
5909 41
5910 25
5911 41
5912 16
5913 25
5914 14
5915 16
5916 25
5917 41
5918 41
5919 41
5920 25
5921 41
5922 25
5923 41
5924 16
5925 41
5926 41
5927 25
5928 16
5929 41
5930 41
5931 41
5932 41
5933 133
5934 14
5935 41
5936 16
5937 41
5938 25
5939 41
5940 41
5941 14
5942 41
5943 25
5944 16
5945 41
5946 41
5947 14
5948 41
5949 41
5950 41
5951 125
5952 41
5953 14
5954 14
5955 41
5956 41
5957 16
5958 25
5959 25
5960 25
5961 25
5962 94
5963 25
5964 41
5965 16
5966 41
5967 16
5968 41
5969 41
5970 16
5971 41
5972 91
5973 41
5974 14
5975 41
5976 41
5977 41
5978 41
5979 41
5980 41
5981 41
5982 41
5983 14
5984 41
5985 41
5986 41
5987 41
5988 41
5989 41
5990 1
5991 25
5992 25
5993 41
5994 14
5995 41
5996 41
5997 41
5998 14
5999 41
6000 16
6001 16
6002 25
6003 25
6004 14
6005 25
6006 41
6007 41
6008 25
6009 16
6010 41
6011 14
6012 14
6013 41
6014 41
6015 41
6016 41
6017 41
6018 41
6019 25
6020 41
6021 41
6022 16
6023 41
6024 41
6025 92
6026 25
6027 25
6028 41
6029 41
6030 41
6031 41
6032 41
6033 16
6034 41
6035 41
6036 41
6037 41
6038 41
6039 16
6040 14
6041 41
6042 14
6043 41
6044 41
6045 16
6046 16
6047 41
6048 41
6049 41
6050 109
6051 25
6052 14
6053 16
6054 41
6055 41
6056 16
6057 41
6058 41
6059 41
6060 1
6061 109
6062 14
6063 16
6064 25
6065 41
6066 41
6067 41
6068 41
6069 25
6070 41
6071 14
6072 41
6073 41
6074 41
6075 14
6076 25
6077 25
6078 41
6079 25
6080 41
6081 41
6082 41
6083 14
6084 25
6085 41
6086 14
6087 25
6088 16
6089 41
6090 41
6091 41
6092 41
6093 41
6094 89
6095 14
6096 29
6097 41
6098 41
6099 14
6100 25
6101 41
6102 41
6103 16
6104 14
6105 41
6106 16
6107 41
6108 25
6109 41
6110 92
6111 25
6112 14
6113 14
6114 41
6115 16
6116 25
6117 14
6118 25
6119 25
6120 41
6121 41
6122 14
6123 41
6124 16
6125 14
6126 16
6127 41
6128 16
6129 25
6130 41
6131 41
6132 14
6133 25
6134 41
6135 41
6136 16
6137 41
6138 41
6139 14
6140 25
6141 41
6142 14
6143 14
6144 41
6145 16
6146 41
6147 16
6148 25
6149 41
6150 14
6151 41
6152 14
6153 25
6154 16
6155 25
6156 41
6157 41
6158 41
6159 41
6160 25
6161 41
6162 14
6163 14
6164 25
6165 41
6166 25
6167 41
6168 41
6169 41
6170 41
6171 41
6172 47
6173 41
6174 41
6175 41
6176 14
6177 41
6178 14
6179 41
6180 14
6181 14
6182 25
6183 41
6184 41
6185 41
6186 16
6187 25
6188 1
6189 41
6190 14
6191 14
6192 14
6193 14
6194 16
6195 100
6196 41
6197 41
6198 14
6199 25
6200 14
6201 41
6202 129
6203 14
6204 41
6205 41
6206 41
6207 16
6208 25
6209 113
6210 16
6211 41
6212 41
6213 41
6214 41
6215 41
6216 41
6217 41
6218 14
6219 25
6220 41
6221 16
6222 14
6223 14
6224 41
6225 41
6226 41
6227 14
6228 41
6229 25
6230 25
6231 41
6232 14
6233 14
6234 41
6235 14
6236 14
6237 40
6238 25
6239 25
6240 14
6241 41
6242 41
6243 41
6244 41
6245 41
6246 16
6247 41
6248 41
6249 41
6250 41
6251 16
6252 41
6253 25
6254 16
6255 25
6256 25
6257 41
6258 41
6259 14
6260 41
6261 25
6262 41
6263 41
6264 16
6265 16
6266 41
6267 41
6268 41
6269 41
6270 41
6271 41
6272 14
6273 93
6274 14
6275 41
6276 16
6277 41
6278 16
6279 41
6280 14
6281 16
6282 16
6283 41
6284 14
6285 25
6286 41
6287 41
6288 14
6289 14
6290 41
6291 14
6292 16
6293 16
6294 34
6295 16
6296 41
6297 14
6298 41
6299 94
6300 41
6301 25
6302 41
6303 16
6304 41
6305 16
6306 41
6307 16
6308 41
6309 16
6310 41
6311 41
6312 25
6313 41
6314 16
6315 41
6316 41
6317 14
6318 16
6319 25
6320 14
6321 41
6322 25
6323 41
6324 41
6325 94
6326 41
6327 25
6328 124
6329 25
6330 14
6331 41
6332 16
6333 41
6334 41
6335 41
6336 25
6337 16
6338 25
6339 41
6340 41
6341 25
6342 14
6343 14
6344 41
6345 41
6346 14
6347 14
6348 25
6349 95
6350 41
6351 41
6352 28
6353 96
6354 16
6355 41
6356 41
6357 25
6358 96
6359 41
6360 92
6361 41
6362 25
6363 41
6364 41
6365 25
6366 129
6367 41
6368 16
6369 110
6370 14
6371 41
6372 16
6373 41
6374 41
6375 14
6376 14
6377 25
6378 41
6379 16
6380 16
6381 41
6382 16
6383 41
6384 41
6385 41
6386 16
6387 41
6388 16
6389 96
6390 41
6391 41
6392 41
6393 41
6394 25
6395 25
6396 16
6397 41
6398 41
6399 41
6400 41
6401 41
6402 41
6403 16
6404 14
6405 41
6406 41
6407 14
6408 41
6409 16
6410 41
6411 25
6412 41
6413 14
6414 41
6415 14
6416 14
6417 14
6418 41
6419 41
6420 41
6421 41
6422 41
6423 16
6424 14
6425 16
6426 41
6427 41
6428 41
6429 14
6430 41
6431 41
6432 41
6433 41
6434 25
6435 25
6436 14
6437 41
6438 41
6439 108
6440 110
6441 41
6442 16
6443 41
6444 14
6445 41
6446 25
6447 38
6448 14
6449 16
6450 14
6451 97
6452 97
6453 14
6454 14
6455 41
6456 41
6457 16
6458 16
6459 41
6460 41
6461 41
6462 41
6463 41
6464 25
6465 41
6466 16
6467 41
6468 41
6469 41
6470 16
6471 41
6472 14
6473 41
6474 14
6475 41
6476 41
6477 16
6478 99
6479 41
6480 41
6481 41
6482 41
6483 41
6484 16
6485 41
6486 41
6487 25
6488 41
6489 41
6490 41
6491 16
6492 14
6493 98
6494 41
6495 14
6496 14
6497 41
6498 41
6499 41
6500 16
6501 25
6502 41
6503 41
6504 14
6505 41
6506 41
6507 14
6508 25
6509 41
6510 41
6511 14
6512 16
6513 41
6514 25
6515 41
6516 16
6517 41
6518 25
6519 16
6520 25
6521 41
6522 41
6523 41
6524 41
6525 41
6526 16
6527 16
6528 16
6529 14
6530 41
6531 41
6532 41
6533 25
6534 25
6535 41
6536 41
6537 16
6538 41
6539 41
6540 41
6541 41
6542 41
6543 41
6544 99
6545 25
6546 41
6547 25
6548 16
6549 41
6550 25
6551 41
6552 14
6553 41
6554 14
6555 16
6556 25
6557 41
6558 16
6559 41
6560 41
6561 99
6562 41
6563 14
6564 16
6565 41
6566 14
6567 41
6568 16
6569 100
6570 16
6571 41
6572 16
6573 16
6574 16
6575 41
6576 41
6577 25
6578 16
6579 41
6580 14
6581 41
6582 41
6583 14
6584 16
6585 41
6586 41
6587 41
6588 41
6589 14
6590 41
6591 14
6592 25
6593 14
6594 16
6595 41
6596 1
6597 41
6598 41
6599 25
6600 16
6601 41
6602 41
6603 41
6604 14
6605 41
6606 25
6607 16
6608 41
6609 16
6610 41
6611 16
6612 41
6613 16
6614 41
6615 1
6616 41
6617 41
6618 41
6619 16
6620 41
6621 25
6622 41
6623 41
6624 14
6625 25
6626 25
6627 41
6628 41
6629 41
6630 41
6631 41
6632 41
6633 30
6634 25
6635 25
6636 41
6637 41
6638 41
6639 41
6640 25
6641 41
6642 41
6643 16
6644 41
6645 41
6646 41
6647 41
6648 14
6649 41
6650 41
6651 16
6652 25
6653 14
6654 14
6655 41
6656 41
6657 16
6658 25
6659 41
6660 41
6661 41
6662 41
6663 16
6664 41
6665 41
6666 41
6667 16
6668 25
6669 41
6670 101
6671 41
6672 41
6673 41
6674 16
6675 40
6676 41
6677 41
6678 41
6679 41
6680 41
6681 41
6682 16
6683 41
6684 14
6685 16
6686 41
6687 41
6688 41
6689 16
6690 41
6691 25
6692 41
6693 14
6694 14
6695 41
6696 41
6697 41
6698 41
6699 16
6700 16
6701 41
6702 41
6703 41
6704 41
6705 16
6706 41
6707 64
6708 41
6709 16
6710 41
6711 14
6712 41
6713 14
6714 41
6715 41
6716 25
6717 25
6718 41
6719 41
6720 41
6721 136
6722 16
6723 41
6724 41
6725 41
6726 41
6727 41
6728 41
6729 41
6730 41
6731 16
6732 98
6733 14
6734 14
6735 16
6736 14
6737 14
6738 41
6739 1
6740 16
6741 25
6742 14
6743 41
6744 41
6745 111
6746 25
6747 14
6748 41
6749 41
6750 41
6751 41
6752 41
6753 41
6754 14
6755 41
6756 25
6757 41
6758 121
6759 25
6760 16
6761 16
6762 16
6763 16
6764 16
6765 41
6766 25
6767 41
6768 16
6769 41
6770 41
6771 41
6772 94
6773 94
6774 41
6775 25
6776 25
6777 41
6778 25
6779 100
6780 41
6781 16
6782 41
6783 25
6784 41
6785 14
6786 16
6787 25
6788 41
6789 41
6790 14
6791 41
6792 41
6793 41
6794 41
6795 41
6796 14
6797 41
6798 41
6799 41
6800 25
6801 16
6802 41
6803 41
6804 14
6805 41
6806 41
6807 16
6808 1
6809 41
6810 41
6811 16
6812 25
6813 41
6814 41
6815 41
6816 14
6817 25
6818 41
6819 41
6820 14
6821 14
6822 41
6823 16
6824 25
6825 14
6826 16
6827 16
6828 25
6829 16
6830 41
6831 16
6832 14
6833 14
6834 41
6835 41
6836 76
6837 41
6838 14
6839 41
6840 41
6841 41
6842 102
6843 41
6844 14
6845 25
6846 103
6847 14
6848 95
6849 0
6850 41
6851 25
6852 14
6853 14
6854 14
6855 103
6856 25
6857 16
6858 41
6859 41
6860 41
6861 25
6862 41
6863 14
6864 25
6865 41
6866 14
6867 41
6868 41
6869 16
6870 41
6871 14
6872 16
6873 41
6874 45
6875 41
6876 14
6877 16
6878 41
6879 41
6880 41
6881 16
6882 16
6883 41
6884 41
6885 26
6886 41
6887 25
6888 41
6889 14
6890 25
6891 14
6892 104
6893 41
6894 14
6895 41
6896 41
6897 41
6898 14
6899 41
6900 25
6901 16
6902 41
6903 25
6904 16
6905 41
6906 41
6907 16
6908 41
6909 41
6910 16
6911 25
6912 41
6913 41
6914 41
6915 55
6916 16
6917 41
6918 41
6919 16
6920 16
6921 14
6922 25
6923 14
6924 14
6925 41
6926 41
6927 16
6928 41
6929 25
6930 41
6931 91
6932 41
6933 25
6934 16
6935 16
6936 41
6937 14
6938 134
6939 41
6940 41
6941 25
6942 25
6943 41
6944 41
6945 41
6946 25
6947 105
6948 25
6949 16
6950 41
6951 41
6952 41
6953 16
6954 41
6955 14
6956 25
6957 25
6958 41
6959 41
6960 41
6961 25
6962 41
6963 41
6964 25
6965 16
6966 16
6967 16
6968 25
6969 41
6970 16
6971 25
6972 14
6973 41
6974 16
6975 25
6976 16
6977 16
6978 41
6979 25
6980 41
6981 41
6982 16
6983 106
6984 16
6985 41
6986 41
6987 41
6988 41
6989 41
6990 41
6991 41
6992 14
6993 41
6994 16
6995 14
6996 16
6997 16
6998 41
6999 41
7000 16
7001 25
7002 14
7003 41
7004 41
7005 92
7006 41
7007 41
7008 14
7009 41
7010 14
7011 14
7012 14
7013 106
7014 41
7015 16
7016 41
7017 41
7018 41
7019 41
7020 41
7021 41
7022 41
7023 14
7024 41
7025 25
7026 16
7027 106
7028 25
7029 41
7030 16
7031 25
7032 41
7033 14
7034 41
7035 25
7036 25
7037 41
7038 41
7039 14
7040 16
7041 41
7042 41
7043 14
7044 41
7045 16
7046 16
7047 107
7048 25
7049 41
7050 41
7051 41
7052 41
7053 16
7054 41
7055 14
7056 16
7057 16
7058 108
7059 41
7060 14
7061 14
7062 109
7063 25
7064 41
7065 16
7066 41
7067 25
7068 41
7069 64
7070 14
7071 14
7072 25
7073 41
7074 25
7075 41
7076 16
7077 61
7078 14
7079 41
7080 41
7081 41
7082 14
7083 41
7084 14
7085 115
7086 92
7087 110
7088 110
7089 41
7090 14
7091 1
7092 41
7093 14
7094 41
7095 25
7096 79
7097 16
7098 25
7099 25
7100 25
7101 14
7102 41
7103 41
7104 41
7105 41
7106 41
7107 25
7108 111
7109 14
7110 14
7111 41
7112 41
7113 25
7114 41
7115 16
7116 41
7117 25
7118 16
7119 16
7120 41
7121 41
7122 41
7123 16
7124 41
7125 25
7126 41
7127 16
7128 41
7129 14
7130 41
7131 25
7132 41
7133 41
7134 41
7135 26
7136 41
7137 25
7138 41
7139 41
7140 41
7141 16
7142 14
7143 16
7144 41
7145 41
7146 16
7147 25
7148 41
7149 41
7150 41
7151 14
7152 41
7153 16
7154 25
7155 25
7156 25
7157 41
7158 14
7159 14
7160 41
7161 41
7162 41
7163 41
7164 16
7165 41
7166 41
7167 41
7168 41
7169 14
7170 41
7171 41
7172 41
7173 14
7174 41
7175 41
7176 14
7177 25
7178 16
7179 41
7180 41
7181 16
7182 41
7183 41
7184 16
7185 16
7186 16
7187 112
7188 41
7189 16
7190 16
7191 41
7192 14
7193 25
7194 25
7195 14
7196 41
7197 16
7198 41
7199 14
7200 41
7201 41
7202 16
7203 14
7204 16
7205 41
7206 25
7207 41
7208 41
7209 14
7210 14
7211 16
7212 41
7213 41
7214 41
7215 112
7216 41
7217 41
7218 41
7219 41
7220 41
7221 16
7222 14
7223 41
7224 41
7225 41
7226 41
7227 16
7228 112
7229 41
7230 16
7231 16
7232 14
7233 113
7234 16
7235 41
7236 41
7237 41
7238 16
7239 41
7240 41
7241 41
7242 16
7243 41
7244 41
7245 14
7246 114
7247 14
7248 14
7249 16
7250 14
7251 16
7252 41
7253 14
7254 41
7255 41
7256 113
7257 16
7258 41
7259 114
7260 41
7261 89
7262 41
7263 112
7264 41
7265 41
7266 123
7267 41
7268 41
7269 14
7270 41
7271 41
7272 41
7273 41
7274 16
7275 16
7276 41
7277 25
7278 14
7279 41
7280 16
7281 16
7282 41
7283 41
7284 41
7285 16
7286 16
7287 41
7288 16
7289 41
7290 14
7291 16
7292 41
7293 41
7294 41
7295 41
7296 14
7297 14
7298 41
7299 41
7300 90
7301 41
7302 41
7303 121
7304 14
7305 41
7306 41
7307 121
7308 41
7309 41
7310 25
7311 25
7312 41
7313 41
7314 41
7315 16
7316 16
7317 41
7318 41
7319 41
7320 14
7321 14
7322 41
7323 41
7324 41
7325 41
7326 41
7327 41
7328 41
7329 41
7330 14
7331 14
7332 41
7333 41
7334 16
7335 41
7336 14
7337 41
7338 14
7339 41
7340 25
7341 14
7342 41
7343 16
7344 25
7345 41
7346 41
7347 41
7348 25
7349 41
7350 41
7351 41
7352 41
7353 14
7354 14
7355 41
7356 41
7357 41
7358 41
7359 14
7360 41
7361 41
7362 25
7363 25
7364 16
7365 41
7366 41
7367 41
7368 41
7369 41
7370 41
7371 25
7372 41
7373 36
7374 41
7375 14
7376 25
7377 41
7378 16
7379 41
7380 41
7381 41
7382 14
7383 41
7384 41
7385 14
7386 41
7387 14
7388 14
7389 41
7390 41
7391 41
7392 41
7393 41
7394 53
7395 25
7396 41
7397 14
7398 41
7399 41
7400 41
7401 41
7402 41
7403 41
7404 41
7405 16
7406 2
7407 41
7408 41
7409 41
7410 41
7411 41
7412 41
7413 41
7414 41
7415 14
7416 41
7417 16
7418 41
7419 16
7420 41
7421 41
7422 16
7423 16
7424 41
7425 14
7426 14
7427 25
7428 41
7429 14
7430 41
7431 41
7432 41
7433 14
7434 25
7435 16
7436 14
7437 41
7438 41
7439 41
7440 25
7441 16
7442 14
7443 16
7444 25
7445 41
7446 41
7447 41
7448 41
7449 25
7450 41
7451 41
7452 25
7453 41
7454 14
7455 41
7456 14
7457 14
7458 41
7459 41
7460 16
7461 16
7462 41
7463 41
7464 41
7465 41
7466 41
7467 16
7468 14
7469 92
7470 16
7471 14
7472 14
7473 41
7474 41
7475 41
7476 41
7477 14
7478 41
7479 25
7480 14
7481 25
7482 16
7483 89
7484 41
7485 41
7486 14
7487 41
7488 41
7489 16
7490 14
7491 41
7492 41
7493 41
7494 41
7495 41
7496 16
7497 41
7498 14
7499 41
7500 41
7501 41
7502 14
7503 16
7504 1
7505 2
7506 25
7507 41
7508 41
7509 14
7510 41
7511 41
7512 128
7513 41
7514 41
7515 41
7516 1
7517 14
7518 41
7519 41
7520 37
7521 14
7522 25
7523 41
7524 41
7525 25
7526 16
7527 115
7528 41
7529 41
7530 41
7531 14
7532 41
7533 41
7534 16
7535 16
7536 41
7537 131
7538 41
7539 61
7540 41
7541 16
7542 14
7543 41
7544 41
7545 41
7546 41
7547 16
7548 43
7549 41
7550 41
7551 41
7552 16
7553 41
7554 25
7555 14
7556 41
7557 41
7558 41
7559 14
7560 41
7561 41
7562 99
7563 41
7564 41
7565 108
7566 14
7567 16
7568 41
7569 41
7570 1
7571 16
7572 25
7573 14
7574 41
7575 14
7576 41
7577 16
7578 41
7579 41
7580 16
7581 25
7582 41
7583 41
7584 16
7585 16
7586 41
7587 16
7588 41
7589 41
7590 41
7591 41
7592 16
7593 41
7594 16
7595 108
7596 41
7597 14
7598 14
7599 14
7600 41
7601 14
7602 14
7603 41
7604 41
7605 41
7606 14
7607 41
7608 25
7609 25
7610 14
7611 41
7612 41
7613 16
7614 41
7615 16
7616 41
7617 41
7618 16
7619 41
7620 41
7621 14
7622 41
7623 16
7624 41
7625 16
7626 16
7627 41
7628 41
7629 41
7630 14
7631 14
7632 41
7633 16
7634 41
7635 16
7636 41
7637 14
7638 41
7639 41
7640 41
7641 41
7642 41
7643 41
7644 41
7645 41
7646 93
7647 16
7648 41
7649 41
7650 41
7651 41
7652 41
7653 41
7654 41
7655 14
7656 41
7657 41
7658 41
7659 41
7660 41
7661 41
7662 41
7663 41
7664 16
7665 41
7666 41
7667 92
7668 41
7669 41
7670 41
7671 41
7672 41
7673 16
7674 41
7675 14
7676 41
7677 16
7678 41
7679 41
7680 41
7681 41
7682 25
7683 25
7684 14
7685 41
7686 14
7687 16
7688 16
7689 41
7690 41
7691 41
7692 16
7693 41
7694 41
7695 41
7696 16
7697 14
7698 41
7699 14
7700 41
7701 25
7702 14
7703 41
7704 41
7705 14
7706 41
7707 41
7708 41
7709 41
7710 41
7711 41
7712 14
7713 25
7714 25
7715 14
7716 16
7717 16
7718 41
7719 41
7720 14
7721 74
7722 41
7723 25
7724 25
7725 14
7726 14
7727 41
7728 16
7729 41
7730 25
7731 16
7732 41
7733 41
7734 41
7735 41
7736 16
7737 41
7738 14
7739 41
7740 14
7741 14
7742 41
7743 41
7744 41
7745 16
7746 25
7747 16
7748 14
7749 25
7750 16
7751 41
7752 16
7753 16
7754 41
7755 41
7756 16
7757 41
7758 41
7759 16
7760 41
7761 16
7762 25
7763 41
7764 14
7765 25
7766 16
7767 16
7768 25
7769 41
7770 16
7771 41
7772 41
7773 41
7774 14
7775 40
7776 16
7777 108
7778 92
7779 16
7780 25
7781 41
7782 14
7783 16
7784 41
7785 41
7786 41
7787 25
7788 133
7789 41
7790 14
7791 16
7792 45
7793 136
7794 14
7795 25
7796 14
7797 41
7798 41
7799 16
7800 41
7801 14
7802 41
7803 41
7804 14
7805 16
7806 14
7807 41
7808 41
7809 41
7810 41
7811 14
7812 14
7813 41
7814 41
7815 16
7816 41
7817 41
7818 25
7819 41
7820 14
7821 41
7822 41
7823 41
7824 65
7825 41
7826 16
7827 16
7828 16
7829 25
7830 41
7831 41
7832 41
7833 41
7834 69
7835 16
7836 41
7837 14
7838 41
7839 41
7840 41
7841 16
7842 25
7843 1
7844 41
7845 41
7846 41
7847 14
7848 41
7849 16
7850 16
7851 25
7852 14
7853 41
7854 16
7855 25
7856 41
7857 41
7858 14
7859 41
7860 25
7861 41
7862 41
7863 41
7864 41
7865 41
7866 112
7867 14
7868 41
7869 16
7870 41
7871 14
7872 14
7873 109
7874 14
7875 41
7876 41
7877 25
7878 108
7879 16
7880 41
7881 14
7882 41
7883 41
7884 41
7885 41
7886 16
7887 16
7888 41
7889 25
7890 16
7891 41
7892 41
7893 41
7894 25
7895 14
7896 41
7897 16
7898 41
7899 41
7900 16
7901 41
7902 110
7903 16
7904 16
7905 16
7906 14
7907 16
7908 14
7909 41
7910 16
7911 41
7912 41
7913 41
7914 14
7915 110
7916 16
7917 25
7918 41
7919 25
7920 41
7921 41
7922 41
7923 14
7924 41
7925 41
7926 14
7927 14
7928 41
7929 41
7930 111
7931 41
7932 25
7933 16
7934 41
7935 14
7936 41
7937 25
7938 41
7939 41
7940 25
7941 41
7942 16
7943 25
7944 41
7945 16
7946 14
7947 16
7948 16
7949 41
7950 25
7951 93
7952 41
7953 41
7954 14
7955 41
7956 25
7957 16
7958 112
7959 16
7960 41
7961 41
7962 25
7963 41
7964 41
7965 41
7966 41
7967 16
7968 41
7969 14
7970 41
7971 41
7972 41
7973 41
7974 41
7975 16
7976 25
7977 14
7978 16
7979 41
7980 41
7981 41
7982 25
7983 16
7984 41
7985 14
7986 25
7987 41
7988 113
7989 92
7990 41
7991 16
7992 41
7993 41
7994 41
7995 41
7996 41
7997 41
7998 41
7999 94
8000 16
8001 25
8002 41
8003 25
8004 16
8005 41
8006 41
8007 14
8008 16
8009 14
8010 113
8011 89
8012 113
8013 41
8014 25
8015 41
8016 41
8017 114
8018 25
8019 14
8020 16
8021 41
8022 25
8023 14
8024 25
8025 41
8026 16
8027 14
8028 41
8029 41
8030 14
8031 114
8032 25
8033 25
8034 1
8035 25
8036 95
8037 16
8038 41
8039 41
8040 14
8041 41
8042 25
8043 25
8044 16
8045 41
8046 16
8047 14
8048 41
8049 14
8050 41
8051 14
8052 41
8053 16
8054 16
8055 41
8056 41
8057 115
8058 41
8059 41
8060 25
8061 41
8062 41
8063 41
8064 41
8065 14
8066 41
8067 41
8068 41
8069 41
8070 41
8071 41
8072 41
8073 41
8074 14
8075 41
8076 14
8077 16
8078 41
8079 117
8080 16
8081 16
8082 14
8083 16
8084 16
8085 41
8086 16
8087 7
8088 41
8089 16
8090 16
8091 41
8092 14
8093 16
8094 41
8095 41
8096 41
8097 25
8098 106
8099 25
8100 41
8101 41
8102 41
8103 41
8104 25
8105 16
8106 41
8107 41
8108 41
8109 41
8110 41
8111 41
8112 41
8113 16
8114 136
8115 41
8116 41
8117 25
8118 14
8119 41
8120 41
8121 25
8122 25
8123 41
8124 41
8125 16
8126 14
8127 41
8128 14
8129 16
8130 14
8131 41
8132 25
8133 16
8134 14
8135 41
8136 14
8137 41
8138 41
8139 14
8140 41
8141 14
8142 14
8143 25
8144 14
8145 16
8146 41
8147 41
8148 25
8149 14
8150 16
8151 16
8152 16
8153 41
8154 41
8155 25
8156 14
8157 41
8158 41
8159 25
8160 25
8161 25
8162 41
8163 41
8164 25
8165 25
8166 115
8167 16
8168 14
8169 41
8170 16
8171 109
8172 41
8173 41
8174 41
8175 25
8176 25
8177 101
8178 25
8179 41
8180 41
8181 14
8182 41
8183 41
8184 41
8185 41
8186 16
8187 41
8188 41
8189 41
8190 41
8191 41
8192 14
8193 41
8194 41
8195 41
8196 16
8197 25
8198 14
8199 25
8200 14
8201 41
8202 41
8203 25
8204 14
8205 14
8206 41
8207 41
8208 41
8209 41
8210 41
8211 41
8212 41
8213 25
8214 16
8215 41
8216 41
8217 14
8218 41
8219 41
8220 16
8221 124
8222 14
8223 41
8224 16
8225 41
8226 25
8227 41
8228 41
8229 41
8230 25
8231 41
8232 115
8233 113
8234 41
8235 25
8236 25
8237 41
8238 41
8239 25
8240 41
8241 14
8242 41
8243 41
8244 41
8245 41
8246 41
8247 41
8248 89
8249 14
8250 41
8251 41
8252 41
8253 1
8254 14
8255 77
8256 41
8257 42
8258 25
8259 41
8260 41
8261 41
8262 104
8263 25
8264 16
8265 16
8266 16
8267 41
8268 14
8269 41
8270 16
8271 41
8272 41
8273 41
8274 41
8275 41
8276 41
8277 25
8278 14
8279 16
8280 25
8281 25
8282 14
8283 41
8284 41
8285 41
8286 41
8287 14
8288 41
8289 41
8290 41
8291 41
8292 16
8293 41
8294 14
8295 92
8296 41
8297 14
8298 14
8299 16
8300 41
8301 25
8302 41
8303 41
8304 41
8305 41
8306 25
8307 41
8308 116
8309 41
8310 14
8311 25
8312 41
8313 25
8314 41
8315 41
8316 25
8317 25
8318 41
8319 41
8320 41
8321 41
8322 41
8323 41
8324 41
8325 41
8326 25
8327 41
8328 25
8329 41
8330 14
8331 41
8332 14
8333 41
8334 41
8335 41
8336 25
8337 41
8338 25
8339 41
8340 41
8341 41
8342 41
8343 41
8344 46
8345 16
8346 41
8347 14
8348 25
8349 41
8350 25
8351 25
8352 25
8353 41
8354 41
8355 16
8356 41
8357 41
8358 41
8359 117
8360 16
8361 41
8362 41
8363 16
8364 41
8365 41
8366 14
8367 41
8368 41
8369 41
8370 41
8371 41
8372 14
8373 16
8374 16
8375 41
8376 41
8377 41
8378 41
8379 25
8380 130
8381 41
8382 25
8383 25
8384 41
8385 41
8386 25
8387 41
8388 118
8389 25
8390 41
8391 41
8392 119
8393 14
8394 41
8395 41
8396 14
8397 16
8398 41
8399 41
8400 41
8401 41
8402 41
8403 41
8404 92
8405 41
8406 16
8407 41
8408 41
8409 14
8410 16
8411 41
8412 41
8413 120
8414 92
8415 25
8416 41
8417 41
8418 14
8419 41
8420 41
8421 41
8422 1
8423 14
8424 25
8425 25
8426 41
8427 25
8428 41
8429 41
8430 16
8431 41
8432 16
8433 41
8434 14
8435 41
8436 41
8437 2
8438 16
8439 41
8440 16
8441 120
8442 111
8443 41
8444 41
8445 91
8446 14
8447 16
8448 41
8449 41
8450 14
8451 41
8452 25
8453 41
8454 25
8455 25
8456 14
8457 14
8458 25
8459 14
8460 41
8461 14
8462 16
8463 14
8464 41
8465 41
8466 14
8467 14
8468 16
8469 41
8470 41
8471 14
8472 41
8473 25
8474 14
8475 41
8476 25
8477 14
8478 1
8479 41
8480 25
8481 14
8482 41
8483 41
8484 89
8485 41
8486 25
8487 14
8488 16
8489 41
8490 41
8491 41
8492 14
8493 41
8494 41
8495 41
8496 14
8497 120
8498 25
8499 25
8500 16
8501 41
8502 14
8503 41
8504 41
8505 14
8506 41
8507 16
8508 25
8509 25
8510 41
8511 41
8512 16
8513 16
8514 14
8515 16
8516 16
8517 41
8518 41
8519 41
8520 41
8521 16
8522 25
8523 16
8524 41
8525 14
8526 14
8527 25
8528 41
8529 41
8530 41
8531 41
8532 25
8533 25
8534 41
8535 41
8536 41
8537 93
8538 41
8539 25
8540 14
8541 41
8542 41
8543 41
8544 14
8545 16
8546 41
8547 16
8548 78
8549 25
8550 14
8551 41
8552 16
8553 41
8554 41
8555 41
8556 14
8557 41
8558 14
8559 16
8560 41
8561 14
8562 41
8563 41
8564 41
8565 41
8566 41
8567 41
8568 41
8569 41
8570 41
8571 41
8572 41
8573 18
8574 41
8575 16
8576 14
8577 41
8578 41
8579 41
8580 16
8581 114
8582 14
8583 41
8584 41
8585 25
8586 41
8587 41
8588 14
8589 14
8590 14
8591 41
8592 136
8593 41
8594 56
8595 41
8596 41
8597 14
8598 41
8599 16
8600 41
8601 41
8602 41
8603 41
8604 25
8605 16
8606 41
8607 41
8608 41
8609 16
8610 41
8611 14
8612 41
8613 121
8614 16
8615 41
8616 41
8617 131
8618 41
8619 41
8620 41
8621 41
8622 110
8623 16
8624 41
8625 41
8626 41
8627 41
8628 16
8629 54
8630 25
8631 25
8632 16
8633 25
8634 41
8635 41
8636 41
8637 41
8638 41
8639 41
8640 41
8641 14
8642 16
8643 41
8644 16
8645 14
8646 41
8647 27
8648 16
8649 14
8650 16
8651 16
8652 16
8653 16
8654 16
8655 14
8656 41
8657 41
8658 14
8659 41
8660 41
8661 41
8662 41
8663 14
8664 99
8665 41
8666 41
8667 41
8668 41
8669 41
8670 41
8671 41
8672 41
8673 41
8674 41
8675 41
8676 41
8677 41
8678 14
8679 41
8680 41
8681 25
8682 16
8683 25
8684 14
8685 25
8686 41
8687 41
8688 25
8689 111
8690 16
8691 41
8692 16
8693 41
8694 41
8695 16
8696 41
8697 51
8698 14
8699 41
8700 14
8701 41
8702 41
8703 41
8704 14
8705 41
8706 16
8707 41
8708 41
8709 91
8710 91
8711 91
8712 14
8713 41
8714 41
8715 41
8716 14
8717 41
8718 16
8719 41
8720 16
8721 16
8722 41
8723 16
8724 14
8725 16
8726 14
8727 41
8728 122
8729 16
8730 25
8731 41
8732 41
8733 25
8734 14
8735 25
8736 41
8737 41
8738 14
8739 25
8740 16
8741 41
8742 41
8743 41
8744 123
8745 25
8746 25
8747 16
8748 41
8749 41
8750 41
8751 14
8752 41
8753 41
8754 41
8755 14
8756 41
8757 41
8758 139
8759 41
8760 14
8761 1
8762 41
8763 16
8764 16
8765 41
8766 25
8767 41
8768 16
8769 25
8770 16
8771 41
8772 16
8773 16
8774 25
8775 16
8776 64
8777 25
8778 25
8779 41
8780 41
8781 41
8782 20
8783 16
8784 16
8785 25
8786 25
8787 41
8788 41
8789 41
8790 41
8791 41
8792 41
8793 124
8794 16
8795 41
8796 16
8797 41
8798 16
8799 41
8800 41
8801 16
8802 41
8803 41
8804 14
8805 16
8806 41
8807 16
8808 41
8809 14
8810 25
8811 14
8812 16
8813 133
8814 41
8815 41
8816 14
8817 41
8818 25
8819 41
8820 110
8821 41
8822 16
8823 41
8824 41
8825 41
8826 41
8827 41
8828 41
8829 41
8830 41
8831 124
8832 103
8833 125
8834 16
8835 41
8836 25
8837 41
8838 41
8839 41
8840 41
8841 14
8842 41
8843 41
8844 16
8845 41
8846 41
8847 41
8848 126
8849 41
8850 16
8851 25
8852 16
8853 16
8854 41
8855 41
8856 14
8857 41
8858 41
8859 14
8860 25
8861 16
8862 16
8863 41
8864 41
8865 41
8866 14
8867 14
8868 41
8869 41
8870 41
8871 14
8872 41
8873 25
8874 25
8875 14
8876 41
8877 16
8878 41
8879 25
8880 16
8881 41
8882 41
8883 41
8884 25
8885 16
8886 41
8887 41
8888 16
8889 14
8890 41
8891 16
8892 14
8893 25
8894 41
8895 16
8896 14
8897 25
8898 41
8899 14
8900 25
8901 25
8902 41
8903 16
8904 16
8905 41
8906 25
8907 14
8908 41
8909 41
8910 41
8911 126
8912 41
8913 25
8914 41
8915 41
8916 14
8917 16
8918 41
8919 41
8920 41
8921 41
8922 41
8923 41
8924 25
8925 41
8926 14
8927 41
8928 92
8929 106
8930 16
8931 25
8932 41
8933 14
8934 14
8935 41
8936 14
8937 14
8938 41
8939 41
8940 14
8941 25
8942 126
8943 16
8944 41
8945 16
8946 41
8947 16
8948 110
8949 41
8950 41
8951 41
8952 14
8953 14
8954 41
8955 140
8956 14
8957 41
8958 41
8959 25
8960 25
8961 16
8962 109
8963 41
8964 41
8965 41
8966 24
8967 25
8968 41
8969 41
8970 41
8971 41
8972 41
8973 41
8974 14
8975 108
8976 25
8977 1
8978 41
8979 41
8980 25
8981 25
8982 41
8983 25
8984 16
8985 16
8986 14
8987 41
8988 41
8989 41
8990 41
8991 41
8992 41
8993 16
8994 45
8995 41
8996 41
8997 41
8998 41
8999 41
9000 16
9001 41
9002 14
9003 41
9004 41
9005 16
9006 41
9007 41
9008 41
9009 14
9010 16
9011 97
9012 41
9013 127
9014 41
9015 16
9016 41
9017 128
9018 41
9019 25
9020 92
9021 41
9022 41
9023 41
9024 16
9025 14
9026 41
9027 129
9028 25
9029 41
9030 25
9031 41
9032 41
9033 16
9034 41
9035 14
9036 31
9037 41
9038 41
9039 51
9040 41
9041 41
9042 41
9043 41
9044 41
9045 41
9046 41
9047 39
9048 41
9049 41
9050 16
9051 14
9052 41
9053 41
9054 14
9055 14
9056 41
9057 41
9058 25
9059 41
9060 64
9061 41
9062 41
9063 41
9064 16
9065 14
9066 41
9067 14
9068 16
9069 41
9070 41
9071 41
9072 41
9073 41
9074 41
9075 14
9076 41
9077 41
9078 41
9079 41
9080 32
9081 41
9082 41
9083 41
9084 25
9085 41
9086 41
9087 41
9088 41
9089 41
9090 14
9091 41
9092 41
9093 41
9094 41
9095 41
9096 41
9097 14
9098 41
9099 41
9100 16
9101 14
9102 25
9103 45
9104 41
9105 41
9106 41
9107 14
9108 41
9109 130
9110 41
9111 41
9112 41
9113 16
9114 25
9115 41
9116 16
9117 41
9118 16
9119 41
9120 41
9121 14
9122 14
9123 41
9124 41
9125 41
9126 16
9127 14
9128 41
9129 41
9130 14
9131 41
9132 25
9133 41
9134 14
9135 25
9136 14
9137 16
9138 25
9139 115
9140 16
9141 41
9142 16
9143 14
9144 14
9145 14
9146 16
9147 38
9148 41
9149 41
9150 16
9151 41
9152 16
9153 25
9154 41
9155 14
9156 16
9157 41
9158 16
9159 14
9160 41
9161 41
9162 41
9163 16
9164 41
9165 16
9166 25
9167 41
9168 41
9169 14
9170 16
9171 16
9172 64
9173 16
9174 41
9175 41
9176 41
9177 41
9178 25
9179 41
9180 14
9181 41
9182 131
9183 41
9184 16
9185 41
9186 25
9187 25
9188 41
9189 131
9190 41
9191 41
9192 25
9193 25
9194 41
9195 41
9196 25
9197 41
9198 41
9199 41
9200 25
9201 41
9202 41
9203 41
9204 16
9205 16
9206 14
9207 41
9208 16
9209 14
9210 41
9211 41
9212 41
9213 41
9214 41
9215 14
9216 14
9217 25
9218 14
9219 7
9220 41
9221 14
9222 25
9223 25
9224 14
9225 14
9226 41
9227 41
9228 41
9229 41
9230 16
9231 41
9232 25
9233 25
9234 41
9235 41
9236 41
9237 25
9238 41
9239 25
9240 41
9241 16
9242 41
9243 14
9244 16
9245 41
9246 75
9247 16
9248 16
9249 25
9250 25
9251 41
9252 16
9253 14
9254 41
9255 41
9256 41
9257 41
9258 41
9259 41
9260 14
9261 41
9262 41
9263 25
9264 41
9265 16
9266 41
9267 41
9268 41
9269 16
9270 25
9271 14
9272 41
9273 41
9274 16
9275 25
9276 25
9277 41
9278 41
9279 41
9280 16
9281 41
9282 25
9283 131
9284 16
9285 41
9286 25
9287 16
9288 41
9289 16
9290 25
9291 16
9292 41
9293 41
9294 14
9295 41
9296 41
9297 41
9298 41
9299 41
9300 16
9301 41
9302 14
9303 41
9304 1
9305 41
9306 41
9307 16
9308 16
9309 132
9310 41
9311 14
9312 41
9313 16
9314 41
9315 14
9316 41
9317 14
9318 16
9319 14
9320 41
9321 41
9322 41
9323 25
9324 16
9325 133
9326 14
9327 87
9328 25
9329 41
9330 41
9331 25
9332 16
9333 16
9334 25
9335 25
9336 41
9337 25
9338 41
9339 41
9340 41
9341 16
9342 41
9343 16
9344 41
9345 41
9346 41
9347 14
9348 41
9349 14
9350 16
9351 41
9352 41
9353 14
9354 41
9355 41
9356 25
9357 41
9358 14
9359 25
9360 16
9361 41
9362 41
9363 25
9364 14
9365 14
9366 41
9367 41
9368 41
9369 41
9370 16
9371 41
9372 16
9373 25
9374 16
9375 14
9376 41
9377 41
9378 41
9379 16
9380 14
9381 41
9382 41
9383 41
9384 16
9385 41
9386 14
9387 41
9388 14
9389 41
9390 133
9391 14
9392 41
9393 16
9394 41
9395 41
9396 41
9397 41
9398 41
9399 41
9400 16
9401 25
9402 41
9403 41
9404 41
9405 1
9406 41
9407 14
9408 40
9409 41
9410 41
9411 41
9412 41
9413 41
9414 41
9415 25
9416 41
9417 41
9418 14
9419 14
9420 25
9421 41
9422 41
9423 41
9424 41
9425 14
9426 25
9427 25
9428 127
9429 14
9430 127
9431 41
9432 25
9433 41
9434 111
9435 41
9436 41
9437 14
9438 41
9439 41
9440 41
9441 14
9442 25
9443 41
9444 41
9445 134
9446 1
9447 41
9448 41
9449 14
9450 16
9451 41
9452 41
9453 41
9454 41
9455 14
9456 41
9457 41
9458 25
9459 14
9460 16
9461 16
9462 41
9463 14
9464 16
9465 14
9466 41
9467 41
9468 41
9469 41
9470 16
9471 41
9472 41
9473 41
9474 14
9475 25
9476 14
9477 41
9478 41
9479 25
9480 16
9481 41
9482 25
9483 16
9484 41
9485 41
9486 41
9487 14
9488 41
9489 41
9490 14
9491 16
9492 25
9493 41
9494 14
9495 25
9496 14
9497 41
9498 25
9499 41
9500 41
9501 14
9502 41
9503 41
9504 41
9505 16
9506 25
9507 41
9508 25
9509 14
9510 41
9511 41
9512 41
9513 14
9514 14
9515 41
9516 41
9517 16
9518 41
9519 14
9520 25
9521 41
9522 55
9523 16
9524 41
9525 41
9526 41
9527 25
9528 16
9529 41
9530 25
9531 41
9532 41
9533 109
9534 41
9535 25
9536 41
9537 25
9538 41
9539 14
9540 41
9541 25
9542 41
9543 41
9544 41
9545 16
9546 41
9547 41
9548 41
9549 14
9550 25
9551 14
9552 25
9553 16
9554 14
9555 41
9556 106
9557 14
9558 41
9559 41
9560 41
9561 25
9562 41
9563 41
9564 25
9565 41
9566 41
9567 41
9568 41
9569 25
9570 41
9571 41
9572 16
9573 16
9574 41
9575 14
9576 41
9577 41
9578 41
9579 41
9580 16
9581 14
9582 113
9583 25
9584 14
9585 41
9586 41
9587 41
9588 16
9589 16
9590 25
9591 41
9592 14
9593 119
9594 41
9595 41
9596 41
9597 41
9598 41
9599 14
9600 41
9601 41
9602 41
9603 14
9604 16
9605 41
9606 41
9607 16
9608 41
9609 41
9610 41
9611 16
9612 41
9613 14
9614 41
9615 25
9616 41
9617 16
9618 41
9619 41
9620 41
9621 135
9622 136
9623 41
9624 25
9625 14
9626 21
9627 8
9628 16
9629 25
9630 41
9631 41
9632 14
9633 41
9634 41
9635 41
9636 41
9637 41
9638 86
9639 41
9640 41
9641 41
9642 16
9643 14
9644 41
9645 41
9646 41
9647 41
9648 136
9649 41
9650 14
9651 41
9652 41
9653 25
9654 25
9655 41
9656 41
9657 25
9658 41
9659 41
9660 41
9661 41
9662 41
9663 41
9664 41
9665 41
9666 136
9667 14
9668 41
9669 41
9670 136
9671 14
9672 14
9673 41
9674 16
9675 41
9676 16
9677 41
9678 14
9679 14
9680 41
9681 25
9682 41
9683 41
9684 14
9685 41
9686 41
9687 14
9688 25
9689 25
9690 25
9691 25
9692 16
9693 25
9694 41
9695 41
9696 16
9697 14
9698 41
9699 14
9700 41
9701 41
9702 25
9703 41
9704 16
9705 41
9706 41
9707 41
9708 41
9709 41
9710 41
9711 41
9712 14
9713 14
9714 41
9715 16
9716 41
9717 41
9718 41
9719 16
9720 107
9721 41
9722 41
9723 41
9724 41
9725 25
9726 41
9727 16
9728 25
9729 41
9730 78
9731 41
9732 41
9733 25
9734 41
9735 41
9736 41
9737 41
9738 41
9739 16
9740 41
9741 41
9742 41
9743 41
9744 41
9745 93
9746 41
9747 41
9748 16
9749 41
9750 41
9751 16
9752 16
9753 41
9754 41
9755 16
9756 41
9757 41
9758 16
9759 16
9760 41
9761 41
9762 41
9763 41
9764 41
9765 41
9766 41
9767 41
9768 41
9769 41
9770 41
9771 14
9772 41
9773 41
9774 16
9775 41
9776 41
9777 41
9778 25
9779 14
9780 41
9781 41
9782 41
9783 16
9784 94
9785 25
9786 16
9787 41
9788 14
9789 41
9790 41
9791 64
9792 14
9793 25
9794 41
9795 25
9796 16
9797 41
9798 16
9799 41
9800 25
9801 41
9802 14
9803 14
9804 25
9805 16
9806 16
9807 14
9808 25
9809 14
9810 14
9811 25
9812 25
9813 41
9814 41
9815 14
9816 16
9817 25
9818 16
9819 41
9820 16
9821 16
9822 41
9823 41
9824 41
9825 41
9826 25
9827 41
9828 25
9829 25
9830 16
9831 41
9832 41
9833 16
9834 41
9835 41
9836 41
9837 41
9838 41
9839 14
9840 25
9841 41
9842 16
9843 16
9844 41
9845 41
9846 41
9847 41
9848 41
9849 114
9850 41
9851 41
9852 41
9853 41
9854 41
9855 41
9856 137
9857 16
9858 14
9859 25
9860 41
9861 16
9862 41
9863 14
9864 41
9865 16
9866 25
9867 41
9868 25
9869 41
9870 41
9871 25
9872 14
9873 25
9874 16
9875 25
9876 41
9877 14
9878 41
9879 14
9880 41
9881 41
9882 76
9883 41
9884 41
9885 41
9886 41
9887 41
9888 41
9889 41
9890 16
9891 41
9892 14
9893 41
9894 70
9895 14
9896 41
9897 41
9898 16
9899 16
9900 41
9901 41
9902 125
9903 41
9904 41
9905 41
9906 14
9907 25
9908 41
9909 41
9910 41
9911 16
9912 14
9913 41
9914 41
9915 25
9916 16
9917 16
9918 16
9919 16
9920 41
9921 41
9922 41
9923 16
9924 41
9925 16
9926 41
9927 41
9928 16
9929 41
9930 41
9931 41
9932 41
9933 16
9934 16
9935 41
9936 41
9937 14
9938 16
9939 16
9940 25
9941 25
9942 41
9943 14
9944 41
9945 16
9946 16
9947 41
9948 16
9949 41
9950 41
9951 14
9952 138
9953 41
9954 41
9955 41
9956 16
9957 41
9958 25
9959 138
9960 41
9961 14
9962 1
9963 41
9964 41
9965 25
9966 14
9967 14
9968 14
9969 25
9970 41
9971 16
9972 25
9973 41
9974 14
9975 41
9976 41
9977 41
9978 41
9979 41
9980 14
9981 16
9982 41
9983 16
9984 41
9985 16
9986 41
9987 16
9988 41
9989 25
9990 16
9991 25
9992 139
9993 25
9994 41
9995 25
9996 41
9997 16
9998 45
9999 16
10000 16
10001 25
10002 41
10003 14
10004 108
10005 25
10006 16
10007 41
10008 41
10009 41
10010 41
10011 1
10012 41
10013 41
10014 138
10015 89
10016 67
10017 16
10018 14
10019 14
10020 128
10021 41
10022 41
10023 16
10024 16
10025 41
10026 41
10027 41
10028 41
10029 14
10030 41
10031 16
10032 41
10033 14
10034 41
10035 41
10036 41
10037 41
10038 41
10039 16
10040 14
10041 41
10042 41
10043 25
10044 41
10045 41
10046 25
10047 41
10048 41
10049 14
10050 16
10051 25
10052 41
10053 25
10054 41
10055 41
10056 14
10057 16
10058 41
10059 41
10060 41
10061 16
10062 14
10063 41
10064 25
10065 14
10066 41
10067 41
10068 41
10069 41
10070 41
10071 41
10072 41
10073 139
10074 41
10075 41
10076 41
10077 16
10078 25
10079 14
10080 41
10081 16
10082 41
10083 41
10084 41
10085 16
10086 41
10087 25
10088 14
10089 41
10090 25
10091 15
10092 41
10093 41
10094 41
10095 41
10096 41
10097 16
10098 16
10099 41
10100 16
10101 41
10102 14
10103 114
10104 140
10105 41
10106 14
10107 41
10108 25
10109 41
10110 41
10111 9
10112 16
10113 16
10114 16
10115 41
10116 17
10117 41
10118 41
10119 41
10120 41
10121 41
10122 14
10123 25
10124 41
10125 41
10126 124
10127 14
10128 41
10129 41
10130 41
10131 25
10132 41
10133 41
10134 41
10135 14
10136 136
10137 14
10138 25
10139 41
10140 14
10141 41
10142 41
10143 89
10144 41
10145 94
10146 41
10147 25
10148 41
10149 41
10150 16
10151 25
10152 41
10153 14
10154 41
10155 41
10156 41
10157 41
10158 14
10159 25
10160 25
10161 25
10162 14
10163 41
10164 16
10165 41
10166 25
10167 41
10168 16
10169 25
10170 25
10171 25
10172 14
10173 16
10174 25
10175 41
10176 16
10177 41
10178 25
10179 16
10180 41
10181 41
10182 41
10183 41
10184 41
10185 16
10186 127
10187 14
10188 41
10189 41
10190 41
10191 44
10192 41
10193 14
10194 41
10195 41
10196 25
10197 41
10198 41
10199 89
10200 25
10201 41
10202 41
10203 14
10204 41
10205 14
10206 41
10207 41
10208 41
10209 41
10210 41
10211 16
10212 14
10213 41
10214 41
10215 14
10216 41
10217 25
10218 41
10219 41
10220 41
10221 16
10222 1
10223 41
10224 14
10225 16
10226 103
10227 41
10228 41
10229 41
10230 89
10231 41
10232 14
10233 16
10234 25
10235 14
10236 41
10237 41
10238 14
10239 16
10240 94
10241 41
10242 16
10243 14
10244 41
10245 41
10246 25
10247 16
10248 41
10249 14
10250 41
10251 26
10252 41
10253 16
10254 16
10255 14
10256 41
10257 41
10258 14
10259 14
10260 41
10261 16
10262 41
10263 41
10264 14
10265 41
10266 115
10267 16
10268 25
10269 16
10270 41
10271 41
10272 41
10273 41
10274 41
10275 41
10276 41
10277 41
10278 41
10279 16
10280 41
10281 41
10282 25
10283 16
10284 41
10285 41
10286 16
10287 41
10288 25
10289 41
10290 41
10291 25
10292 16
10293 14
10294 41
10295 25
10296 41
10297 25
10298 41
10299 41
10300 25
10301 41
10302 25
10303 41
10304 14
10305 25
10306 14
10307 14
10308 96
10309 16
10310 41
10311 25
10312 25
10313 14
10314 14
10315 14
10316 41
10317 41
10318 14
10319 41
10320 16
10321 41
10322 41
10323 41
10324 41
10325 41
10326 89
10327 56
10328 14
10329 41
10330 16
10331 16
10332 16
10333 41
10334 41
10335 41
10336 41
10337 14
10338 16
10339 25
10340 41
10341 14
10342 25
10343 131
10344 41
10345 16
10346 41
10347 16
10348 41
10349 41
10350 41
10351 41
10352 41
10353 16
10354 41
10355 41
10356 41
10357 14
10358 41
10359 41
10360 41
10361 41
10362 25
10363 16
10364 41
10365 25
10366 16
10367 41
10368 41
10369 41
10370 41
10371 41
10372 89
10373 41
10374 41
10375 41
10376 41
10377 14
10378 41
10379 41
10380 41
10381 41
10382 41
10383 41
10384 41
10385 41
10386 16
10387 41
10388 41
10389 16
10390 41
10391 25
10392 41
10393 16
10394 25
10395 14
10396 16
10397 41
10398 41
10399 16
10400 16
10401 14
10402 41
10403 41
10404 14
10405 41
10406 41
10407 14
10408 41
10409 14
10410 41
10411 14
10412 92
10413 25
10414 41
10415 4
10416 2
10417 41
10418 25
10419 25
10420 25
10421 41
10422 41
10423 14
10424 115
10425 41
10426 41
10427 41
10428 14
10429 28
10430 16
10431 41
10432 89
10433 89
10434 14
10435 14
10436 16
10437 14
10438 41
10439 41
10440 25
10441 14
10442 14
10443 14
10444 25
10445 41
10446 14
10447 138
10448 16
10449 41
10450 25
10451 41
10452 25
10453 25
10454 16
10455 16
10456 16
10457 112
10458 25
10459 14
10460 14
10461 16
10462 41
10463 41
10464 16
10465 16
10466 108
10467 41
10468 14
10469 41
10470 16
10471 41
10472 41
10473 16
10474 16
10475 41
10476 16
10477 16
10478 41
10479 41
10480 14
10481 41
10482 41
10483 16
10484 16
10485 41
10486 41
10487 16
10488 41
10489 41
10490 41
10491 14
10492 41
10493 16
10494 14
10495 16
10496 16
10497 41
10498 41
10499 41
10500 41
10501 41
10502 41
10503 41
10504 16
10505 25
10506 41
10507 16
10508 16
10509 25
10510 25
10511 41
10512 16
10513 16
10514 41
10515 14
10516 16
10517 41
10518 41
10519 41
10520 41
10521 41
10522 41
10523 41
10524 41
10525 16
10526 41
10527 25
10528 2
10529 14
10530 41
10531 14
10532 41
10533 41
10534 41
10535 41
10536 16
10537 41
10538 16
10539 41
10540 116
10541 41
10542 41
10543 41
10544 41
10545 16
10546 14
10547 16
10548 92
10549 41
10550 41
10551 41
10552 25
10553 25
10554 41
10555 25
10556 41
10557 14
10558 41
10559 41
10560 41
10561 41
10562 41
10563 41
10564 41
10565 89
10566 16
10567 41
10568 41
10569 41
10570 41
10571 16
10572 25
10573 41
10574 41
10575 16
10576 41
10577 41
10578 16
10579 90
10580 41
10581 41
10582 57
10583 25
10584 41
10585 16
10586 41
10587 41
10588 41
10589 16
10590 16
10591 41
10592 41
10593 41
10594 14
10595 41
10596 25
10597 14
10598 14
10599 41
10600 16
10601 41
10602 16
10603 16
10604 14
10605 14
10606 25
10607 41
10608 16
10609 14
10610 41
10611 41
10612 14
10613 90
10614 41
10615 16
10616 41
10617 25
10618 41
10619 41
10620 16
10621 41
10622 41
10623 16
10624 14
10625 16
10626 41
10627 48
10628 49
10629 41
10630 74
10631 16
10632 41
10633 14
10634 14
10635 41
10636 41
10637 14
10638 16
10639 14
10640 41
10641 41
10642 16
10643 41
10644 41
10645 41
10646 41
10647 41
10648 16
10649 25
10650 41
10651 41
10652 41
10653 41
10654 107
10655 41
10656 41
10657 41
10658 16
10659 14
10660 41
10661 14
10662 14
10663 14
10664 25
10665 41
10666 41
10667 14
10668 41
10669 41
10670 140
10671 41
10672 16
10673 25
10674 16
10675 41
10676 41
10677 16
10678 41
10679 16
10680 14
10681 41
10682 41
10683 41
10684 41
10685 14
10686 25
10687 41
10688 16
10689 25
10690 25
10691 25
10692 41
10693 16
10694 41
10695 41
10696 41
10697 16
10698 14
10699 90
10700 25
10701 41
10702 41
10703 41
10704 14
10705 14
10706 41
10707 41
10708 41
10709 25
10710 25
10711 41
10712 41
10713 41
10714 41
10715 41
10716 25
10717 41
10718 41
10719 41
10720 16
10721 71
10722 41
10723 16
10724 41
10725 41
10726 41
10727 16
10728 16
10729 41
10730 41
10731 41
10732 14
10733 41
10734 16
10735 25
10736 41
10737 41
10738 41
10739 41
10740 16
10741 41
10742 14
10743 41
10744 25
10745 14
10746 14
10747 41
10748 41
10749 41
10750 16
10751 16
10752 25
10753 41
10754 25
10755 16
10756 41
10757 41
10758 41
10759 16
10760 41
10761 41
10762 16
10763 16
10764 16
10765 41
10766 16
10767 14
10768 41
10769 25
10770 25
10771 16
10772 25
10773 25
10774 41
10775 14
10776 16
10777 16
10778 41
10779 41
10780 41
10781 14
10782 41
10783 14
10784 14
10785 41
10786 25
10787 41
10788 16
10789 41
10790 14
10791 14
10792 41
10793 41
10794 16
10795 25
10796 25
10797 25
10798 41
10799 16
10800 16
10801 16
10802 25
10803 16
10804 41
10805 123
10806 16
10807 14
10808 41
10809 25
10810 41
10811 25
10812 16
10813 41
10814 14
10815 14
10816 41
10817 41
10818 16
10819 16
10820 41
10821 25
10822 41
10823 41
10824 16
10825 25
10826 16
10827 90
10828 16
10829 14
10830 41
10831 41
10832 41
10833 41
10834 41
10835 16
10836 41
10837 25
10838 25
10839 25
10840 41
10841 14
10842 25
10843 41
10844 56
10845 14
10846 41
10847 41
10848 16
10849 41
10850 16
10851 16
10852 41
10853 16
10854 91
10855 91
10856 41
10857 14
10858 16
10859 41
10860 41
10861 41
10862 16
10863 16
10864 41
10865 41
10866 41
10867 123
10868 41
10869 41
10870 41
10871 14
10872 14
10873 41
10874 16
10875 16
10876 41
10877 41
10878 41
10879 14
10880 41
10881 16
10882 16
10883 25
10884 41
10885 41
10886 41
10887 41
10888 41
10889 16
10890 25
10891 25
10892 25
10893 16
10894 14
10895 114
10896 25
10897 41
10898 41
10899 41
10900 16
10901 41
10902 41
10903 14
10904 41
10905 41
10906 16
10907 16
10908 14
10909 120
10910 14
10911 16
10912 16
10913 41
10914 25
10915 41
10916 41
10917 14
10918 14
10919 41
10920 14
10921 41
10922 41
10923 14
10924 16
10925 41
10926 41
10927 16
10928 16
10929 92
10930 16
10931 16
10932 41
10933 16
10934 41
10935 41
10936 41
10937 16
10938 41
10939 41
10940 41
10941 41
10942 16
10943 14
10944 16
10945 41
10946 25
10947 14
10948 16
10949 41
10950 41
10951 16
10952 14
10953 41
10954 41
10955 16
10956 41
10957 41
10958 14
10959 25
10960 25
10961 41
10962 25
10963 25
10964 25
10965 16
10966 41
10967 14
10968 16
10969 41
10970 41
10971 16
10972 16
10973 41
10974 41
10975 14
10976 41
10977 41
10978 41
10979 41
10980 14
10981 41
10982 41
10983 14
10984 41
10985 14
10986 41
10987 41
10988 41
10989 41
10990 16
10991 41
10992 41
10993 92
10994 16
10995 41
10996 16
10997 25
10998 41
10999 25
11000 16
11001 41
11002 25
11003 103
11004 41
11005 84
11006 41
11007 25
11008 14
11009 41
11010 25
11011 41
11012 121
11013 14
11014 14
11015 41
11016 41
11017 16
11018 16
11019 25
11020 41
11021 41
11022 41
11023 41
11024 16
11025 41
11026 41
11027 41
11028 14
11029 25
11030 41
11031 25
11032 41
11033 16
11034 41
11035 16
11036 14
11037 25
11038 25
11039 41
11040 125
11041 41
11042 16
11043 41
11044 41
11045 14
11046 41
11047 14
11048 25
11049 25
11050 41
11051 14
11052 41
11053 14
11054 41
11055 41
11056 16
11057 41
11058 41
11059 41
11060 16
11061 41
11062 41
11063 14
11064 25
11065 14
11066 41
11067 41
11068 41
11069 25
11070 41
11071 25
11072 25
11073 25
11074 41
11075 41
11076 14
11077 41
11078 41
11079 41
11080 41
11081 41
11082 41
11083 92
11084 14
11085 41
11086 41
11087 41
11088 16
11089 14
11090 41
11091 14
11092 41
11093 16
11094 41
11095 126
11096 14
11097 16
11098 41
11099 7
11100 41
11101 41
11102 41
11103 16
11104 16
11105 25
11106 41
11107 14
11108 41
11109 41
11110 41
11111 1
11112 16
11113 41
11114 41
11115 41
11116 14
11117 16
11118 14
11119 41
11120 19
11121 41
11122 16
11123 41
11124 41
11125 41
11126 41
11127 14
11128 92
11129 41
11130 41
11131 14
11132 41
11133 41
11134 92
11135 25
11136 25
11137 41
11138 92
11139 41
11140 16
11141 41
11142 41
11143 41
11144 41
11145 41
11146 41
11147 14
11148 41
11149 16
11150 16
11151 16
11152 16
11153 16
11154 41
11155 41
11156 16
11157 16
11158 41
11159 41
11160 41
11161 41
11162 16
11163 41
11164 90
11165 41
11166 14
11167 16
11168 41
11169 41
11170 25
11171 41
11172 41
11173 16
11174 14
11175 25
11176 41
11177 130
11178 41
11179 25
11180 41
11181 16
11182 41
11183 25
11184 41
11185 25
11186 41
11187 41
11188 14
11189 41
11190 25
11191 41
11192 14
11193 14
11194 14
11195 41
11196 16
11197 16
11198 41
11199 41
11200 14
11201 41
11202 41
11203 25
11204 16
11205 14
11206 16
11207 41
11208 25
11209 41
11210 25
11211 41
11212 41
11213 41
11214 41
11215 16
11216 41
11217 41
11218 16
11219 15
11220 16
11221 25
11222 14
11223 41
11224 25
11225 41
11226 41
11227 41
11228 14
11229 14
11230 25
11231 114
11232 14
11233 31
11234 16
11235 14
11236 41
11237 25
11238 41
11239 41
11240 41
11241 41
11242 16
11243 41
11244 25
11245 41
11246 16
11247 25
11248 41
11249 41
11250 41
11251 41
11252 41
11253 41
11254 25
11255 14
11256 41
11257 41
11258 41
11259 16
11260 16
11261 25
11262 14
11263 41
11264 41
11265 41
11266 41
11267 41
11268 41
11269 63
11270 41
11271 25
11272 92
11273 14
11274 16
11275 14
11276 41
11277 41
11278 25
11279 25
11280 41
11281 41
11282 25
11283 14
11284 25
11285 14
11286 41
11287 41
11288 16
11289 41
11290 16
11291 41
11292 41
11293 16
11294 41
11295 41
11296 41
11297 41
11298 41
11299 41
11300 25
11301 41
11302 41
11303 14
11304 41
11305 123
11306 14
11307 41
11308 25
11309 41
11310 41
11311 41
11312 14
11313 41
11314 14
11315 41
11316 16
11317 41
11318 25
11319 41
11320 41
11321 41
11322 41
11323 41
11324 41
11325 14
11326 41
11327 41
11328 14
11329 25
11330 14
11331 41
11332 25
11333 16
11334 25
11335 25
11336 41
11337 16
11338 16
11339 16
11340 25
11341 41
11342 41
11343 41
11344 14
11345 41
11346 16
11347 41
11348 16
11349 41
11350 41
11351 16
11352 41
11353 41
11354 16
11355 41
11356 41
11357 16
11358 16
11359 41
11360 41
11361 16
11362 25
11363 25
11364 41
11365 41
11366 25
11367 16
11368 41
11369 16
11370 95
11371 14
11372 14
11373 41
11374 25
11375 41
11376 41
11377 16
11378 14
11379 41
11380 41
11381 41
11382 41
11383 41
11384 41
11385 14
11386 41
11387 41
11388 25
11389 41
11390 41
11391 41
11392 14
11393 41
11394 14
11395 16
11396 14
11397 41
11398 25
11399 41
11400 41
11401 41
11402 25
11403 41
11404 41
11405 41
11406 41
11407 25
11408 16
11409 41
11410 41
11411 16
11412 41
11413 41
11414 14
11415 1
11416 16
11417 41
11418 41
11419 41
11420 16
11421 41
11422 94
11423 14
11424 41
11425 14
11426 14
11427 41
11428 14
11429 16
11430 14
11431 25
11432 41
11433 41
11434 25
11435 41
11436 72
11437 14
11438 14
11439 41
11440 14
11441 41
11442 16
11443 16
11444 25
11445 41
11446 41
11447 41
11448 89
11449 25
11450 25
11451 41
11452 16
11453 14
11454 14
11455 89
11456 25
11457 25
11458 41
11459 16
11460 41
11461 25
11462 41
11463 41
11464 41
11465 14
11466 16
11467 92
11468 41
11469 25
11470 14
11471 41
11472 41
11473 41
11474 41
11475 25
11476 41
11477 41
11478 14
11479 14
11480 14
11481 16
11482 41
11483 16
11484 25
11485 41
11486 41
11487 16
11488 41
11489 41
11490 25
11491 41
11492 92
11493 41
11494 41
11495 41
11496 41
11497 41
11498 41
11499 41
11500 41
11501 25
11502 41
11503 14
11504 25
11505 41
11506 41
11507 16
11508 41
11509 41
11510 41
11511 41
11512 14
11513 41
11514 41
11515 16
11516 41
11517 41
11518 41
11519 25
11520 16
11521 4
11522 41
11523 16
11524 41
11525 41
11526 41
11527 14
11528 14
11529 25
11530 41
11531 25
11532 41
11533 25
11534 41
11535 41
11536 14
11537 25
11538 41
11539 16
11540 14
11541 41
11542 14
11543 14
11544 14
11545 41
11546 14
11547 41
11548 41
11549 25
11550 25
11551 25
11552 25
11553 73
11554 25
11555 41
11556 25
11557 16
11558 14
11559 25
11560 41
11561 41
11562 14
11563 16
11564 41
11565 41
11566 25
11567 16
11568 25
11569 99
11570 41
11571 41
11572 25
11573 25
11574 14
11575 41
11576 25
11577 16
11578 41
11579 16
11580 41
11581 25
11582 102
11583 41
11584 16
11585 41
11586 41
11587 41
11588 41
11589 41
11590 14
11591 41
11592 16
11593 41
11594 41
11595 16
11596 16
11597 25
11598 16
11599 41
11600 41
11601 41
11602 41
11603 25
11604 41
11605 41
11606 41
11607 1
11608 93
11609 93
11610 41
11611 16
11612 25
11613 41
11614 41
11615 14
11616 41
11617 41
11618 41
11619 16
11620 41
11621 41
11622 14
11623 41
11624 41
11625 62
11626 93
11627 41
11628 14
11629 41
11630 41
11631 25
11632 108
11633 41
11634 14
11635 41
11636 1
11637 14
11638 41
11639 14
11640 41
11641 41
11642 14
11643 41
11644 132
11645 16
11646 16
11647 41
11648 25
11649 41
11650 41
11651 41
11652 16
11653 41
11654 16
11655 41
11656 14
11657 16
11658 16
11659 14
11660 41
11661 14
11662 16
11663 16
11664 41
11665 16
11666 41
11667 16
11668 16
11669 41
11670 16
11671 16
11672 16
11673 41
11674 16
11675 41
11676 41
11677 41
11678 41
11679 41
11680 14
11681 41
11682 41
11683 41
11684 41
11685 41
11686 41
11687 41
11688 41
11689 41
11690 41
11691 41
11692 41
11693 41
11694 41
11695 25
11696 41
11697 14
11698 41
11699 1
11700 41
11701 41
11702 41
11703 41
11704 41
11705 41
11706 41
11707 41
11708 41
11709 93
11710 41
11711 41
11712 41
11713 16
11714 14
11715 25
11716 41
11717 41
11718 62
11719 41
11720 41
11721 41
11722 41
11723 16
11724 41
11725 41
11726 41
11727 41
11728 25
11729 41
11730 41
11731 14
11732 136
11733 1
11734 25
11735 14
11736 25
11737 41
11738 13
11739 13
11740 25
11741 41
11742 16
11743 41
11744 41
11745 16
11746 41
11747 41
11748 41
11749 16
11750 41
11751 16
11752 25
11753 16
11754 41
11755 41
11756 41
11757 14
11758 16
11759 41
11760 16
11761 41
11762 41
11763 16
11764 41
11765 41
11766 41
11767 25
11768 25
11769 112
11770 41
11771 41
11772 41
11773 41
11774 41
11775 16
11776 41
11777 41
11778 41
11779 14
11780 41
11781 41
11782 41
11783 14
11784 41
11785 41
11786 41
11787 25
11788 100
11789 41
11790 14
11791 14
11792 25
11793 94
11794 94
11795 25
11796 41
11797 41
11798 41
11799 25
11800 41
11801 14
11802 41
11803 14
11804 16
11805 41
11806 41
11807 16
11808 41
11809 16
11810 14
11811 41
11812 41
11813 41
11814 14
11815 25
11816 25
11817 41
11818 25
11819 25
11820 41
11821 41
11822 41
11823 25
11824 16
11825 41
11826 25
11827 16
11828 41
11829 41
11830 41
11831 25
11832 14
11833 25
11834 14
11835 41
11836 14
11837 41
11838 41
11839 16
11840 41
11841 14
11842 41
11843 41
11844 94
11845 41
11846 14
11847 16
11848 89
11849 16
11850 14
11851 25
11852 41
11853 41
11854 41
11855 41
11856 16
11857 87
11858 25
11859 41
11860 41
11861 94
11862 94
11863 16
11864 41
11865 41
11866 1
11867 41
11868 41
11869 25
11870 14
11871 16
11872 41
11873 16
11874 41
11875 41
11876 16
11877 40
11878 41
11879 14
11880 25
11881 41
11882 41
11883 41
11884 41
11885 41
11886 41
11887 25
11888 16
11889 41
11890 14
11891 41
11892 68
11893 41
11894 41
11895 14
11896 41
11897 41
11898 41
11899 25
11900 25
11901 41
11902 41
11903 41
11904 41
11905 124
11906 120
11907 41
11908 41
11909 14
11910 109
11911 41
11912 14
11913 14
11914 14
11915 14
11916 41
11917 89
11918 41
11919 25
11920 41
11921 41
11922 41
11923 41
11924 41
11925 41
11926 41
11927 41
11928 41
11929 94
11930 41
11931 41
11932 25
11933 41
11934 101
11935 25
11936 94
11937 94
11938 41
11939 25
11940 126
11941 41
11942 41
11943 41
11944 41
11945 16
11946 16
11947 41
11948 41
11949 14
11950 25
11951 16
11952 41
11953 41
11954 14
11955 41
11956 14
11957 25
11958 25
11959 41
11960 14
11961 16
11962 41
11963 41
11964 25
11965 25
11966 41
11967 41
11968 14
11969 41
11970 41
11971 16
11972 41
11973 41
11974 41
11975 14
11976 41
11977 40
11978 25
11979 14
11980 16
11981 25
11982 41
11983 16
11984 41
11985 16
11986 14
11987 41
11988 41
11989 16
11990 41
11991 25
11992 41
11993 14
11994 16
11995 25
11996 16
11997 16
11998 14
11999 40
12000 41
12001 41
12002 41
12003 14
12004 41
12005 41
